2006824018 37 1 8 1
2006826650 37 1 8 0
2006837480 37 1 8 1
2006840204 37 1 8 0
2006851556 37 1 8 1
2006854231 37 1 8 0
2006864811 37 1 8 1
2006867986 37 1 8 0
2006873453 37 1 8 1
2006877900 37 1 8 0
2006883189 37 1 8 1
2006887869 37 1 8 0
2006893423 37 1 8 1
2006897672 37 1 8 0
2006902961 37 1 8 1
2006907222 37 1 8 0
2006912432 37 1 8 1
2006916610 37 1 8 0
2006921646 37 1 8 1
2006926148 37 1 8 0
2006931694 37 1 8 1
2006936046 37 1 8 0
2006941426 37 1 8 1
2006945679 37 1 8 0
2006950276 37 1 8 1
2006955229 37 1 8 0
2006960174 37 1 8 1
2006965091 37 1 8 0
2006969601 37 1 8 1
2006974364 37 1 8 0
2006978917 37 1 8 1
2006983982 37 1 8 0
2006988440 37 1 8 1
2006993462 37 1 8 0
2006997916 37 1 8 1
2007002930 37 1 8 0
2007007633 37 1 8 1
2007012307 37 1 8 0
2007018109 37 1 8 1
2007022103 37 1 8 0
2007027478 37 1 8 1
2007031721 37 1 8 0
2007037010 37 1 8 1
2007040742 37 1 8 0
2007045777 37 1 8 1
2007049924 37 1 8 0
2007054778 37 1 8 1
2007059404 37 1 8 0
2007063328 37 1 8 1
2007068092 37 1 8 0
2007071933 37 1 8 1
2007077108 37 1 8 0
2007081447 37 1 8 1
2007086792 37 1 8 0
2007090965 37 1 8 1
2007095891 37 1 8 0
2007100230 37 1 8 1
2007104658 37 1 8 0
2007108246 37 1 8 1
2007112753 37 1 8 0
2007116262 37 1 8 1
2007120686 37 1 8 0
2007124859 37 1 8 1
2007128615 37 1 8 0
2007132373 37 1 8 1
2007136129 37 1 8 0
2007139970 37 1 8 1
2007143795 37 1 8 0
2007147838 37 1 8 1
2007151884 37 1 8 0
2007156184 37 1 8 1
2007160415 37 1 8 0
2007164711 37 1 8 1
2007168955 37 1 8 0
2007173433 37 1 8 1
2007177702 37 1 8 0
2007182085 37 1 8 1
2007186860 37 1 8 0
2007191330 37 1 8 1
2007195852 37 1 8 0
2007200389 37 1 8 1
2007206259 37 1 8 0
2007209962 37 1 8 1
2007214552 37 1 8 0
2007219536 37 1 8 1
2007223864 37 1 8 0
2007229354 37 1 8 1
2007233607 37 1 8 0
2007239437 37 1 8 1
2007243935 37 1 8 0
2007250188 37 1 8 1
2007254912 37 1 8 0
2007260752 37 1 8 1
2007265504 37 1 8 0
2007271844 37 1 8 1
2007276492 37 1 8 0
2007281836 37 1 8 1
2007285891 37 1 8 0
2007290808 37 1 8 1
2007294460 37 1 8 0
2007299199 37 1 8 1
2007302942 37 1 8 0
2007307246 37 1 8 1
2007311934 37 1 8 0
2007315977 37 1 8 1
2007319608 37 1 8 0
2007324240 37 1 8 1
2007328309 37 1 8 0
2007333028 37 1 8 1
2007337199 37 1 8 0
2007341831 37 1 8 1
2007346120 37 1 8 0
2007350748 37 1 8 1
2007355203 37 1 8 0
2007360760 37 1 8 1
2007366120 37 1 8 0
2007370491 37 1 8 1
2007375452 37 1 8 0
2007380408 37 1 8 1
2007384369 37 1 8 0
2007388898 37 1 8 1
2007392701 37 1 8 0
2007396641 37 1 8 1
2007401535 37 1 8 0
2007406234 37 1 8 1
2007409954 37 1 8 0
2007414657 37 1 8 1
2007418871 37 1 8 0
2007424669 37 1 8 1
2007428788 37 1 8 0
2007434843 37 1 8 1
2007438709 37 1 8 0
2007445096 37 1 8 1
2007448792 37 1 8 0
2007456764 37 1 8 1
2007459713 37 1 8 0
2007470377 37 1 8 1
2007472882 37 1 8 0
2007501465 37 1 8 1
2007504563 37 1 8 0
2007516132 37 1 8 1
2007519152 37 1 8 0
2007529049 37 1 8 1
2007531658 37 1 8 0
2007542219 37 1 8 1
2007545243 37 1 8 0
2007557065 37 1 8 1
2007559911 37 1 8 0
2007572132 37 1 8 1
2007574824 37 1 8 0
2007586045 37 1 8 1
2007588492 37 1 8 0
2007606164 37 1 8 1
2007608907 37 1 8 0
2007624654 37 1 8 1
2007627073 37 1 8 0
2007641136 37 1 8 1
2007643492 37 1 8 0
2007662077 37 1 8 1
2007662994 37 1 8 0
2007674207 37 1 8 1
2007676666 37 1 8 0
2007697504 37 1 8 1
2007699919 37 1 8 0
2012944482 45 1 2 1
2012949679 45 1 2 0
2012955374 45 1 2 1
2012958736 45 1 2 0
2012968491 45 1 2 1
2012971695 45 1 2 0
2012981288 45 1 2 1
2012984978 45 1 2 0
2013002371 45 1 2 1
2013005417 45 1 2 0
2013022142 45 1 2 1
2013025140 45 1 2 0
2013044393 45 1 2 1
2013047114 45 1 2 0
2013062814 45 1 2 1
2013065637 45 1 2 0
2013076351 45 1 2 1
2013079291 45 1 2 0
2013090337 45 1 2 1
2013090442 45 1 2 0
2013090772 45 1 2 1
2013093545 45 1 2 0
2013103610 45 1 2 1
2013106874 45 1 2 0
2013113934 45 1 2 1
2013117523 45 1 2 0
2013123211 45 1 2 1
2013127583 45 1 2 0
2013133528 45 1 2 1
2013136987 45 1 2 0
2013143019 45 1 2 1
2013147415 45 1 2 0
2013152336 45 1 2 1
2013156582 45 1 2 0
2013161242 45 1 2 1
2013166176 45 1 2 0
2013171010 45 1 2 1
2013175513 45 1 2 0
2013180003 45 1 2 1
2013184763 45 1 2 0
2013189340 45 1 2 1
2013193598 45 1 2 0
2013198068 45 1 2 1
2013202595 45 1 2 0
2013207128 45 1 2 1
2013211683 45 1 2 0
2013216502 45 1 2 1
2013221028 45 1 2 0
2013225854 45 1 2 1
2013230306 45 1 2 0
2013234883 45 1 2 1
2013239916 45 1 2 0
2013244058 45 1 2 1
2013248937 45 1 2 0
2013253168 45 1 2 1
2013258124 45 1 2 0
2013262444 45 1 2 1
2013267394 45 1 2 0
2013272141 45 1 2 1
2013276672 45 1 2 0
2013281415 45 1 2 1
2013285689 45 1 2 0
2013290218 45 1 2 1
2013294715 45 1 2 0
2013299584 45 1 2 1
2013304038 45 1 2 0
2013308741 45 1 2 1
2013313171 45 1 2 0
2013318036 45 1 2 1
2013322482 45 1 2 0
2013327347 45 1 2 1
2013331307 45 1 2 0
2013336006 45 1 2 1
2013340132 45 1 2 0
2013344914 45 1 2 1
2013349218 45 1 2 0
2013354253 45 1 2 1
2013358577 45 1 2 0
2013363189 45 1 2 1
2013367264 45 1 2 0
2013371963 45 1 2 1
2013376062 45 1 2 0
2013380674 45 1 2 1
2013384706 45 1 2 0
2013389488 45 1 2 1
2013393860 45 1 2 0
2013398725 45 1 2 1
2013402375 45 1 2 0
2013407576 45 1 2 1
2013411421 45 1 2 0
2013416286 45 1 2 1
2013420585 45 1 2 0
2013425703 45 1 2 1
2013429852 45 1 2 0
2013434883 45 1 2 1
2013438681 45 1 2 0
2013445317 45 1 2 1
2013448711 45 1 2 0
2013455463 45 1 2 1
2013458832 45 1 2 0
2013465411 45 1 2 1
2013468826 45 1 2 0
2013476013 45 1 2 1
2013479699 45 1 2 0
2013486190 45 1 2 1
2013489825 45 1 2 0
2013495972 45 1 2 1
2013499702 45 1 2 0
2013505936 45 1 2 1
2013509662 45 1 2 0
2013516149 45 1 2 1
2013519871 45 1 2 0
2013526453 45 1 2 1
2013530246 45 1 2 0
2013536662 45 1 2 1
2013540372 45 1 2 0
2013546258 45 1 2 1
2013551079 45 1 2 0
2013555585 45 1 2 1
2013560209 45 1 2 0
2013564355 45 1 2 1
2013569090 45 1 2 0
2013573331 45 1 2 1
2013578220 45 1 2 0
2013582378 45 1 2 1
2013591168 45 1 2 0
2013594808 45 1 2 1
2013602954 45 1 2 0
2013606507 45 1 2 1
2013614412 45 1 2 0
2013617977 45 1 2 1
2013626111 45 1 2 0
2013630166 45 1 2 1
2013635739 45 1 2 0
2013639719 45 1 2 1
2013646529 45 1 2 0
2013650422 45 1 2 1
2013655991 45 1 2 0
2013659283 45 1 2 1
2013665038 45 1 2 0
2013669098 45 1 2 1
2013674666 45 1 2 0
2013678033 45 1 2 1
2013683713 45 1 2 0
2013687768 45 1 2 1
2013692871 45 1 2 0
2013695906 45 1 2 1
2013701005 45 1 2 0
2013705066 45 1 2 1
2013711297 45 1 2 0
2013715443 45 1 2 1
2013721755 45 1 2 0
2013726415 45 1 2 1
2013732628 45 1 2 0
2013737185 45 1 2 1
2013743252 45 1 2 0
2013747208 45 1 2 1
2013752299 45 1 2 0
2013756342 45 1 2 1
2013761014 45 1 2 0
2013765567 45 1 2 1
2013770393 45 1 2 0
2013774523 45 1 2 1
2013778942 45 1 2 0
2013782894 45 1 2 1
2013787325 45 1 2 0
2013791368 45 1 2 1
2013795293 45 1 2 0
2013799332 45 1 2 1
2013803459 45 1 2 0
2013807494 45 1 2 1
2013811665 45 1 2 0
2013815364 45 1 2 1
2013819633 45 1 2 0
2013823336 45 1 2 1
2013827684 45 1 2 0
2013831383 45 1 2 1
2013835735 45 1 2 0
2013839608 45 1 2 1
2013843869 45 1 2 0
2013847738 45 1 2 1
2013852252 45 1 2 0
2013856038 45 1 2 1
2013860220 45 1 2 0
2013863919 45 1 2 1
2013868354 45 1 2 0
2013872057 45 1 2 1
2013876571 45 1 2 0
2013880867 45 1 2 1
2013885867 45 1 2 0
2013890250 45 1 2 1
2013894416 45 1 2 0
2013898542 45 1 2 1
2013902716 45 1 2 0
2013907095 45 1 2 1
2013911182 45 1 2 0
2013915391 45 1 2 1
2013919565 45 1 2 0
2013924031 45 1 2 1
2013928114 45 1 2 0
2013932410 45 1 2 1
2013936248 45 1 2 0
2013940283 45 1 2 1
2013944299 45 1 2 0
2013948591 45 1 2 1
2013952848 45 1 2 0
2013957192 45 1 2 1
2013961148 45 1 2 0
2013965402 45 1 2 1
2013969448 45 1 2 0
2013973792 45 1 2 1
2013977831 45 1 2 0
2013981878 45 1 2 1
2013985882 45 1 2 0
2013990182 45 1 2 1
2013993933 45 1 2 0
2013998581 45 1 2 1
2014002482 45 1 2 0
2014007130 45 1 2 1
2014011197 45 1 2 0
2014015667 45 1 2 1
2014020082 45 1 2 0
2014024291 45 1 2 1
2014029125 45 1 2 0
2014033164 45 1 2 1
2014037923 45 1 2 0
2014043160 45 1 2 1
2014048381 45 1 2 0
2014054041 45 1 2 1
2014058590 45 1 2 0
2014064416 45 1 2 1
2014069048 45 1 2 0
2014075214 45 1 2 1
2014080336 45 1 2 0
2014086087 45 1 2 1
2014091043 45 1 2 0
2014096553 45 1 2 1
2014101335 45 1 2 0
2014106976 45 1 2 1
2014111461 45 1 2 0
2014117339 45 1 2 1
2014122002 45 1 2 0
2014127963 45 1 2 1
2014132958 45 1 2 0
2014138670 45 1 2 1
2014142669 45 1 2 0
2014369632 45 1 2 1
2014371085 45 1 2 0
2014954993 45 1 2 1
2014958626 45 1 2 0
2014964862 45 1 2 1
2014968337 45 1 2 0
2014974395 45 1 2 1
2014977965 45 1 2 0
2014983837 45 1 2 1
2014987344 45 1 2 0
2014993398 45 1 2 1
2014996972 45 1 2 0
2015002951 45 1 2 1
2015006434 45 1 2 0
2015013023 45 1 2 1
2015016726 45 1 2 0
2015022921 45 1 2 1
2015026354 45 1 2 0
2015031899 45 1 2 1
2015035675 45 1 2 0
2015041576 45 1 2 1
2015045361 45 1 2 0
2015051009 45 1 2 1
2015054740 45 1 2 0
2015060558 45 1 2 1
2015064368 45 1 2 0
2015070356 45 1 2 1
2015074411 45 1 2 0
2015081079 45 1 2 1
2015084537 45 1 2 0
2015089675 45 1 2 1
2015093667 45 1 2 0
2015098533 45 1 2 1
2015102548 45 1 2 0
2015107180 45 1 2 1
2015111678 45 1 2 0
2015116302 45 1 2 1
2015121498 45 1 2 0
2015125944 45 1 2 1
2015130940 45 1 2 0
2015135050 45 1 2 1
2015139449 45 1 2 0
2015144314 45 1 2 1
2015148858 45 1 2 0
2015153644 45 1 2 1
2015158053 45 1 2 0
2015162432 45 1 2 1
2015167313 45 1 2 0
2015171609 45 1 2 1
2015176616 45 1 2 0
2015180809 45 1 2 1
2015185540 45 1 2 0
2015190575 45 1 2 1
2015194294 45 1 2 0
2015200175 45 1 2 1
2015203736 45 1 2 0
2015209783 45 1 2 1
2015213502 45 1 2 0
2015222722 45 1 2 1
2015225104 45 1 2 0
2015317840 45 1 2 1
2015320429 45 1 2 0
2015337866 45 1 2 1
2015340285 45 1 2 0
2015353870 45 1 2 1
2015356617 45 1 2 0
2015369233 45 1 2 1
2015371976 45 1 2 0
2015384596 45 1 2 1
2015387351 45 1 2 0
2015404839 45 1 2 1
2015407460 45 1 2 0
2015439398 45 1 2 1
2015441779 45 1 2 0
2018383532 18 0 1 1
2018388595 18 0 1 0
2018392662 18 0 1 1
2018397974 18 0 1 0
2018401828 18 0 1 1
2018406892 18 0 1 0
2018410922 18 0 1 1
2018416022 18 0 1 0
2018419962 18 0 1 1
2018425198 18 0 1 0
2018429151 18 0 1 1
2018434328 18 0 1 0
2018438455 18 0 1 1
2018443578 18 0 1 0
2018447447 18 0 1 1
2018452542 18 0 1 0
2018456572 18 0 1 1
2018461801 18 0 1 0
2018466117 18 0 1 1
2018471134 18 0 1 0
2018475330 18 0 1 1
2018480393 18 0 1 0
2018484362 18 0 1 1
2018489477 18 0 1 0
2018493433 18 0 1 1
2018498570 18 0 1 0
2018502720 18 0 1 1
2018507903 18 0 1 0
2018512016 18 0 1 1
2018517365 18 0 1 0
2018521491 18 0 1 1
2018526624 18 0 1 0
2018530691 18 0 1 1
2018535671 18 0 1 0
2018539723 18 0 1 1
2018544755 18 0 1 0
2018549221 18 0 1 1
2018552520 18 0 1 0
2018560134 18 0 1 1
2018563436 18 0 1 0
2018571195 18 0 1 1
2018574475 18 0 1 0
2018582317 18 0 1 1
2018585637 18 0 1 0
2018593528 18 0 1 1
2018596759 18 0 1 0
2018604444 18 0 1 1
2018607758 18 0 1 0
2018615316 18 0 1 1
2018618548 18 0 1 0
2018626105 18 0 1 1
2018629338 18 0 1 0
2018636895 18 0 1 1
2018640128 18 0 1 0
2018647602 18 0 1 1
2018650918 18 0 1 0
2018658392 18 0 1 1
2018661708 18 0 1 0
2018669435 18 0 1 1
2018672664 18 0 1 0
2018680391 18 0 1 1
2018683677 18 0 1 0
2018691152 18 0 1 1
2018694443 18 0 1 0
2018702341 18 0 1 1
2018705532 18 0 1 0
2018713215 18 0 1 1
2018716571 18 0 1 0
2018723792 18 0 1 1
2018727017 18 0 1 0
2028010777 18 0 1 1
2028016260 18 0 1 0
2028020006 18 0 1 1
2028025838 18 0 1 0
2028029667 18 0 1 1
2028035333 18 0 1 0
2028039079 18 0 1 1
2028044662 18 0 1 0
2028048439 18 0 1 1
2028053875 18 0 1 0
2028058017 18 0 1 1
2028063237 18 0 1 0
2028067226 18 0 1 1
2028072512 18 0 1 0
2028076568 18 0 1 1
2028081973 18 0 1 0
2028085728 18 0 1 1
2028091712 18 0 1 0
2028095375 18 0 1 1
2028101484 18 0 1 0
2028105396 18 0 1 1
2028111090 18 0 1 0
2028115002 18 0 1 1
2028120356 18 0 1 0
2028124517 18 0 1 1
2028130049 18 0 1 0
2028133878 18 0 1 1
2028139402 18 0 1 0
2028143397 18 0 1 1
2028148751 18 0 1 0
2028152663 18 0 1 1
2028158149 18 0 1 0
2028161978 18 0 1 1
2028167318 18 0 1 0
2028171064 18 0 1 1
2028176396 18 0 1 0
2028180225 18 0 1 1
2028185565 18 0 1 0
2028189311 18 0 1 1
2028194738 18 0 1 0
2028198650 18 0 1 1
2028204077 18 0 1 0
2028207823 18 0 1 1
2028213242 18 0 1 0
2028217237 18 0 1 1
2028222498 18 0 1 0
2028226161 18 0 1 1
2028231584 18 0 1 0
2028235579 18 0 1 1
2028241006 18 0 1 0
2028244835 18 0 1 1
2028250262 18 0 1 0
2028253759 18 0 1 1
2028259019 18 0 1 0
2028263097 18 0 1 1
2028268323 18 0 1 0
2028272401 18 0 1 1
2028277702 18 0 1 0
2028281780 18 0 1 1
2028286915 18 0 1 0
2028290827 18 0 1 1
2028295962 18 0 1 0
2028299874 18 0 1 1
2028303349 18 0 1 0
