2001890629 40 1 2 1
2001893703 42 1 2 1
2001895307 40 1 2 0
2001898320 42 1 2 0
2001899986 40 1 2 1
2001902565 42 1 2 1
2001904777 40 1 2 0
2001907015 42 1 2 0
2001909456 40 1 2 1
2001911177 42 1 2 1
2001914271 40 1 2 0
2001915738 42 1 2 0
2001918697 40 1 2 1
2001920169 42 1 2 1
2001923421 40 1 2 0
2001924714 42 1 2 0
2001927851 40 1 2 1
2001929141 42 1 2 1
2001932571 40 1 2 0
2001933694 42 1 2 0
2001937001 40 1 2 1
2001938177 42 1 2 1
2001941721 40 1 2 0
2001942500 42 1 2 0
2001946147 40 1 2 1
2001946979 42 1 2 1
2001950871 40 1 2 0
2001951389 42 1 2 0
2001955297 40 1 2 1
2001955959 42 1 2 1
2001959934 40 1 2 0
2001960365 42 1 2 0
2001964361 40 1 2 1
2001964844 42 1 2 1
2001969084 40 1 2 0
2001969345 42 1 2 0
2001973514 40 1 2 1
2001974002 42 1 2 1
2001978246 40 1 2 0
2001978507 42 1 2 0
2001982672 40 1 2 1
2001983172 42 1 2 1
2001987416 40 1 2 0
2001987673 42 1 2 0
2001991842 40 1 2 1
2001992294 42 1 2 1
2001996582 40 1 2 0
2001996756 42 1 2 0
2002001091 40 1 2 1
2002001243 42 1 2 1
2002005748 42 1 2 0
2002005835 40 1 2 0
2002010261 40 1 2 1
2002010413 42 1 2 1
2002014894 42 1 2 0
2002014981 40 1 2 0
2002019373 42 1 2 1
2002019411 40 1 2 1
2002023716 42 1 2 0
2002024147 40 1 2 0
2002028381 42 1 2 1
2002028407 40 1 2 1
2002032882 42 1 2 0
2002032965 40 1 2 0
2002037365 42 1 2 1
2002037395 40 1 2 1
2002041708 42 1 2 0
2002042139 40 1 2 0
2002046369 42 1 2 1
2002046399 40 1 2 1
2002050886 42 1 2 0
2002050973 40 1 2 0
2002055373 42 1 2 1
2002055403 40 1 2 1
2002059799 42 1 2 0
2002060056 40 1 2 0
2002064369 42 1 2 1
2002064399 40 1 2 1
2002068795 42 1 2 0
2002069052 40 1 2 0
2002073373 42 1 2 1
2002073395 40 1 2 1
2002077095 42 1 2 0
2002078910 40 1 2 0
2002082083 40 1 2 1
2002083714 42 1 2 1
2002087044 42 1 2 0
2002088776 40 1 2 0
2002092334 42 1 2 1
2002092953 40 1 2 1
2002096914 42 1 2 0
2002097523 40 1 2 0
2002101492 42 1 2 1
2002101866 40 1 2 1
2002106004 42 1 2 0
2002106253 40 1 2 0
2002110648 42 1 2 1
2002110679 40 1 2 1
2002114968 40 1 2 0
2002115217 42 1 2 0
2002119560 40 1 2 1
2002119691 42 1 2 1
2002124015 40 1 2 0
2002124098 42 1 2 0
2002128568 42 1 2 1
2002128607 40 1 2 1
2002132979 42 1 2 0
2002133062 40 1 2 0
2002137990 40 1 2 1
2002142441 40 1 2 0
2002146871 40 1 2 1
2002148174 42 1 2 1
2002151322 40 1 2 0
2002152401 42 1 2 0
2002155997 40 1 2 1
2002156614 42 1 2 1
2002160679 40 1 2 0
2002161193 42 1 2 0
2002165188 40 1 2 1
2002165580 42 1 2 1
2002169725 40 1 2 0
2002170148 42 1 2 0
2002174238 40 1 2 1
2002174448 42 1 2 1
2002178767 40 1 2 0
2002179024 42 1 2 0
2002183193 40 1 2 1
2002183411 42 1 2 1
2002187730 40 1 2 0
2002187983 42 1 2 0
2002192243 40 1 2 1
2002192283 42 1 2 1
2002196800 42 1 2 0
2002196891 40 1 2 0
2002201234 40 1 2 1
2002201270 42 1 2 1
2002205633 40 1 2 0
2002206064 42 1 2 0
2002210146 40 1 2 1
2002210364 42 1 2 1
2002214774 40 1 2 0
2002214861 42 1 2 0
2002219200 40 1 2 1
2002219248 42 1 2 1
2002223650 40 1 2 0
2002223907 42 1 2 0
2002228163 40 1 2 1
2002228207 42 1 2 1
2002232696 40 1 2 0
2002232779 42 1 2 0
2002237122 40 1 2 1
2002237166 42 1 2 1
2002241651 40 1 2 0
2002241738 42 1 2 0
2002245579 40 1 2 1
2002245698 42 1 2 1
2002250675 40 1 2 0
2002251114 42 1 2 0
2002254655 40 1 2 1
2002254975 42 1 2 1
2002259922 40 1 2 0
2002260361 42 1 2 0
2002263997 40 1 2 1
2002264139 42 1 2 1
2002269248 42 1 2 0
2002269347 40 1 2 0
2002273026 42 1 2 1
2002273422 40 1 2 1
2002278412 42 1 2 0
2002278499 40 1 2 0
2002282190 42 1 2 1
2002282570 40 1 2 1
2002287489 42 1 2 0
2002287928 40 1 2 0
2002291346 42 1 2 1
2002291999 40 1 2 1
2002296827 42 1 2 0
2002297266 40 1 2 0
2002300771 42 1 2 1
2002301337 40 1 2 1
2002303697 40 1 2 0
2002305900 42 1 2 0
2002310014 42 1 2 1
2002314708 42 1 2 0
2002318905 42 1 2 1
2002323781 42 1 2 0
2002327978 42 1 2 1
2002332771 42 1 2 0
2002336877 42 1 2 1
2002341761 42 1 2 0
2002346041 42 1 2 1
2002350482 42 1 2 0
2002355435 42 1 2 1
2002359804 42 1 2 0
2002364583 42 1 2 1
2002368782 42 1 2 0
2002373569 42 1 2 1
2002377970 42 1 2 0
2002382753 42 1 2 1
2002386893 42 1 2 0
2002391676 42 1 2 1
2002396215 42 1 2 0
2002400476 42 1 2 1
2002404857 42 1 2 0
2002409292 42 1 2 1
2002413744 42 1 2 0
2002418373 42 1 2 1
2002422844 42 1 2 0
2002427299 42 1 2 1
2002431606 42 1 2 0
2002436532 42 1 2 1
2002440712 42 1 2 0
2002447248 42 1 2 1
2002452359 42 1 2 0
2002457479 42 1 2 1
2002461803 42 1 2 0
2002466922 42 1 2 1
2002471195 42 1 2 0
2002476484 42 1 2 1
2002480804 42 1 2 0
2002485832 42 1 2 1
2002490065 42 1 2 0
2002495176 42 1 2 1
2002499409 42 1 2 0
2002504607 42 1 2 1
2002508839 42 1 2 0
2002513776 42 1 2 1
2002517946 42 1 2 0
2002522887 42 1 2 1
2002526929 42 1 2 0
2002531803 42 1 2 1
2002535845 42 1 2 0
2002540897 42 1 2 1
2002544998 42 1 2 0
2002550675 42 1 2 1
2002554460 42 1 2 0
2002559755 42 1 2 1
2002563590 42 1 2 0
2002569192 42 1 2 1
2002572886 42 1 2 0
2002577910 42 1 2 1
2002581850 42 1 2 0
2002586803 42 1 2 1
2002590316 42 1 2 0
2002595269 42 1 2 1
2002599114 42 1 2 0
2002604241 42 1 2 1
2002607912 42 1 2 0
2002612873 42 1 2 1
2002616710 42 1 2 0
2002621837 42 1 2 1
2002624678 42 1 2 0
2002630155 42 1 2 1
2002632729 42 1 2 0
2002639422 42 1 2 1
2002643353 42 1 2 0
2002648480 42 1 2 1
2002652483 42 1 2 0
2004180656 44 1 1 1
2004185514 44 1 1 0
2004189926 44 1 1 1
2004194674 44 1 1 0
2004199086 44 1 1 1
2004204008 44 1 1 0
2004208440 44 1 1 1
2004213225 44 1 1 0
2004217661 44 1 1 1
2004222502 44 1 1 0
2004227306 44 1 1 1
2004231734 44 1 1 0
2004236617 44 1 1 1
2004241196 44 1 1 0
2004246083 44 1 1 1
2004250380 44 1 1 0
2004255364 44 1 1 1
2004259842 44 1 1 0
2004264826 44 1 1 1
2004268810 44 1 1 0
2004274616 44 1 1 1
2004278463 44 1 1 0
2004283623 44 1 1 1
2004287427 44 1 1 0
2004294536 44 1 1 1
2004299213 44 1 1 0
2004304330 44 1 1 1
2004309144 44 1 1 0
2004314788 44 1 1 1
2004318156 44 1 1 0
2004325306 44 1 1 1
2004328780 44 1 1 0
2004335748 44 1 1 1
2004339190 44 1 1 0
2004346514 44 1 1 1
2004349980 44 1 1 0
2004357486 44 1 1 1
2004360936 44 1 1 0
2004368082 44 1 1 1
2004371560 44 1 1 0
2004378884 44 1 1 1
2004382398 44 1 1 0
2004389654 44 1 1 1
2004393306 44 1 1 0
2004398784 44 1 1 1
2004402768 44 1 1 0
2004408420 44 1 1 1
2004412396 44 1 1 0
2004418040 44 1 1 1
2004422024 44 1 1 0
2004427502 44 1 1 1
2004431652 44 1 1 0
2004437296 44 1 1 1
2004441280 44 1 1 0
2004446924 44 1 1 1
2004450908 44 1 1 0
2004456386 44 1 1 1
2004460536 44 1 1 0
2004466036 44 1 1 1
2004469998 44 1 1 0
2004475316 44 1 1 1
2004479294 44 1 1 0
2004484794 44 1 1 1
2004488756 44 1 1 0
2004494078 44 1 1 1
2004498052 44 1 1 0
2004503544 44 1 1 1
2004507514 44 1 1 0
2004512836 44 1 1 1
2004516810 44 1 1 0
2004522314 44 1 1 1
2004526272 44 1 1 0
2004531590 44 1 1 1
2004535568 44 1 1 0
2004541072 44 1 1 1
2004545030 44 1 1 0
2004550348 44 1 1 1
2004554326 44 1 1 0
2004559818 44 1 1 1
2004563788 44 1 1 0
2004569266 44 1 1 1
2004573298 44 1 1 0
2004578976 44 1 1 1
2004582546 44 1 1 0
2006754454 37 1 8 1
2006763129 37 1 8 0
2006766556 37 1 8 1
2006775199 37 1 8 0
2006778539 37 1 8 1
2006787265 37 1 8 0
2006790688 37 1 8 1
2006801696 37 1 8 0
2006805218 37 1 8 1
2006813319 37 1 8 0
2006816659 37 1 8 1
2006824910 37 1 8 0
2006828214 37 1 8 1
2006836260 37 1 8 0
2006839568 37 1 8 1
2006848034 37 1 8 0
2006851457 37 1 8 1
2006860580 37 1 8 0
2006864097 37 1 8 1
2006875055 37 1 8 0
2006878442 37 1 8 1
2006890881 37 1 8 0
2006893991 37 1 8 1
2006907307 37 1 8 0
2006910836 37 1 8 1
2006920203 37 1 8 0
2006923649 37 1 8 1
2006931982 37 1 8 0
2006935353 37 1 8 1
2006944165 37 1 8 0
2006947536 37 1 8 1
2006956435 37 1 8 0
2006959806 37 1 8 1
2006968523 37 1 8 0
2006971890 37 1 8 1
2006980694 37 1 8 0
2006984148 37 1 8 1
2006992786 37 1 8 0
2006996153 37 1 8 1
2007004961 37 1 8 0
2007008415 37 1 8 1
2007016013 37 1 8 0
2007019388 37 1 8 1
2007027089 37 1 8 0
2007030605 37 1 8 1
2007038616 37 1 8 0
2007042078 37 1 8 1
2007050299 37 1 8 0
2007053568 37 1 8 1
2007064432 37 1 8 0
2007068325 37 1 8 1
2007080776 37 1 8 0
2007084412 37 1 8 1
2007096825 37 1 8 0
2007100461 37 1 8 1
2007112686 37 1 8 0
2007116322 37 1 8 1
2007128642 37 1 8 0
2007132278 37 1 8 1
2007141823 37 1 8 0
2007145894 37 1 8 1
2007151796 37 1 8 0
2007155697 37 1 8 1
2007161110 37 1 8 0
2007164999 37 1 8 1
2007170356 37 1 8 0
2007174245 37 1 8 1
2007179754 37 1 8 0
2007183817 37 1 8 1
2007189520 37 1 8 0
2007193496 37 1 8 1
2007199175 37 1 8 0
2007203230 37 1 8 1
2007208628 37 1 8 0
2007212426 37 1 8 1
2007217820 37 1 8 0
2007221784 37 1 8 1
2007226641 37 1 8 0
2007230862 37 1 8 1
2007235887 37 1 8 0
2007240017 37 1 8 1
2007244928 37 1 8 0
2007249141 37 1 8 1
2007253989 37 1 8 0
2007258115 37 1 8 1
2007263038 37 1 8 0
2007267164 37 1 8 1
2007272178 37 1 8 0
2007276387 37 1 8 1
2007281219 37 1 8 0
2007285507 37 1 8 1
2007290256 37 1 8 0
2007294714 37 1 8 1
2007299451 37 1 8 0
2007303786 37 1 8 1
2007308668 37 1 8 0
2007312920 37 1 8 1
2007317762 37 1 8 0
2007322014 37 1 8 1
2007326951 37 1 8 0
2007331452 37 1 8 1
2007336509 37 1 8 0
2007340840 37 1 8 1
2007345655 37 1 8 0
2007349990 37 1 8 1
2007355062 37 1 8 0
2007359397 37 1 8 1
2007364382 37 1 8 0
2007368883 37 1 8 1
2007373963 37 1 8 0
2007378381 37 1 8 1
2007383283 37 1 8 0
2007387535 37 1 8 1
2007392350 37 1 8 0
2007396602 37 1 8 1
2007401492 37 1 8 0
2007406076 37 1 8 1
2007410899 37 1 8 0
2007415400 37 1 8 1
2007420219 37 1 8 0
2007424554 37 1 8 1
2007429373 37 1 8 0
2007433791 37 1 8 1
2007438618 37 1 8 0
2007443119 37 1 8 1
2007447946 37 1 8 0
2007452281 37 1 8 1
2007457100 37 1 8 0
2007461518 37 1 8 1
2007466428 37 1 8 0
2007471012 37 1 8 1
2007475669 37 1 8 0
2007483253 37 1 8 1
2007486464 37 1 8 0
2007494467 37 1 8 1
2007497686 37 1 8 0
2007505602 37 1 8 1
2007508746 37 1 8 0
2007517745 37 1 8 1
2007522914 37 1 8 0
2007526585 37 1 8 1
2007529917 37 1 8 0
2007533339 37 1 8 1
2007536651 37 1 8 0
2007540069 37 1 8 1
2007543911 37 1 8 0
2007548661 37 1 8 1
2007553326 37 1 8 0
2007558827 37 1 8 1
2007561974 37 1 8 0
2007566305 37 1 8 1
2007569317 37 1 8 0
2007573984 37 1 8 1
2007578653 37 1 8 0
2007583652 37 1 8 1
2007590148 37 1 8 0
2007593736 37 1 8 1
2007597090 37 1 8 0
2007602923 37 1 8 1
2007606861 37 1 8 0
2007613441 37 1 8 1
2007617494 37 1 8 0
2007624580 37 1 8 1
2007628467 37 1 8 0
2007636383 37 1 8 1
2007640239 37 1 8 0
2007647653 37 1 8 1
2007651187 37 1 8 0
2010489913 43 1 4 1
2010495063 43 1 4 0
2010498892 43 1 4 1
2010503836 43 1 4 0
2010507997 43 1 4 1
2010512858 43 1 4 0
2010516936 43 1 4 1
2010521635 43 1 4 0
2010526128 43 1 4 1
2010530736 43 1 4 0
2010535063 43 1 4 1
2010539667 43 1 4 0
2010959157 13 0 1 1
2010964176 13 0 1 0
2010969337 13 0 1 1
2010974190 13 0 1 0
2010979351 13 0 1 1
2010984465 13 0 1 0
2010989124 13 0 1 1
2010994653 13 0 1 0
2010999142 13 0 1 1
2011004671 13 0 1 0
2011009185 13 0 1 1
2011014252 13 0 1 0
2011018545 13 0 1 1
2011024405 13 0 1 0
2011027910 13 0 1 1
2011034863 13 0 1 0
2011038538 13 0 1 1
2011045238 13 0 1 0
2011048826 13 0 1 1
2011055613 13 0 1 0
2011059219 13 0 1 1
2011066154 13 0 1 0
2011069916 13 0 1 1
2011076695 13 0 1 0
2011081192 13 0 1 1
2011087900 13 0 1 0
2011092899 13 0 1 1
2011097330 13 0 1 0
2011102246 13 0 1 1
2011106568 13 0 1 0
2011111659 13 0 1 1
2011115756 13 0 1 0
2011120755 13 0 1 1
2011125135 13 0 1 0
2011130300 13 0 1 1
2011134680 13 0 1 0
2011139762 13 0 1 1
2011144059 13 0 1 0
2011149058 13 0 1 1
2011153272 13 0 1 0
2011158271 13 0 1 1
2011162651 13 0 1 0
2011167816 13 0 1 1
2011172196 13 0 1 0
2011177274 13 0 1 1
2011181458 13 0 1 0
2011186454 13 0 1 1
2011190539 13 0 1 0
2011195451 13 0 1 1
2011199669 13 0 1 0
2011204842 13 0 1 1
2011209214 13 0 1 0
2011213628 13 0 1 1
2011218510 13 0 1 0
2011223007 13 0 1 1
2011227889 13 0 1 0
2014411764 37 1 6 1
2014416064 37 1 6 0
2014419265 37 1 6 1
2014427439 37 1 6 0
2014430640 37 1 6 1
2014439067 37 1 6 0
2014442185 37 1 6 1
2014450276 37 1 6 0
2014453394 37 1 6 1
2014461398 37 1 6 0
2014464433 37 1 6 1
2014480164 37 1 6 0
2014482907 37 1 6 1
2014499362 37 1 6 0
2014501931 37 1 6 1
2014519932 37 1 6 0
2014522505 37 1 6 1
2014541025 37 1 6 0
2014543686 37 1 6 1
2014561383 37 1 6 0
2014564218 37 1 6 1
2014572530 37 1 6 0
2014575878 37 1 6 1
2014582401 37 1 6 0
2014586176 37 1 6 1
2014592359 37 1 6 0
2014596209 37 1 6 1
2014602221 37 1 6 0
2014605865 37 1 6 1
2014611586 37 1 6 0
2014615326 37 1 6 1
2014621098 37 1 6 0
2014624964 37 1 6 1
2014631226 37 1 6 0
2014635258 37 1 6 1
2014641350 37 1 6 0
2014645212 37 1 6 1
2014651217 37 1 6 0
2014655079 37 1 6 1
2014661428 37 1 6 0
2014665464 37 1 6 1
2014671469 37 1 6 0
2014675418 37 1 6 1
2014681593 37 1 6 0
2014685542 37 1 6 1
2014691464 37 1 6 0
2014695326 37 1 6 1
2014701331 37 1 6 0
2014705280 37 1 6 1
2014711198 37 1 6 0
2014715147 37 1 6 1
2014721239 37 1 6 0
2014725354 37 1 6 1
2014731450 37 1 6 0
2014735569 37 1 6 1
2014741404 37 1 6 0
2014745436 37 1 6 1
2014751615 37 1 6 0
2014755904 37 1 6 1
2014762083 37 1 6 0
2014766202 37 1 6 1
2014772294 37 1 6 0
2014776521 37 1 6 1
2014782269 37 1 6 0
2014786649 37 1 6 1
2014792563 37 1 6 0
2014796860 37 1 6 1
2014802525 37 1 6 0
2014806723 37 1 6 1
2014812562 37 1 6 0
2014816851 37 1 6 1
2014822860 37 1 6 0
2014827125 37 1 6 1
2014832952 37 1 6 0
2014837328 37 1 6 1
2014843250 37 1 6 0
2014847630 37 1 6 1
2014853801 37 1 6 0
2014858264 37 1 6 1
2014864020 37 1 6 0
2014868285 37 1 6 1
2014874120 37 1 6 0
2014878326 37 1 6 1
2014884244 37 1 6 0
2014888193 37 1 6 1
2014894625 37 1 6 0
2014898491 37 1 6 1
2014905002 37 1 6 0
2014908860 37 1 6 1
2014915383 37 1 6 0
2014919241 37 1 6 1
2014925424 37 1 6 0
2014929112 37 1 6 1
2014935548 37 1 6 0
2014939323 37 1 6 1
2014945415 37 1 6 0
2014949103 37 1 6 1
2014955456 37 1 6 0
2014959231 37 1 6 1
2014965667 37 1 6 0
2014969442 37 1 6 1
2014973822 37 1 6 0
2014978625 37 1 6 1
2014984290 37 1 6 0
2014987978 37 1 6 1
2014994501 37 1 6 0
2014998272 37 1 6 1
2015004621 37 1 6 0
2015008230 37 1 6 1
2015014148 37 1 6 0
2015017666 37 1 6 1
2015023758 37 1 6 0
2015027450 37 1 6 1
2015033607 37 1 6 0
2015037345 37 1 6 1
2015043324 37 1 6 0
2015047145 37 1 6 1
2015053539 37 1 6 0
2015057277 37 1 6 1
2015063505 37 1 6 0
2015074687 37 1 6 1
2015081240 37 1 6 0
2015084978 37 1 6 1
2015091206 37 1 6 0
2015094861 37 1 6 1
2015100508 37 1 6 0
2015104744 37 1 6 1
2015109395 37 1 6 0
2015113631 37 1 6 1
2015118394 37 1 6 0
2015122762 37 1 6 1
2015127735 37 1 6 0
2015132273 37 1 6 1
2015137155 37 1 6 0
2015141440 37 1 6 1
2015147524 37 1 6 0
2015151378 37 1 6 1
2015158466 37 1 6 0
2015161865 37 1 6 1
2015168660 37 1 6 0
2015172063 37 1 6 1
2015178609 37 1 6 0
2015182020 37 1 6 1
2015188254 37 1 6 0
2015191582 37 1 6 1
2015201734 37 1 6 0
2015205149 37 1 6 1
2015221897 37 1 6 0
2015225386 37 1 6 1
2015244562 37 1 6 0
2015248300 37 1 6 1
2015267891 37 1 6 0
2015271629 37 1 6 1
2015290390 37 1 6 0
2015294377 37 1 6 1
2015304340 37 1 6 0
2015308244 37 1 6 1
2015313227 37 1 6 0
2015317297 37 1 6 1
2015321948 37 1 6 0
2015326184 37 1 6 1
2015330337 37 1 6 0
2015334573 37 1 6 1
2015338726 37 1 6 0
2015343045 37 1 6 1
2015347281 37 1 6 0
2015351600 37 1 6 1
2015355919 37 1 6 0
2015360487 37 1 6 1
2015364972 37 1 6 0
2015369374 37 1 6 1
2015373610 37 1 6 0
2015378095 37 1 6 1
2015382497 37 1 6 0
2015387148 37 1 6 1
2015391633 37 1 6 0
2015396118 37 1 6 1
2015400520 37 1 6 0
2015405088 37 1 6 1
2015409324 37 1 6 0
2015413809 37 1 6 1
2015418045 37 1 6 0
2015422613 37 1 6 1
2015427015 37 1 6 0
2015431002 37 1 6 1
2015436649 37 1 6 0
2015440138 37 1 6 1
2015446449 37 1 6 0
2015449689 37 1 6 1
2015455419 37 1 6 0
2015458493 37 1 6 1
2015464223 37 1 6 0
2015467712 37 1 6 1
2015473857 37 1 6 0
2015477097 37 1 6 1
2015481914 37 1 6 0
2015485237 37 1 6 1
2015489307 37 1 6 0
2015492796 37 1 6 1
2015497115 37 1 6 0
2015500521 37 1 6 1
2015504674 37 1 6 0
2015507914 37 1 6 1
2015512067 37 1 6 0
2015515390 37 1 6 1
2015519792 37 1 6 0
2015523198 37 1 6 1
2015527268 37 1 6 0
2015530923 37 1 6 1
2015534993 37 1 6 0
2015538648 37 1 6 1
2015542718 37 1 6 0
2015546456 37 1 6 1
2015550443 37 1 6 0
2015554098 37 1 6 1
2015558085 37 1 6 0
2015561562 37 1 6 1
2015565466 37 1 6 0
2015568955 37 1 6 1
2015573191 37 1 6 0
2015576431 37 1 6 1
2015580584 37 1 6 0
2015583824 37 1 6 1
2015587811 37 1 6 0
2015591134 37 1 6 1
2015595204 37 1 6 0
2015598278 37 1 6 1
2015602182 37 1 6 0
2015605422 37 1 6 1
2015609492 37 1 6 0
2015612649 37 1 6 1
2015616636 37 1 6 0
2015619793 37 1 6 1
2015623780 37 1 6 0
2015627352 37 1 6 1
2015631007 37 1 6 0
2015634750 37 1 6 1
2015638820 37 1 6 0
2015641977 37 1 6 1
2015645798 37 1 6 0
2015649038 37 1 6 1
2015653108 37 1 6 0
2015656182 37 1 6 1
2015659920 37 1 6 0
2015662911 37 1 6 1
2015666732 37 1 6 0
2015669889 37 1 6 1
2015673710 37 1 6 0
2015677033 37 1 6 1
2015680439 37 1 6 0
2015683430 37 1 6 1
2015688081 37 1 6 0
2015691238 37 1 6 1
2015696802 37 1 6 0
2015702449 37 1 6 1
2015707847 37 1 6 0
2015711087 37 1 6 1
2015715157 37 1 6 0
2015718231 37 1 6 1
2015721969 37 1 6 0
2015725541 37 1 6 1
2015728864 37 1 6 0
2015732768 37 1 6 1
2015736174 37 1 6 0
2016682258 32 1 7 1
2016689063 32 1 7 0
2016692394 32 1 7 1
2016699245 32 1 7 0
2016702410 32 1 7 1
2016709233 32 1 7 0
2016712813 32 1 7 1
2016719411 32 1 7 0
2016722825 32 1 7 1
2016729251 32 1 7 0
2016732748 32 1 7 1
2016739004 32 1 7 0
2016742418 32 1 7 1
2016748824 32 1 7 0
2016752321 32 1 7 1
2016758913 32 1 7 0
2016762410 32 1 7 1
2016768911 32 1 7 0
2016772408 32 1 7 1
2016778802 32 1 7 0
2016782216 32 1 7 1
2016788764 32 1 7 0
2016792344 32 1 7 1
2016799984 32 1 7 0
2016803232 32 1 7 1
2016810832 32 1 7 0
2016814080 32 1 7 1
2016821676 32 1 7 0
2016825090 32 1 7 1
2016831567 32 1 7 0
2016835645 32 1 7 1
2016841130 32 1 7 0
2016844710 32 1 7 1
2016851741 32 1 7 0
2016855155 32 1 7 1
2016862004 32 1 7 0
2016865252 32 1 7 1
2016872057 32 1 7 0
2016875554 32 1 7 1
2016882347 32 1 7 0
2016885595 32 1 7 1
2016892273 32 1 7 0
2016895770 32 1 7 1
2016902535 32 1 7 0
2016905981 32 1 7 1
2016913335 32 1 7 0
2016916832 32 1 7 1
2016923601 32 1 7 0
2016927063 32 1 7 1
2016933952 32 1 7 0
2016937355 32 1 7 1
2016944165 32 1 7 0
2016947579 32 1 7 1
2016954569 32 1 7 0
2016957900 32 1 7 1
2016964253 32 1 7 0
2016968314 32 1 7 1
2016975064 32 1 7 0
2016978478 32 1 7 1
2016985495 32 1 7 0
2016989064 32 1 7 1
2016996080 32 1 7 0
2016999523 32 1 7 1
2017006675 32 1 7 0
2017010151 32 1 7 1
2017017018 32 1 7 0
2017020438 32 1 7 1
2017027577 32 1 7 0
2017031062 32 1 7 1
2017037868 32 1 7 0
2017041033 32 1 7 1
2017047812 32 1 7 0
2017052238 32 1 7 1
2017056996 32 1 7 0
2017061335 32 1 7 1
2017066089 32 1 7 0
2017070681 32 1 7 1
2017075439 32 1 7 0
2017079944 32 1 7 1
2017084319 32 1 7 0
2017089248 32 1 7 1
2017093600 32 1 7 0
2017098613 32 1 7 1
2017102977 32 1 7 0
2017107642 32 1 7 1
2017113607 32 1 7 0
2017117286 32 1 7 1
2017122487 32 1 7 0
2017126482 32 1 7 1
2017132386 32 1 7 0
2017136215 32 1 7 1
2017141597 32 1 7 0
2017145343 32 1 7 1
2017150886 32 1 7 0
2017154881 32 1 7 1
2017160428 32 1 7 0
2017164425 32 1 7 1
2017170219 32 1 7 0
2017175127 32 1 7 1
2017180284 32 1 7 0
2017184362 32 1 7 1
2017188439 5 0 1 1
2017189198 32 1 7 0
2017193276 32 1 7 1
2017193825 5 0 1 0
2017197793 5 0 1 1
2017198068 32 1 7 0
2017202312 32 1 7 1
2017202666 5 0 1 0
2017206722 5 0 1 1
2017207357 32 1 7 0
2017211601 32 1 7 1
2017212290 5 0 1 0
2017214891 32 1 7 0
2017215828 5 0 1 1
2017222919 5 0 1 0
2017222953 32 1 7 1
2017226018 32 1 7 0
2017226445 5 0 1 1
2017232758 5 0 1 0
2017233997 32 1 7 1
2017236545 5 0 1 1
2017237149 32 1 7 0
2017242889 5 0 1 0
2017244132 32 1 7 1
2017246509 5 0 1 1
2017247442 32 1 7 0
2017252246 5 0 1 0
2017254674 32 1 7 1
2017256728 5 0 1 1
2017257735 32 1 7 0
2017261498 5 0 1 0
2017265797 32 1 7 1
2017266308 5 0 1 1
2017268534 32 1 7 0
2017271063 5 0 1 0
2017275739 5 0 1 1
2017280245 5 0 1 0
2017290850 5 0 1 1
2017295277 5 0 1 0
2017299847 5 0 1 1
2017304546 5 0 1 0
2017308598 5 0 1 1
2017313728 5 0 1 0
2017317985 5 0 1 1
2017322665 5 0 1 0
2017327171 5 0 1 1
2017331930 5 0 1 0
2017336523 5 0 1 1
2017341112 5 0 1 0
2017345548 5 0 1 1
2017349962 5 0 1 0
2017355140 5 0 1 1
2017359231 5 0 1 0
2017364575 5 0 1 1
2017368836 5 0 1 0
2017374180 5 0 1 1
2017378271 5 0 1 0
2017383532 5 0 1 1
2017387706 5 0 1 0
2017392971 5 0 1 1
2017396955 5 0 1 0
2017402236 5 0 1 1
2017406248 5 0 1 0
2017411588 5 0 1 1
2017415600 5 0 1 0
2017420861 5 0 1 1
2017424930 5 0 1 0
2017430213 5 0 1 1
2017434325 5 0 1 0
2017439426 5 0 1 1
2017443621 5 0 1 0
2017448597 5 0 1 1
2017452742 5 0 1 0
2017457893 5 0 1 1
2017462043 5 0 1 0
2017467155 5 0 1 1
2017471343 5 0 1 0
2017476467 5 0 1 1
2017480635 5 0 1 0
2017485608 5 0 1 1
2017489267 5 0 1 0
2018676596 18 0 1 1
2018680528 18 0 1 0
2018702608 18 0 1 1
2018704986 18 0 1 0
2018708270 16 0 1 1
2018715037 16 0 1 0
2018717100 18 0 1 1
2018720678 16 0 1 1
2018721674 18 0 1 0
2018725030 16 0 1 0
2018726286 18 0 1 1
2018729462 16 0 1 1
2018730825 18 0 1 0
2018733928 16 0 1 0
2018735690 18 0 1 1
2018738425 16 0 1 1
2018740482 18 0 1 0
2018742747 16 0 1 0
2018747244 16 0 1 1
2018751815 16 0 1 0
2018756395 16 0 1 1
2018760966 16 0 1 0
2018765463 16 0 1 1
2018770204 16 0 1 0
2018774784 16 0 1 1
2018779355 16 0 1 0
2018783686 16 0 1 1
2018788340 16 0 1 0
2018792671 16 0 1 1
2018797574 16 0 1 0
2018802150 16 0 1 1
2018806543 16 0 1 0
2018811206 16 0 1 1
2018815681 16 0 1 0
2018820016 16 0 1 1
2018824582 16 0 1 0
2018829328 16 0 1 1
2018833811 16 0 1 0
2018838391 16 0 1 1
2018843119 16 0 1 0
2018847699 16 0 1 1
2018852178 16 0 1 0
2018856924 16 0 1 1
2018861324 16 0 1 0
2018865987 16 0 1 1
2018870549 16 0 1 0
2018875295 16 0 1 1
2018879695 16 0 1 0
2018883777 16 0 1 1
2018889086 16 0 1 0
2018893085 16 0 1 1
2018898398 16 0 1 0
2018902476 16 0 1 1
2018907789 16 0 1 0
2018911954 16 0 1 1
2018916314 16 0 1 0
2018921143 16 0 1 1
2018925377 16 0 1 0
2018930289 16 0 1 1
2018934602 16 0 1 0
2018940012 16 0 1 1
2018944080 16 0 1 0
2018949573 16 0 1 1
2018953641 16 0 1 0
2018959138 16 0 1 1
2018963115 16 0 1 0
2018968608 16 0 1 1
2018972676 16 0 1 0
2018978086 16 0 1 1
2018981735 16 0 1 0
2018987643 16 0 1 1
2018991711 16 0 1 0
2018996872 16 0 1 1
2019001272 16 0 1 0
2019006272 16 0 1 1
2019010339 16 0 1 0
2019015312 16 0 1 1
2019019552 16 0 1 0
2019024782 16 0 1 1
2019028931 16 0 1 0
2019034161 16 0 1 1
2019038342 16 0 1 0
2019043622 16 0 1 1
2019047737 16 0 1 0
2019052752 16 0 1 1
2019056902 16 0 1 0
2019062219 16 0 1 1
2019066447 16 0 1 0
2019071590 16 0 1 1
2019075669 16 0 1 0
2019080815 16 0 1 1
2019084811 16 0 1 0
2019089870 16 0 1 1
2019093870 16 0 1 0
2019098850 16 0 1 1
2019102850 16 0 1 0
2019107947 16 0 1 1
2019111909 16 0 1 0
2019116911 16 0 1 1
2019120968 16 0 1 0
2019126114 16 0 1 1
2019130114 16 0 1 0
2019135091 16 0 1 1
2019139007 16 0 1 0
2019143979 16 0 1 1
2019147987 16 0 1 0
2019153046 16 0 1 1
2019157083 16 0 1 0
2019162167 16 0 1 1
2019166188 16 0 1 0
2019171354 16 0 1 1
2019175430 16 0 1 0
2019180692 16 0 1 1
2019184870 16 0 1 0
2019194364 16 0 1 1
2019198357 16 0 1 0
2019203531 16 0 1 1
2019207644 16 0 1 0
2019212997 16 0 1 1
2019217143 16 0 1 0
2019222404 16 0 1 1
2019226485 16 0 1 0
2019231490 16 0 1 1
2019235265 16 0 1 0
2019239101 16 0 1 1
2019249891 16 0 1 0
2019256513 16 0 1 1
2019259952 16 0 1 0
2019264997 16 0 1 1
2019269177 16 0 1 0
2019277115 16 0 1 1
2019282344 16 0 1 0
2021510264 45 1 1 1
2021518549 45 1 1 0
2021521548 45 1 1 1
2021529683 45 1 1 0
2021532765 45 1 1 1
2021540643 45 1 1 0
2021543844 45 1 1 1
2021551276 45 1 1 0
2021554358 45 1 1 1
2021561788 45 1 1 0
2021564966 45 1 1 1
2021572398 45 1 1 0
2021575646 45 1 1 1
2021583103 45 1 1 0
2021586416 45 1 1 1
2021594018 45 1 1 0
2021597224 45 1 1 1
2021604150 45 1 1 0
2021607730 45 1 1 1
2021614180 45 1 1 0
2021617666 45 1 1 1
2021624125 45 1 1 0
2021627915 45 1 1 1
2021633472 45 1 1 0
2021637511 45 1 1 1
2021643321 45 1 1 0
2021647194 45 1 1 1
2021652751 45 1 1 0
2021656707 45 1 1 1
2021657815 44 1 1 1
2021662264 45 1 1 0
2021663203 44 1 1 0
2021666054 45 1 1 1
2021666621 44 1 1 1
2021673042 45 1 1 0
2021674909 44 1 1 0
2021676579 45 1 1 1
2021678063 44 1 1 1
2021683484 45 1 1 0
2021685699 44 1 1 0
2021686934 45 1 1 1
2021688532 44 1 1 1
2021690115 46 1 4 1
2021693756 45 1 1 0
2021696655 44 1 1 0
2021696954 46 1 4 0
2021697376 45 1 1 1
2021699643 44 1 1 1
2021700451 46 1 4 1
2021704277 45 1 1 0
2021707661 46 1 4 0
2021707814 45 1 1 1
2021708325 44 1 1 0
2021711075 46 1 4 1
2021711433 44 1 1 1
2021714462 45 1 1 0
2021717870 46 1 4 0
2021717999 45 1 1 1
2021719619 44 1 1 0
2021721201 46 1 4 1
2021722552 44 1 1 1
2021724564 45 1 1 0
2021728101 45 1 1 1
2021728245 46 1 4 0
2021730893 44 1 1 0
2021731825 46 1 4 1
2021734337 44 1 1 1
2021734500 45 1 1 0
2021738037 45 1 1 1
2021738786 46 1 4 0
2021742200 46 1 4 1
2021742973 44 1 1 0
2021744266 45 1 1 0
2021746470 44 1 1 1
2021747803 45 1 1 1
2021749078 46 1 4 0
2021752409 46 1 4 1
2021754285 45 1 1 0
2021754759 44 1 1 0
2021757743 44 1 1 1
2021757905 45 1 1 1
2021759121 46 1 4 0
2021762535 46 1 4 1
2021764304 45 1 1 0
2021765452 44 1 1 0
2021767920 45 1 1 1
2021768533 44 1 1 1
2021769330 46 1 4 0
2021772744 46 1 4 1
2021774406 45 1 1 0
2021775077 44 1 1 0
2021777785 45 1 1 1
2021779157 44 1 1 1
2021779539 46 1 4 0
2021782953 46 1 4 1
2021784469 44 1 1 0
2021785141 45 1 1 0
2021788611 45 1 1 1
2021789347 47 1 1 1
2021789914 46 1 4 0
2021793245 46 1 4 1
2021794453 45 1 1 0
2021795659 47 1 1 0
2021797799 46 1 4 0
2021798516 45 1 1 1
2021799156 47 1 1 1
2021802707 46 1 4 1
2021803125 45 1 1 0
2021803774 47 1 1 0
2021807344 46 1 4 0
2021807983 45 1 1 1
2021808765 47 1 1 1
2021812335 46 1 4 1
2021812505 45 1 1 0
2021813391 47 1 1 0
2021816889 46 1 4 0
2021817280 45 1 1 1
2021818631 47 1 1 1
2021820861 45 1 1 0
2021821656 47 1 1 0
2021821880 46 1 4 1
2021825798 45 1 1 1
2021826351 46 1 4 0
2021827228 47 1 1 1
2021830656 45 1 1 0
2021830759 47 1 1 0
2021831259 46 1 4 1
2021831555 47 1 4 1
2021834983 46 1 4 0
2021835190 45 1 1 1
2021837327 47 1 1 1
2021837722 47 1 4 0
2021839793 45 1 1 0
2021840858 47 1 1 0
2021841053 46 1 4 1
2021841219 47 1 4 1
2021844307 45 1 1 1
2021845026 46 1 4 0
2021846762 47 1 1 1
2021847267 47 1 4 0
2021849248 45 1 1 0
2021850598 47 1 4 1
2021850629 47 1 1 0
2021851262 46 1 4 1
2021854102 45 1 1 1
2021855152 46 1 4 0
2021856812 47 1 4 0
2021857363 47 1 1 1
2021859039 45 1 1 0
2021860309 47 1 4 1
2021860973 46 1 4 1
2021860981 47 1 1 0
2021863723 45 1 1 1
2021864780 46 1 4 0
2021866606 47 1 4 0
2021866802 47 1 1 1
2021868755 45 1 1 0
2021870103 47 1 4 1
2021870163 47 1 1 0
2021871016 46 1 4 1
2021873435 45 1 1 1
2021874740 46 1 4 0
2021876151 47 1 4 0
2021877312 47 1 1 1
2021877845 45 1 1 0
2021879731 47 1 4 1
2021880266 47 1 1 0
2021880478 46 1 4 1
2021882528 45 1 1 1
2021884285 46 1 4 0
2021885838 47 1 1 1
2021886111 47 1 4 0
2021887361 45 1 1 0
2021889033 47 1 1 0
2021889525 47 1 4 1
2021890521 46 1 4 1
2021891878 45 1 1 1
2021894411 46 1 4 0
2021895988 47 1 4 0
2021896182 47 1 1 1
2021896713 45 1 1 0
2021899385 47 1 1 0
2021899485 47 1 4 1
2021900398 46 1 4 1
2021900961 45 1 1 1
2021904454 46 1 4 0
2021905397 45 1 1 0
2021905948 47 1 4 0
2021908194 47 1 1 1
2021909445 47 1 4 1
2021910056 45 1 1 1
2021910939 46 1 4 1
2021911729 47 1 1 0
2021914148 45 1 1 0
2021914829 46 1 4 0
2021915908 47 1 4 0
2021918824 45 1 1 1
2021919405 47 1 4 1
2021920816 46 1 4 1
2021923492 45 1 1 0
2021924540 46 1 4 0
2021925619 47 1 4 0
2021927510 47 1 1 1
2021928175 45 1 1 1
2021928950 47 1 4 1
2021930156 47 1 1 0
2021930610 46 1 4 1
2021932907 45 1 1 0
2021934251 46 1 4 0
2021934334 47 1 4 0
2021937863 45 1 1 1
2021938744 47 1 4 1
2021940072 46 1 4 1
2021942716 45 1 1 0
2021943879 46 1 4 0
2021943962 47 1 4 0
2021947901 45 1 1 1
2021948108 47 1 4 1
2021949451 46 1 4 1
2021952416 45 1 1 0
2021952945 46 1 4 0
2021953032 47 1 4 0
2021956929 45 1 1 1
2021957277 47 1 4 1
2021959181 46 1 4 1
2021960545 47 1 1 1
2021961701 45 1 1 0
2021962583 47 1 4 0
2021962792 47 1 1 0
2021962832 46 1 4 0
2021966637 45 1 1 1
2021967242 47 1 4 1
2021968902 46 1 4 1
2021971433 45 1 1 0
2021971962 47 1 4 0
2021972709 46 1 4 0
2021976033 45 1 1 1
2021977285 47 1 4 1
2021978945 46 1 4 1
2021980734 45 1 1 0
2021982337 47 1 4 0
2021982835 46 1 4 0
2021985346 45 1 1 1
2021986332 47 1 4 1
2021987039 47 1 1 1
2021989154 46 1 4 1
2021989442 47 1 1 0
2021990114 45 1 1 0
2021991882 47 1 4 0
2021992629 46 1 4 0
2021995157 45 1 1 1
2021996292 47 1 4 1
2021998699 46 1 4 1
2021999909 45 1 1 0
2022001510 47 1 4 0
2022002340 46 1 4 0
2022004612 45 1 1 1
2022005671 47 1 4 1
2022008576 46 1 4 1
2022009368 45 1 1 0
2022010369 47 1 1 1
2022010972 47 1 4 0
2022011127 47 1 1 0
2022011885 46 1 4 0
2022012029 47 1 1 1
2022013301 47 1 1 0
2022014581 45 1 1 1
2022015050 47 1 4 1
2022017232 47 1 1 1
2022017955 46 1 4 1
2022019068 45 1 1 0
2022020019 47 1 4 0
2022021430 46 1 4 0
2022024014 47 1 4 1
2022024171 47 1 1 0
2022024447 45 1 1 1
2022027666 46 1 4 1
2022028249 47 1 1 1
2022028745 45 1 1 0
2022029481 47 1 4 0
2022030892 46 1 4 0
2022033871 45 1 1 1
2022033891 47 1 4 1
2022035075 47 1 1 0
2022036547 46 1 4 1
2022038406 47 1 1 1
2022038598 45 1 1 0
2022039026 47 1 4 0
2022039192 46 1 4 0
2022042898 45 1 1 1
2022043187 47 1 4 1
2022046829 47 1 1 0
2022047663 45 1 1 0
2022048405 47 1 4 0
2022050077 47 1 1 1
2022052129 45 1 1 1
2022052400 47 1 4 1
2022056659 45 1 1 0
2022057701 47 1 4 0
2022058410 47 1 1 0
2022061097 45 1 1 1
2022061281 47 1 4 1
2022061492 47 1 1 1
2022065991 45 1 1 0
2022066748 47 1 4 0
2022068821 47 1 1 0
2022069913 46 1 4 1
2022070429 45 1 1 1
2022070577 47 1 4 1
2022071903 47 1 1 1
2022072890 46 1 4 0
2022075380 47 1 4 0
2022075402 45 1 1 0
2022079043 47 1 4 1
2022079236 47 1 1 0
2022079737 45 1 1 1
2022081209 46 1 4 1
2022082401 47 1 1 1
2022084568 45 1 1 0
2022084676 47 1 4 0
2022085423 46 1 4 0
2022088824 45 1 1 1
2022088920 47 1 4 1
2022089817 47 1 1 0
2022090414 46 1 4 1
2022092982 47 1 1 1
2022093813 45 1 1 0
2022094221 46 1 4 0
2022094719 47 1 4 0
2022098070 45 1 1 1
2022098797 47 1 4 1
2022099378 46 1 4 1
2022100560 47 1 1 0
2022102979 45 1 1 0
2022103683 46 1 4 0
2022103974 47 1 1 1
2022104513 47 1 4 0
2022107061 45 1 1 1
2022107560 47 1 1 0
2022108508 47 1 4 1
2022109006 46 1 4 1
2022113228 46 1 4 0
2022113809 47 1 4 0
2022117804 47 1 4 1
2022118219 46 1 4 1
2022121888 45 1 1 0
2022122441 46 1 4 0
2022123105 47 1 4 0
2022127432 47 1 4 1
2022127800 45 1 1 1
2022128843 46 1 4 1
2022132733 46 1 4 0
2022132982 47 1 4 0
2022137389 47 1 4 1
2022138720 46 1 4 1
2022141216 45 1 1 0
2022142527 46 1 4 0
2022142650 47 1 4 0
2022146152 45 1 1 1
2022146978 47 1 4 1
2022148763 46 1 4 1
2022152322 47 1 4 0
2022152653 46 1 4 0
2022156733 47 1 4 1
2022158461 45 1 1 0
2022158723 46 1 4 1
2022162073 47 1 4 0
2022162447 46 1 4 0
2022163168 45 1 1 1
2022166401 47 1 4 1
2022168268 46 1 4 1
2022171658 47 1 4 0
2022171992 46 1 4 0
2022175038 45 1 1 0
2022176069 47 1 4 1
2022177813 46 1 4 1
2022179721 45 1 1 1
2022181537 46 1 4 0
2022181670 47 1 4 0
2022186077 47 1 4 1
2022187275 46 1 4 1
2022190781 45 1 1 0
2022191165 46 1 4 0
2022191342 47 1 4 0
2022195373 45 1 1 1
2022195666 47 1 4 1
2022197318 46 1 4 1
2022200959 46 1 4 0
2022201093 47 1 4 0
2022205255 47 1 4 1
2022206697 46 1 4 1
2022206860 45 1 1 0
2022210259 47 1 4 0
2022210587 46 1 4 0
2022211646 45 1 1 1
2022214587 47 1 4 1
2022216823 46 1 4 1
2022217721 47 1 4 0
2022220630 46 1 4 0
2022223354 45 1 1 0
2022226866 46 1 4 1
2022228120 45 1 1 1
2022230756 46 1 4 0
2022234597 47 1 4 1
2022236411 46 1 4 1
2022239941 47 1 4 0
2022239969 46 1 4 0
2022240180 45 1 1 0
2022244930 45 1 1 1
2022256093 45 1 1 0
2022261319 45 1 1 1
2022271421 45 1 1 0
2022276473 45 1 1 1
2022286915 45 1 1 0
2022291989 45 1 1 1
2022301330 45 1 1 0
2022305203 45 1 1 1
2022317405 45 1 1 0
2022321444 45 1 1 1
2022332733 45 1 1 0
2022336519 45 1 1 1
2022343065 45 1 1 0
2022347701 45 1 1 1
2022353729 45 1 1 0
2022358112 45 1 1 1
2022364389 45 1 1 0
2022368772 45 1 1 1
2022374887 45 1 1 0
2022379357 45 1 1 1
2022385883 45 1 1 0
2022390349 45 1 1 1
2022396962 45 1 1 0
2022401432 45 1 1 1
2022406377 45 1 1 0
2022412789 45 1 1 1
2022419207 45 1 1 0
2022423677 45 1 1 1
2022430037 45 1 1 0
2022434503 45 1 1 1
2022440286 45 1 1 0
2022444669 45 1 1 1
2022450029 45 1 1 0
2022454495 45 1 1 1
2022460610 45 1 1 0
2022464803 45 1 1 1
2022471334 45 1 1 0
2022479884 45 1 1 1
2022482828 45 1 1 0
2022491121 45 1 1 1
2022494658 45 1 1 0
2022501678 45 1 1 1
2022504820 45 1 1 0
2022512438 45 1 1 1
2022516318 45 1 1 0
2022523251 45 1 1 1
2022525982 45 1 1 0
2022532658 45 1 1 1
2022535729 45 1 1 0
2022542662 45 1 1 1
2022546642 45 1 1 0
2022553065 45 1 1 1
2022555638 45 1 1 0
2022560274 45 1 1 1
2022563219 45 1 1 0
2022571425 45 1 1 1
2022576049 45 1 1 0
2022583239 45 1 1 1
2022586377 45 1 1 0
2022591693 45 1 1 1
2022595207 45 1 1 0
2022601033 45 1 1 1
2022604622 45 1 1 0
2022610962 45 1 1 1
2022613950 45 1 1 0
2027706957 47 1 3 1
2027711710 47 1 3 0
2027715705 47 1 3 1
2027721048 47 1 3 0
2027726039 47 1 3 1
2027730260 47 1 3 0
2027735334 47 1 3 1
2027739559 47 1 3 0
2027744550 47 1 3 1
2027748858 47 1 3 0
2027753903 47 1 3 1
2027758130 47 1 3 0
2027763038 47 1 3 1
2027767251 47 1 3 0
2027772242 47 1 3 1
2027776538 47 1 3 0
2027781529 47 1 3 1
2027785736 47 1 3 0
2027790478 47 1 3 1
2027794677 47 1 3 0
2027799668 47 1 3 1
2027803960 47 1 3 0
2027962914 10 0 1 1
2027969063 10 0 1 0
2027972809 10 0 1 1
2027978800 10 0 1 0
2027982546 10 0 1 1
2027988535 10 0 1 0
2027992032 10 0 1 1
2027997859 10 0 1 0
2028001605 10 0 1 1
2028007594 10 0 1 0
2028011257 10 0 1 1
2028017084 10 0 1 0
2028020831 10 0 1 1
2028026823 10 0 1 0
2028030570 10 0 1 1
2028036558 10 0 1 0
2028040138 10 0 1 1
2028046131 10 0 1 0
2028049877 10 0 1 1
2028055866 10 0 1 0
2028059529 10 0 1 1
2028065356 10 0 1 0
2028069020 10 0 1 1
2028074842 10 0 1 0
2028078671 10 0 1 1
2028084079 10 0 1 0
2028087908 10 0 1 1
2028093569 10 0 1 0
2028097398 10 0 1 1
2028102806 10 0 1 0
2028106552 10 0 1 1
2028111960 10 0 1 0
2028115789 10 0 1 1
2028121450 10 0 1 0
2028125279 10 0 1 1
2028130604 10 0 1 0
2028134433 10 0 1 1
2028140011 10 0 1 0
2028143923 10 0 1 1
2028149414 10 0 1 0
2028153160 10 0 1 1
2028158568 10 0 1 0
2028162397 10 0 1 1
2028167809 10 0 1 0
2028171638 10 0 1 1
2028177212 10 0 1 0
2028181124 10 0 1 1
2028186615 10 0 1 0
2028190361 10 0 1 1
2028195773 10 0 1 0
2028199685 10 0 1 1
2028205176 10 0 1 0
2028208839 10 0 1 1
2028214249 10 0 1 0
2028218162 10 0 1 1
2028223656 10 0 1 0
2028227569 10 0 1 1
2028233223 10 0 1 0
2028237052 10 0 1 1
2028242460 10 0 1 0
2028246372 10 0 1 1
2028252033 10 0 1 0
2028252855 22 0 1 1
2028255459 22 0 1 0
2028255945 10 0 1 1
2028261414 10 0 1 0
2028265446 10 0 1 1
2028270760 10 0 1 0
2028273481 22 0 1 1
2028274672 10 0 1 1
2028276126 22 0 1 0
2028280329 10 0 1 0
2028284158 10 0 1 1
2028289570 10 0 1 0
2028293482 10 0 1 1
2028299388 10 0 1 0
2028303217 10 0 1 1
2028308795 10 0 1 0
2028312707 10 0 1 1
2028318115 10 0 1 0
2028329760 11 0 1 1
2028333438 11 0 1 0
2028334802 10 0 1 1
2028337925 10 0 1 0
2028341604 11 0 1 1
2028345581 11 0 1 0
2028347234 10 0 1 1
2028350411 10 0 1 0
2028353544 11 0 1 1
2028357367 11 0 1 0
2028360332 10 0 1 1
2028363474 10 0 1 0
2028365300 11 0 1 1
2028368606 11 0 1 0
2028372783 10 0 1 1
2028375873 10 0 1 0
2028377931 11 0 1 1
2028381249 11 0 1 0
2028389862 11 0 1 1
2028392994 11 0 1 0
2028402157 11 0 1 1
2028405191 11 0 1 0
2028414160 11 0 1 1
2028417474 11 0 1 0
2028425927 11 0 1 1
2028429674 11 0 1 0
2028437425 11 0 1 1
2028440987 11 0 1 0
2028448742 11 0 1 1
2028452408 11 0 1 0
2028460677 11 0 1 1
2028464161 11 0 1 0
2028472418 11 0 1 1
2028476091 11 0 1 0
2028483837 11 0 1 1
2028487156 11 0 1 0
2028494975 11 0 1 1
2028498285 11 0 1 0
2028506310 11 0 1 1
2028509788 11 0 1 0
2028543122 10 0 1 1
2028545271 10 0 1 0
2028552575 10 0 1 1
2028553870 10 0 1 0
2028561711 10 0 1 1
2028564173 10 0 1 0
2028570313 10 0 1 1
2028573709 10 0 1 0
2028580345 10 0 1 1
2028582569 10 0 1 0
2028598424 10 0 1 1
2028601131 10 0 1 0
2028616841 10 0 1 1
2028619780 10 0 1 0
2028635940 10 0 1 1
2028638342 10 0 1 0
2028654297 10 0 1 1
2028656481 10 0 1 0
2028682220 10 0 1 1
2028684413 10 0 1 0
2028719376 10 0 1 1
2028720007 10 0 1 0
2028774512 10 0 1 1
2028775361 10 0 1 0
2028801728 10 0 1 1
2028803973 10 0 1 0
2028820239 10 0 1 1
2028822452 10 0 1 0
2028838779 10 0 1 1
2028840587 10 0 1 0
2028857138 10 0 1 1
2028859916 10 0 1 0
2029143120 3 0 1 1
2029147573 3 0 1 0
2029152039 3 0 1 1
2029156512 3 0 1 0
2029161078 3 0 1 1
2029165501 3 0 1 0
2029169967 3 0 1 1
2029174364 3 0 1 0
2029178918 3 0 1 1
2029183263 3 0 1 0
2029187729 3 0 1 1
2029191895 3 0 1 0
2029197041 3 0 1 1
2029201073 3 0 1 0
2029206220 3 0 1 1
2029211151 3 0 1 0
2029215447 3 0 1 1
2029221194 3 0 1 0
2029225678 3 0 1 1
2029231509 3 0 1 0
2029235976 3 0 1 1
2029241573 3 0 1 0
2029245870 3 0 1 1
2029251635 3 0 1 0
2029256102 3 0 1 1
2029261615 3 0 1 0
2029265911 3 0 1 1
2029271674 3 0 1 0
2029276141 3 0 1 1
2029282116 3 0 1 0
2029287606 3 0 1 1
2029292906 3 0 1 0
2029297965 3 0 1 1
2029303530 3 0 1 0
2029308257 3 0 1 1
2029310072 9 0 1 1
2029314596 3 0 1 0
2029318383 3 0 1 1
2029324369 3 0 1 0
2029328105 3 0 1 1
2029334478 3 0 1 0
2029338384 3 0 1 1
2029342861 9 0 1 0
2029344449 3 0 1 0
2029348236 3 0 1 1
2029354160 3 0 1 0
2029357968 3 0 1 1
2029364452 3 0 1 0
2029365950 9 0 1 1
2029368284 3 0 1 1
2029369156 9 0 1 0
2029374324 3 0 1 0
2029378240 9 0 1 1
2029379031 3 0 1 1
2029381493 9 0 1 0
2029381731 3 0 1 0
2029392978 9 0 1 1
2029396387 9 0 1 0
2029410225 3 0 1 1
2029412584 3 0 1 0
2029447194 3 0 1 1
2029449579 3 0 1 0
2029480430 3 0 1 1
2029482862 3 0 1 0
2029516700 3 0 1 1
2029519133 3 0 1 0
2030059978 34 1 6 1
2030072429 34 1 6 0
2030077647 34 1 6 1
2030089029 34 1 6 0
2030093899 34 1 6 1
2030103969 34 1 6 0
2030108491 34 1 6 1
2030119158 34 1 6 0
2030123937 34 1 6 1
2030134264 34 1 6 0
2030138782 34 1 6 1
2030149785 34 1 6 0
2030154568 34 1 6 1
2030162401 34 1 6 0
2030166749 34 1 6 1
2030173938 34 1 6 0
2030178199 34 1 6 1
2030186139 34 1 6 0
2030190748 34 1 6 1
2030198257 34 1 6 0
2030202431 34 1 6 1
2030210624 34 1 6 0
2030214972 34 1 6 1
2030223240 34 1 6 0
2030227588 34 1 6 1
2030235856 34 1 6 0
2030240204 34 1 6 1
2030248140 34 1 6 0
2030252316 34 1 6 1
2030260258 34 1 6 0
2030264087 34 1 6 1
2030275447 34 1 6 0
2030280023 34 1 6 1
2030290885 34 1 6 0
2030295212 34 1 6 1
2030306489 34 1 6 0
2030311065 34 1 6 1
2030322342 34 1 6 0
2030326835 34 1 6 1
2030337448 34 1 6 0
2030341609 34 1 6 1
2030352720 34 1 6 0
2030357047 34 1 6 1
2030366747 34 1 6 0
2030370825 34 1 6 1
2030380608 34 1 6 0
2030384852 34 1 6 1
2030396295 34 1 6 0
2030400673 34 1 6 1
2030411508 34 1 6 0
2030415420 34 1 6 1
2030426365 34 1 6 0
2030430277 34 1 6 1
2030441139 34 1 6 0
2030445051 34 1 6 1
2030455498 34 1 6 0
2030459327 34 1 6 1
2030470272 34 1 6 0
2030474184 34 1 6 1
2030484631 34 1 6 0
2030488460 34 1 6 1
2030499073 34 1 6 0
2030503317 34 1 6 1
2030510859 34 1 6 0
2030514605 34 1 6 1
2030522479 34 1 6 0
2030526308 34 1 6 1
2030536182 34 1 6 0
2030540011 34 1 6 1
2030550790 34 1 6 0
2030554702 34 1 6 1
2030565481 34 1 6 0
2030569393 34 1 6 1
2030580255 34 1 6 0
2030584167 34 1 6 1
2030592971 34 1 6 0
2030597215 34 1 6 1
2030603595 34 1 6 0
2030607424 34 1 6 1
2030613721 34 1 6 0
2030617467 34 1 6 1
2030624013 34 1 6 0
2030627925 34 1 6 1
2030634471 34 1 6 0
2030638300 34 1 6 1
2030644680 34 1 6 0
2030648426 34 1 6 1
2030654972 34 1 6 0
2030658801 34 1 6 1
2030665181 34 1 6 0
2030668927 34 1 6 1
2030675473 34 1 6 0
2030679385 34 1 6 1
2030685931 34 1 6 0
2030689760 34 1 6 1
2030696223 34 1 6 0
2030699969 34 1 6 1
2030706183 34 1 6 0
2030709929 34 1 6 1
2030716392 34 1 6 0
2030720138 34 1 6 1
2030726601 34 1 6 0
2030730430 34 1 6 1
2030737225 34 1 6 0
2030740971 34 1 6 1
2030747517 34 1 6 0
2030751429 34 1 6 1
2030758058 34 1 6 0
2030761887 34 1 6 1
2030768350 34 1 6 0
2030772096 34 1 6 1
2030778642 34 1 6 0
2030782554 34 1 6 1
2030788576 34 1 6 0
