2001966386 40 1 2 1
2001971742 40 1 2 0
2001976010 40 1 2 1
2001978545 42 1 2 1
2001981074 40 1 2 0
2001982991 42 1 2 0
2001986148 40 1 2 1
2001987726 42 1 2 1
2001990489 40 1 2 0
2001991738 42 1 2 0
2001994733 40 1 2 1
2001998853 42 1 2 1
2002001236 40 1 2 0
2002001900 42 1 2 0
2002005314 40 1 2 1
2002007620 42 1 2 1
2002009817 40 1 2 0
2002011481 42 1 2 0
2002015057 40 1 2 1
2002016363 42 1 2 1
2002019647 40 1 2 0
2002020730 42 1 2 0
2002024223 40 1 2 1
2002025050 42 1 2 1
2002028809 40 1 2 0
2002029560 42 1 2 0
2002033385 40 1 2 1
2002033951 42 1 2 1
2002036975 42 1 2 0
2002037892 40 1 2 0
2002042800 40 1 2 1
2002047303 40 1 2 0
2002050316 42 1 2 1
2002051630 40 1 2 1
2002055054 42 1 2 0
2002055884 40 1 2 0
2002059362 42 1 2 1
2002060294 40 1 2 1
2002064133 42 1 2 0
2002064548 40 1 2 0
2002068611 42 1 2 1
2002069124 40 1 2 1
2002073465 42 1 2 0
2002073548 40 1 2 0
2002077856 42 1 2 1
2002078124 40 1 2 1
2002082461 40 1 2 0
2002082710 42 1 2 0
2002087037 40 1 2 1
2002087101 42 1 2 1
2002091374 40 1 2 0
2002091876 42 1 2 0
2002096033 40 1 2 1
2002096097 42 1 2 1
2002100457 40 1 2 0
2002100706 42 1 2 0
2002105033 40 1 2 1
2002105097 42 1 2 1
2002109453 40 1 2 0
2002109872 42 1 2 0
2002114112 40 1 2 1
2002114350 42 1 2 1
2002118619 40 1 2 0
2002119117 42 1 2 0
2002123361 40 1 2 1
2002123595 42 1 2 1
2002128034 40 1 2 0
2002128283 42 1 2 0
2002132610 40 1 2 1
2002132848 42 1 2 1
2002137196 40 1 2 0
2002137445 42 1 2 0
2002141772 40 1 2 1
2002142010 42 1 2 1
2002146528 40 1 2 0
2002146694 42 1 2 0
2002151104 40 1 2 1
2002151342 42 1 2 1
2002155698 40 1 2 0
2002155959 42 1 2 0
2002160191 40 1 2 1
2002160437 42 1 2 1
2002165120 40 1 2 0
2002165290 42 1 2 0
2002169613 40 1 2 1
2002169855 42 1 2 1
2002174364 40 1 2 0
2002174621 42 1 2 0
2002178857 40 1 2 1
2002179095 42 1 2 1
2002183695 40 1 2 0
2002183865 42 1 2 0
2002188105 40 1 2 1
2002188343 42 1 2 1
2002192868 40 1 2 0
2002192951 42 1 2 0
2002197259 42 1 2 1
2002197361 40 1 2 1
2002201990 42 1 2 0
2002202073 40 1 2 0
2002206400 40 1 2 1
2002206464 42 1 2 1
2002207494 40 1 2 0
2002210744 42 1 2 0
2002215475 42 1 2 1
2002219648 42 1 2 0
2002224636 42 1 2 1
2002228722 42 1 2 0
2002233629 42 1 2 1
2002237883 42 1 2 0
2002242614 42 1 2 1
2002247254 42 1 2 0
2002251459 42 1 2 1
2002256185 42 1 2 0
2002260303 42 1 2 1
2002265199 42 1 2 0
2002269574 42 1 2 1
2002274494 42 1 2 0
2002278695 42 1 2 1
2002283508 42 1 2 0
2002287796 42 1 2 1
2002292719 42 1 2 0
2002297094 42 1 2 1
2002302007 42 1 2 0
2002306295 42 1 2 1
2002311215 42 1 2 0
2002315416 42 1 2 1
2002320209 42 1 2 0
2002324327 42 1 2 1
2002328874 42 1 2 0
2002333077 42 1 2 1
2002337432 42 1 2 0
2002342052 42 1 2 1
2002346077 42 1 2 0
2002351529 42 1 2 1
2002355383 42 1 2 0
2002360831 42 1 2 1
2002364577 42 1 2 0
2002370476 42 1 2 1
2002374265 42 1 2 0
2002380168 42 1 2 1
2002383858 42 1 2 0
2002389761 42 1 2 1
2002392992 42 1 2 0
2014516608 45 1 1 1
2014520351 45 1 1 0
2014525291 45 1 1 1
2014529131 45 1 1 0
2014534411 45 1 1 1
2014538081 45 1 1 0
2014543102 45 1 1 1
2014547102 45 1 1 0
2014551801 45 1 1 1
2014555206 45 1 1 0
2014561000 45 1 1 1
2014564745 45 1 1 0
2014569611 45 1 1 1
2014573272 45 1 1 0
2021907590 46 1 4 1
2021912032 46 1 4 0
2021916857 46 1 4 1
2021921411 46 1 4 0
2021926070 46 1 4 1
2021930375 46 1 4 0
2021935871 46 1 4 1
2021939837 46 1 4 0
2021945077 46 1 4 1
2021949288 46 1 4 0
2021954943 46 1 4 1
2021959176 46 1 4 0
2021964416 46 1 4 1
2021968418 46 1 4 0
2021973824 46 1 4 1
2021977797 46 1 4 0
2021983120 46 1 4 1
2021987093 46 1 4 0
2021992416 46 1 4 1
2021996389 46 1 4 0
2022001795 46 1 4 1
2022005851 46 1 4 0
2022011174 46 1 4 1
2022015313 46 1 4 0
2022020719 46 1 4 1
2022024111 46 1 4 0
