0b000501 0b000901 10000 100 5567 2000126601 8729 8788 4
0b001201 0b001c01 10000 100 24939 2000151615 10335 10411 6
0b001401 0b001d01 10000 100 31016 2000303264 10968 10924 17
0b001c01 0b001201 10000 100 1212 2000318703 8368 8424 19
0b001501 0b001f01 10000 100 41624 2000334405 11721 11811 22
0b000901 0b000201 10000 100 52153 2000334121 12705 12695 21
0b000401 0b000e01 10000 100 13450 2000415413 9383 9449 30
0b000301 0b000701 10000 100 61284 2000415210 18472 13460 29
0b000c01 0b000b01 10000 100 74003 2000446745 20493 14528 32
0b001f01 0b001801 10000 100 1665 2000591267 8587 8460 41
0b000e01 0b000301 10000 100 23245 2000593713 12103 10271 42
0b001c01 0b001b01 10000 100 76022 2000608823 14890 14697 44
0b001201 0b001301 10000 100 9412 2000635674 4874 4951 47
0b000301 0b000901 10000 100 1413635 2000463483 245982 126840 34
0b001901 0b001c01 10000 100 54480 2000693833 17192 12889 51
0b000c01 0b000101 10000 100 5753426 2000239754 508122 490689 13
0b001901 0b001e01 10000 100 4735341 2000359430 405825 405333 24
0b000b01 0b000001 10000 100 1853061 2000558924 267710 163684 38
0b000201 0b000101 10000 100 1533308 2000715362 144576 132715 52
0b001e01 0b001701 10000 100 49173 2000901602 12349 12445 62
0b000801 0b000e01 10000 100 1361973 2000845042 124581 122507 59
0b001801 0b001b01 10000 100 150845 2000956266 16612 16807 64
0b000a01 0b000e01 10000 100 76228 2001067987 27320 14713 68
0b000301 0b000d01 10000 100 25493 2001091263 12209 10459 70
0b000c01 0b000b01 10001 100 139923 2001106930 47474 20051 72
0b001501 0b001401 10000 100 11813 2001183045 5072 5151 79
0b000a01 0b000c01 10000 100 146641 2001217941 37640 20615 81
0b001a01 0b001d01 10000 100 23162 2001399609 10238 10265 89
0b001b01 0b001c01 10000 100 61103 2001474253 13696 13446 92
0b000801 0b000601 10000 100 20586 2001524679 9983 10047 94
0b000c01 0b000501 10000 100 16627 2001332065 288915 9715 88
0b000701 0b000b01 10000 100 9493054 2000263422 1364969 804221 15
0b000501 0b000401 10000 100 6891178 2000424662 1204611 581919 31
0b000b01 0b000601 10000 100 320354 2001629784 74737 35180 100
0b001801 0b001b01 10001 100 1096 2001696712 9104 4255 108
0b000001 0b000601 10000 100 51652 2001706227 17068 12651 109
0b001f01 0b001101 10000 100 3502490 2001547811 301622 301970 96
0b000f01 0b000801 10000 100 161919 2001827414 40515 21895 117
0b001001 0b001501 10000 100 650570 2001810330 119374 62865 114
0b001701 0b001a01 10000 100 3911 2001942193 8832 8648 121
0b001901 0b001f01 10000 100 45572 2001941243 15701 12142 120
0b000901 0b000101 10000 100 2886020 2001282511 708969 250287 84
0b001401 0b001701 10000 100 67316 2002056338 9681 9806 127
0b000b01 0b000301 10000 100 14280 2002092381 10885 9520 129
0b001901 0b001301 10000 100 3058852 2001746488 448453 264774 111
0b001201 0b001f01 10000 100 195571 2002206204 24499 24718 138
0b001401 0b001e01 10000 100 38366 2002255008 11794 11539 143
0b000e01 0b000301 10001 100 189985 2002280348 33918 24248 147
0b001e01 0b001701 10001 100 1425644 2002235987 128065 127847 140
0b000401 0b000c01 10000 100 1657971 2002237738 163699 147324 141
0b000901 0b000001 10000 100 26830 2002387230 24171 10570 152
0b000701 0b000901 10000 100 8342038 2000314996 2113541 707720 18
0b001801 0b001d01 10000 100 855920 2002356916 81236 80080 151
0b000901 0b000301 10000 100 3969 2002490506 8705 8652 158
0b001801 0b001501 10000 100 21386 2002412973 118215 10115 154
0b000a01 0b000d01 10000 100 1408134 2002326209 214511 126381 149
0b000e01 0b000901 10000 100 44809 2002554450 13277 12077 162
0b000901 0b000b01 10000 100 773 2002571178 4251 4225 165
0b000701 0b000101 10000 100 49511 2002568502 34756 12472 164
0b000b01 0b000101 10000 100 7572380 2001582856 1030033 643190 98
0b001301 0b001201 10000 100 1093 2002619450 4328 4255 170
0b001001 0b001601 10000 100 449629 2002603457 74283 46018 168
0b001301 0b001b01 10000 100 9498402 2001074325 1608529 804668 69
0b001001 0b001301 10000 100 26949 2002683766 6532 6419 175
0b000701 0b000301 10000 100 568898 2002683162 67380 56016 174
0b000501 0b000b01 10000 100 21428 2002745566 11761 10118 179
0b000b01 0b000601 10001 100 2714016 2002183639 574164 235866 137
0b001f01 0b001501 10000 100 31383 2002781856 40537 10953 180
0b000501 0b000e01 10000 100 6648 2002835018 32667 8878 186
0b000401 0b000901 10000 100 7626 2002865416 10626 8960 189
0b001c01 0b001f01 10000 100 1116647 2002800677 96902 97781 182
0b001701 0b001c01 10000 100 1250 2002896337 8371 8427 191
0b001601 0b001f01 10000 100 387 2002904613 8191 8354 193
0b000101 0b000a01 10000 100 61678 2002913080 28786 13492 197
0b000b01 0b000801 10000 100 66097 2002927393 20072 9705 198
0b000601 0b000001 10000 100 1474 2002996827 8555 8445 204
0b001101 0b001e01 10000 100 7362 2003006293 8958 8939 205
0b001a01 0b001601 10000 100 1077035 2002828065 192570 98622 183
0b001a01 0b001401 10000 100 17837 2003013075 9746 9816 206
0b000a01 0b000e01 10001 100 4989143 2001786994 1264464 426613 112
0b000501 0b000901 10001 100 5938855 2002339768 717427 506234 150
0b001c01 0b001d01 10000 100 846683 2002991093 74367 75147 203
0b000101 0b000d01 10000 100 7153195 2001113619 1955847 608046 73
0b000c01 0b000301 10000 100 988902 2002987882 92456 91229 202
0b001e01 0b001b01 10000 100 588463 2003027172 57253 57658 209
0b000a01 0b000201 10000 100 3248297 2002831193 328113 280659 184
0b001801 0b001f01 10000 100 24806 2003146704 14084 10400 215
0b001d01 0b001a01 10000 100 60894 2003187830 13603 13425 217
0b000501 0b000101 10000 100 29824 2003195428 12450 10821 219
0b001601 0b001801 10000 100 26159 2003195127 12975 10516 218
0b001601 0b001401 10000 100 65541 2003278910 15844 9656 224
0b000a01 0b000d01 10001 100 260626 2003286134 51060 30172 225
0b001701 0b001b01 10000 100 19478 2003343533 9964 9955 228
0b000301 0b000201 10000 100 83376 2003348729 11034 11152 230
0b000701 0b000f01 10000 100 1815164 2003202905 177989 160506 220
0b001a01 0b001c01 10000 100 20702 2003398048 10814 10056 234
0b000601 0b000d01 10000 100 8435105 2000629877 2782164 715522 46
0b000301 0b000501 10000 100 18042 2003421136 11225 9836 239
0b001d01 0b001101 10000 100 709060 2003394566 69279 67771 233
0b001801 0b001a01 10000 100 4116 2003469949 5057 4508 243
0b000301 0b000101 10000 100 1144515 2003411303 100589 100118 238
0b001501 0b001401 10001 100 23981 2003544027 7105 6170 245
0b000001 0b000e01 10000 100 255279 2003455961 114086 29725 242
0b001801 0b001401 10000 100 4109443 2003063173 541367 352857 210
0b000d01 0b000c01 10000 100 36692 2003607216 8134 7237 249
0b001801 0b001701 10000 100 3168752 2003216871 487899 273989 222
0b000001 0b000901 10000 100 36300 2003766295 17394 11366 256
0b001701 0b001501 10000 100 34982 2003802317 8657 7092 258
0b001401 0b001201 10000 100 916199 2003495491 326183 85137 244
0b000f01 0b000a01 10000 100 49228 2003845585 12852 12450 262
0b000b01 0b000c01 10000 100 1646012 2003439454 421125 146325 240
0b000b01 0b000901 10000 100 2122077 2003404235 502783 182078 236
0b000001 0b000301 10000 100 39567 2003923154 14067 7478 271
0b000001 0b000701 10000 100 501792 2003861275 96402 50391 264
0b001a01 0b001c01 10001 100 5127 2003952897 8746 8753 273
0b000c01 0b000d01 10000 100 37585 2004008953 7297 7312 275
0b001101 0b001201 10000 100 74199 2003952600 95763 10383 272
0b001101 0b001001 10000 100 16932 2004071214 5549 5579 277
0b001a01 0b001901 10000 100 140190 2004084792 16300 15916 278
0b000b01 0b000001 10001 100 17955911 2000614591 3524830 1513743 45
0b001d01 0b001701 10000 100 9880 2004142292 9931 9148 282
0b000d01 0b000101 10000 100 983233 2004094725 96282 90757 279
0b001e01 0b001401 10000 100 13405 2004227205 9692 9446 286
0b001701 0b001101 10000 100 189956 2004373768 25399 24246 295
0b000f01 0b000d01 10000 100 27634 2004399954 6386 6478 297
0b001101 0b001401 10000 100 12140 2004405934 9874 9341 298
0b001101 0b001f01 10000 100 8108 2004483572 9551 9003 302
0b000e01 0b000801 10000 100 57972 2004482099 15342 13180 301
0b001701 0b001801 10000 100 72517 2004428942 101264 14401 300
0b001b01 0b001701 10000 100 14493 2004524124 13898 9537 304
0b001901 0b001d01 10000 100 3107 2004559972 8681 8583 306
0b000e01 0b000d01 10000 100 1114569 2004490935 96602 97607 303
0b001401 0b001201 10001 100 9254 2004232106 432491 9098 287
0b001301 0b001b01 10001 100 27786 2004722596 15225 10650 317
0b001001 0b001701 10000 100 481558 2004700654 60670 48695 314
0b001901 0b001201 10000 100 103437 2004409533 382463 16994 299
0b001d01 0b001201 10000 100 30891 2004720132 74434 10910 316
0b001e01 0b001a01 10000 100 3377837 2003913048 905552 291518 269
0b000901 0b000701 10000 100 1505600 2004688671 139297 134551 313
0b001701 0b001d01 10000 100 45440 2004835638 12460 12131 323
0b001401 0b001601 10000 100 11788 2004847799 5646 5149 326
0b000b01 0b000301 10001 100 147421 2004756256 112511 20682 318
0b000f01 0b000c01 10000 100 68604 2004859986 12591 9913 328
0b001301 0b001801 10000 100 4741092 2004132015 809389 405816 280
0b001f01 0b001401 10000 100 75080 2004944747 14644 14618 333
0b001901 0b001801 10000 100 23331 2004956223 6030 6118 334
0b001701 0b001a01 10001 100 3403690 2003837654 1139170 293686 260
0b000001 0b000a01 10000 100 6427 2005010944 9665 8861 341
0b001901 0b001d01 10001 100 36454 2004963000 65314 11378 336
0b001301 0b001e01 10000 100 8517 2005052657 10942 9035 343
0b000301 0b000001 10000 100 2554617 2005002628 227331 218340 339
0b001101 0b001801 10000 100 76098 2005244566 19265 14703 352
0b001201 0b001f01 10001 100 107814 2005247098 28157 17359 353
0b001401 0b001201 10002 100 25497 2005276026 11836 10459 356
0b000a01 0b000901 10000 100 68398 2005066610 322170 9896 344
0b001701 0b001c01 10001 100 1266358 2005166873 222968 114493 350
0b000701 0b000901 10001 100 9596929 2002911225 2516645 812926 194
0b001601 0b001001 10000 100 11414 2005433368 15957 9279 368
0b001a01 0b001801 10000 100 153695 2005443785 17329 17046 370
0b000a01 0b000101 10000 100 28646 2005458372 12832 10723 371
0b000f01 0b000001 10000 100 110237 2005509003 20536 17565 376
0b000b01 0b000701 10000 100 8496 2005534926 9368 9034 378
0b000601 0b000901 10000 100 771671 2005475398 73439 73018 372
0b001801 0b001201 10000 100 22494 2005556169 10210 10207 381
0b001001 0b001e01 10000 100 4239635 2004160796 1432669 363772 283
0b000f01 0b000201 10000 100 2557135 2005298504 310678 222713 359
0b000001 0b000101 10000 100 667520 2005503522 105783 60126 375
0b001401 0b001501 10000 100 5000 2005676579 5624 4579 389
0b001f01 0b001401 10001 100 60318 2005669055 15286 13379 388
0b001601 0b001101 10000 100 37506 2005720386 22759 11466 393
0b001501 0b001001 10000 100 69667 2005742852 16579 14162 395
0b001301 0b001e01 10001 100 36447 2005759648 63582 11377 396
0b001e01 0b001d01 10000 100 74354 2005831285 10704 10396 401
0b001d01 0b001301 10000 100 294923 2005820845 34465 33046 400
0b000701 0b000e01 10000 100 299776 2005857637 33147 33454 404
0b000801 0b000601 10001 100 3979314 2004942880 958913 341948 332
0b000501 0b000401 10001 100 141048 2005897240 16495 15989 409
0b001601 0b001701 10000 100 56898 2005895460 21797 8930 408
0b000c01 0b000701 10000 100 165214 2005905681 40578 22174 411
0b000d01 0b000301 10000 100 3377392 2004636023 1379355 291482 310
0b001701 0b001c01 10002 100 1471553 2005690634 358960 131696 390
0b001c01 0b001a01 10000 100 23870 2006047950 14203 10321 417
0b001401 0b001b01 10000 100 4093242 2005007142 1061205 351500 340
0b001001 0b001a01 10000 100 49508 2006131375 18439 12472 421
0b000f01 0b000001 10001 100 3795 2006113850 79303 8638 419
0b001001 0b001b01 10000 100 47530 2006237528 12232 12306 426
0b001901 0b001101 10000 100 3423 2006307088 8695 8609 428
0b001101 0b001601 10000 100 7166 2006382637 9758 8924 436
0b001101 0b001d01 10000 100 21448 2006400546 11557 10120 438
0b000601 0b000101 10000 100 27944 2006418868 10585 10663 439
0b000601 0b000a01 10000 100 908427 2006482071 90867 84484 442
0b000601 0b000101 10001 100 86742 2006548403 32342 15593 447
0b001801 0b001c01 10000 100 2594820 2006185222 410923 225870 422
0b001601 0b001501 10000 100 20854509 2002121140 4477551 1752603 130
0b001f01 0b001e01 10001 100 42846 2006637722 12442 7752 455
0b000001 0b000201 10000 100 4529614 2005442536 1215517 383924 369
0b001301 0b001601 10000 100 29473340 2002577635 4088855 2479367 166
0b000301 0b000b01 10000 100 396554 2006604213 65540 41568 449
0b001a01 0b001201 10000 100 8090 2006670171 9115 9001 457
0b001b01 0b001801 10000 100 1578 2006683398 4228 4293 459
0b001101 0b001701 10000 100 372054 2006745807 53140 39516 462
0b000b01 0b000d01 10000 100 37157 2006804912 13075 11438 467
0b001c01 0b001301 10000 100 64356 2006814834 15736 13718 468
0b001f01 0b001901 10000 100 844474 2006465449 373442 79122 441
0b001901 0b001001 10000 100 5410 2006868450 9145 8775 470
0b001001 0b001d01 10000 100 9067 2006950810 9587 9083 476
0b000401 0b000801 10000 100 125630 2006962077 29474 18854 477
0b000401 0b000b01 10000 100 115216 2006981999 27875 17982 478
0b001001 0b001201 10000 100 75456 2007017192 10460 10488 481
0b001c01 0b001601 10000 100 45451 2007044533 17438 12132 482
0b001601 0b001c01 10000 100 1892723 2005693089 1644832 167006 391
0b000b01 0b000a01 10000 100 1123697 2007230092 120755 98371 494
0b001701 0b001601 10000 100 1891 2007348780 4536 4318 502
0b001101 0b001301 10000 100 4393800 2006985208 369024 372536 479
0b001f01 0b001101 10001 100 69224 2007325053 37438 14126 500
0b001d01 0b001501 10000 100 10068 2007370322 9383 9167 503
0b000a01 0b000c01 10001 100 616250 2007308700 81520 59989 499
0b001e01 0b001101 10000 100 68202 2007391107 15107 14041 509
0b001f01 0b001d01 10000 100 10511244 2005879145 1541346 885425 405
0b001801 0b001201 10001 100 650657 2007383171 64907 62872 507
0b001401 0b001b01 10001 100 954935 2007284588 230280 88382 498
0b001201 0b001b01 10000 100 1022794 2007343977 209362 94071 501
0b001501 0b001b01 10000 100 900807 2007127682 433859 83844 487
0b001f01 0b001e01 10002 100 1192581 2007176139 419586 104147 490
0b001701 0b001f01 10001 100 68212 2007437319 164066 14041 512
0b001201 0b001c01 10001 100 58097 2007618529 16941 13194 521
0b001301 0b001d01 10000 100 66828 2007632731 14359 13923 523
0b001e01 0b001301 10000 100 83338 2007652837 16271 15309 525
0b001301 0b001c01 10000 100 4229 2007675320 8717 8677 527
0b000801 0b000601 10002 100 11155 2007734993 9786 9258 530
0b001301 0b001401 10000 100 66583 2007756692 15299 13903 532
0b001b01 0b001e01 10000 100 60354 2007770450 18392 13382 533
0b000301 0b000e01 10000 100 4554891 2006543583 1287458 390202 446
0b000b01 0b000f01 10000 100 7160441 2006348341 1493006 608653 431
0b001b01 0b001d01 10000 100 1908340 2007704111 182732 168317 529
0b001b01 0b001a01 10000 100 56901 2007919525 12313 8930 543
0b001d01 0b001a01 10001 100 1817537 2007661339 273632 160704 526
0b001d01 0b001501 10001 100 3815430 2007381409 592182 328207 505
0b001301 0b001001 10000 100 2101 2008006310 4271 4339 552
0b001b01 0b001601 10000 100 1278908 2007942667 127869 115544 546
0b000901 0b000a01 10000 100 20816 2007925896 157570 5905 545
0b001801 0b001f01 10001 100 23356 2008093692 12358 10280 556
0b001f01 0b001e01 10000 100 8441240 2005516297 2619118 711876 377
0b001901 0b001b01 10000 100 21302 2008161873 5908 5948 559
0b001b01 0b001301 10000 100 3843 2008225624 8593 8642 562
0b001001 0b001801 10000 100 1787 2008227735 8498 8470 563
0b000701 0b000c01 10000 100 2544 2008258850 8481 8535 566
0b000c01 0b000301 10001 100 7418 2008278853 8883 8944 567
0b001e01 0b001601 10000 100 20584 2008324721 19225 10047 569
0b000b01 0b000301 10002 100 16147 2008543759 13771 9677 583
0b000b01 0b000601 10002 100 7912676 2007909134 673066 671720 541
0b001401 0b001301 10000 100 83589 2008588342 15320 15329 589
0b000901 0b000101 10001 100 3271665 2008334468 361566 282617 571
0b000901 0b000a01 10001 100 4888 2008644165 92428 4570 594
0b000301 0b000801 10001 100 66719 2008730904 14966 13914 602
0b000f01 0b000701 10000 100 748400 2008667394 78767 71068 596
0b001d01 0b001a01 10002 100 14796 2008519774 229849 9561 579
0b001201 0b001601 10000 100 2098 2008854431 8742 8499 609
0b000e01 0b000101 10000 100 3085 2008866826 8524 8582 610
0b000401 0b000d01 10000 100 36595 2008892064 14211 11389 611
0b001201 0b001901 10000 100 8379841 2006745045 2165801 710886 461
0b001d01 0b001701 10002 100 8565723 2006627019 2333756 726471 453
0b000b01 0b000801 10001 100 47050 2008983726 8539 8108 620
0b000e01 0b000601 10000 100 123684 2009028953 18609 18690 622
0b000701 0b000501 10000 100 78076 2009049484 10574 10709 624
0b000801 0b000b01 10000 100 38558 2009081811 10782 7394 626
0b001701 0b001801 10001 100 1430069 2008969098 202970 128220 617
0b001801 0b001d01 10001 100 7260931 2006205179 2998787 617076 424
0b000701 0b000a01 10000 100 23378 2009209741 10274 10282 631
0b001c01 0b001101 10000 100 45736 2009214018 12165 12155 632
0b000501 0b000001 10000 100 9874 2009230023 9085 9148 634
0b000f01 0b000a01 10001 100 1975 2009233075 8450 8485 635
0b001e01 0b001901 10000 100 30884 2009040520 244079 10909 623
0b001201 0b001101 10000 100 6229 2009305689 5599 4685 638
0b000a01 0b000d01 10002 100 6018 2009301655 88888 8828 637
0b001901 0b001301 10001 100 118161 2009369282 21751 18229 643
0b000e01 0b000d01 10001 100 21501 2009388437 7039 5964 644
0b001101 0b001a01 10000 100 173 2009451675 8098 8337 649
0b001f01 0b001001 10000 100 582494 2009311226 153242 57158 639
0b000b01 0b000d01 10001 100 1510998 2009176506 416984 135002 630
0b001301 0b001a01 10000 100 21018 2009590739 11345 10085 658
0b000f01 0b000c01 10001 100 2501327 2009298203 339564 213873 636
0b001201 0b001601 10001 100 40983 2009569469 69765 11756 657
0b000801 0b000201 10000 100 66294 2009669489 14869 13880 662
0b000d01 0b000001 10000 100 3035442 2009469184 275864 262813 651
0b001101 0b001f01 10001 100 44663 2009824662 52181 12065 670
0b001f01 0b001401 10002 100 9309822 2007386936 2523585 788856 508
0b001e01 0b001a01 10001 100 71146 2009935307 15627 14288 677
0b000f01 0b000b01 10000 100 22151 2009958048 10229 10180 679
0b000a01 0b000701 10000 100 1939982 2009796646 174068 170968 668
0b001901 0b001801 10001 100 13605 2010007958 5242 5302 684
0b001501 0b001d01 10000 100 8068713 2008591764 1495162 684802 590
0b001301 0b001901 10000 100 42525 2010078694 11908 11887 691
0b001001 0b001701 10001 100 5850218 2007637971 2456484 498805 524
0b001b01 0b001601 10001 100 509712 2010217672 50588 51055 701
0b001a01 0b001d01 10001 100 1246730 2009885330 392832 112846 675
0b001801 0b001401 10001 100 28209 2010274229 13219 10688 708
0b001b01 0b001301 10001 100 846118 2010286781 78789 79261 709
0b001f01 0b001501 10001 100 1555044 2010044563 344229 138698 687
0b001a01 0b001b01 10000 100 48483 2010390698 8829 8226 712
0b001501 0b001001 10001 100 42950 2010400933 13668 11921 713
0b000701 0b000901 10002 100 1607355 2010261143 188291 143083 705
0b000e01 0b000d01 10002 100 703278 2010165304 308592 63125 698
0b000b01 0b000601 10003 100 11444 2010469017 10970 9281 719
0b001901 0b001701 10000 100 229374 2010495327 61472 27553 722
0b000e01 0b000b01 10000 100 54814 2010566652 14617 12916 725
0b001701 0b001501 10001 100 8946 2010617943 6387 4910 730
0b000c01 0b000101 10001 100 23923 2010637376 14494 10326 732
0b000b01 0b000f01 10001 100 2277449 2010230607 444409 199263 703
0b000601 0b000301 10000 100 38209 2010687023 11439 11526 739
0b001901 0b001c01 10001 100 159528 2010675509 25058 21696 736
0b001a01 0b001f01 10000 100 72783 2010676416 26977 14422 737
0b000601 0b000a01 10001 100 5785 2010702258 9007 8805 741
0b001f01 0b001b01 10000 100 40828 2010699182 12883 11743 740
0b000901 0b000e01 10000 100 8628807 2010013347 734437 731759 686
0b001b01 0b001a01 10001 100 1187 2010776003 4293 4262 747
0b001001 0b001201 10001 100 2105302 2010617882 208041 180671 729
0b000401 0b000a01 10000 100 48226 2010815528 14493 12366 751
0b000601 0b000701 10000 100 59278 2010878514 9014 9132 760
0b000801 0b000c01 10000 100 4688758 2008974156 1930680 401426 618
0b000501 0b000401 10002 100 3189537 2010657027 269815 271572 735
0b000a01 0b000f01 10000 100 109162 2010921004 19398 17475 763
0b000d01 0b000f01 10000 100 2716565 2010363099 620901 231918 711
0b001201 0b001a01 10001 100 1871 2010982496 8737 8477 772
0b001c01 0b001f01 10001 100 41216 2010998122 12642 7618 777
0b000601 0b000c01 10000 100 72282 2011003620 14509 14382 778
0b000c01 0b000e01 10000 100 470301 2010933161 121538 43592 767
0b000a01 0b000001 10000 100 66613 2011065160 16515 13906 784
0b001801 0b001001 10000 100 1518040 2011040845 245333 135596 779
0b001f01 0b001401 10003 100 74298 2011211589 89057 14551 790
0b000501 0b000b01 10001 100 12836 2011313416 9836 9396 797
0b001301 0b001a01 10001 100 1347859 2011178463 201578 121325 789
0b001401 0b001201 10003 100 1048789 2011290897 145760 96251 796
0b001101 0b001c01 10000 100 1929853 2010996868 521445 170119 776
0b001301 0b001101 10000 100 42922 2011505548 16484 7758 812
0b001301 0b001901 10001 100 34044 2011499742 36462 11177 810
0b001d01 0b001101 10001 100 689 2011577320 29439 8378 816
0b000f01 0b000001 10002 100 6184 2011630201 9259 8841 821
0b001301 0b001e01 10002 100 6108 2011686592 13052 8835 822
0b001a01 0b001501 10000 100 9176929 2009616965 2132020 777714 660
0b001501 0b001701 10000 100 146917 2011797719 27253 16477 828
0b001901 0b001c01 10002 100 1468458 2011617042 219969 131437 819
0b001801 0b001601 10000 100 1697 2011759480 77971 8463 826
0b001301 0b001f01 10000 100 61760 2011502649 491730 13498 811
0b001f01 0b001501 10002 100 141839 2011871061 148603 20212 832
0b001201 0b001a01 10000 100 11879136 2008728103 3293582 1004270 600
0b001101 0b001001 10001 100 2113258 2011812250 216001 181338 829
0b001f01 0b001101 10002 100 4211932 2011498249 548224 361448 808
0b001801 0b001101 10000 100 60169 2012059062 14453 13367 843
0b001501 0b001101 10000 100 37337 2012191833 14709 11452 848
0b001201 0b001401 10000 100 7398214 2009359401 2965676 628589 642
0b001401 0b001601 10001 100 67165 2012325033 15221 9794 856
0b000c01 0b000201 10000 100 76709 2012353384 17797 14752 859
0b000701 0b000901 10003 100 154160 2012353973 28793 21248 860
0b001d01 0b001e01 10000 100 14006 2012382232 5993 5338 864
0b001d01 0b001201 10001 100 20556 2012422971 11545 10045 867
0b000501 0b000b01 10002 100 4724026 2011408224 1073668 404386 801
0b001301 0b001e01 10003 100 24051 2012464125 25031 10340 873
0b001f01 0b001b01 10001 100 34370 2012489094 13048 11204 877
0b001f01 0b001e01 10003 100 7079 2012510392 4938 4757 878
0b001801 0b001601 10001 100 248150 2012462102 62733 29128 872
0b001901 0b001f01 10001 100 63727 2012589611 14993 13663 888
0b001d01 0b001101 10003 100 78462 2012600280 34087 14900 890
0b000f01 0b000801 10001 100 15168194 2008405162 4243094 1280024 574
0b000501 0b000201 10000 100 47888 2012690156 12240 12335 896
0b001d01 0b001701 10001 100 25527766 2005999574 6724758 2148568 415
0b000601 0b000801 10000 100 30591 2012734832 18020 10886 901
0b001d01 0b001e01 10001 100 70486 2012803966 18120 10071 904
0b001d01 0b001101 10002 100 1980483 2012436601 405310 174365 870
0b001c01 0b001e01 10000 100 33561 2012836651 8898 6975 908
0b001101 0b001701 10002 100 72857 2012822578 51194 14428 907
0b001c01 0b001701 10000 100 8413475 2010610085 2520563 713707 728
0b000801 0b000001 10000 100 177211 2013127106 35613 23180 921
0b000801 0b000501 10001 100 18090 2013172765 9870 9840 926
0b000701 0b000e01 10001 100 33409 2013194536 11040 11123 927
0b001e01 0b001601 10001 100 5476959 2011064980 2274983 467508 783
0b001b01 0b001201 10000 100 6023 2013493893 9201 8828 950
0b001901 0b001c01 10003 100 106497 2013547191 21837 17250 953
0b001f01 0b001001 10001 100 2958859 2013293781 314570 256391 936
0b000701 0b000001 10001 100 77752 2013641824 21062 14839 961
0b001d01 0b001901 10000 100 136417 2013673582 20910 19759 963
0b001a01 0b001e01 10001 100 6683913 2011884306 1826519 568699 833
0b001a01 0b001301 10000 100 605563 2013288788 430293 59092 935
0b001c01 0b001001 10000 100 1917832 2013520767 253129 169111 951
0b001901 0b001e01 10001 100 6501 2013765520 9443 8866 971
0b001101 0b001701 10001 100 9561296 2011451105 2383919 809941 804
0b001001 0b001801 10001 100 12654871 2010313823 3573758 1069304 710
0b001b01 0b001501 10000 100 73814 2013971038 19008 14509 989
0b001001 0b001d01 10001 100 1174270 2013786773 204276 106773 973
0b001101 0b001c01 10001 100 2882043 2013321837 687065 249954 940
0b001e01 0b001501 10000 100 193544 2014007680 34598 24548 991
0b001c01 0b001d01 10001 100 1252476 2013956878 134865 109169 987
0b001a01 0b001b01 10001 100 70006 2014174466 50597 10033 1003
0b001501 0b001601 10000 100 435141 2014188899 56065 40645 1004
0b001f01 0b001801 10001 100 2730074 2013955605 292121 237212 986
0b000b01 0b000301 10003 100 938856 2014235895 86191 87034 1008
0b000b01 0b000601 10004 100 1668 2014329646 8508 8461 1013
0b001301 0b001101 10001 100 50970 2014485912 10984 8433 1025
0b001101 0b001c01 10002 100 9285 2014495923 9847 9101 1026
0b000a01 0b000101 10001 100 46817 2014540871 12755 12245 1031
0b001f01 0b001901 10001 100 237 2014554416 8138 8342 1032
0b001301 0b001401 10001 100 35720 2014470197 169458 11315 1024
0b001c01 0b001801 10000 100 4234733 2013314228 1358680 363361 939
0b001f01 0b001601 10000 100 1551751 2014305137 439605 138419 1010
0b001b01 0b001f01 10000 100 26018 2014695500 103328 10505 1044
0b001501 0b001701 10001 100 20561 2014799888 7159 5885 1050
0b001401 0b001b01 10002 100 6617 2014818186 9837 8876 1055
0b001a01 0b001501 10001 100 8351065 2010568757 4331662 708476 726
0b001201 0b001501 10000 100 18100883 2009852577 5074145 1525898 672
0b001a01 0b001801 10001 100 76768 2014912976 42255 10597 1060
0b001501 0b001f01 10001 100 5142327 2013440117 1539510 439455 947
0b000a01 0b000f01 10001 100 34017 2014968817 11112 11175 1068
0b001401 0b001101 10001 100 23449679 2011053745 3958144 1974342 780
0b001e01 0b001c01 10000 100 20931 2015004797 7940 5915 1071
0b001501 0b001d01 10001 100 53198 2015029639 12917 12783 1074
0b001a01 0b001901 10001 100 6846781 2011777015 3325221 578194 827
0b001401 0b001201 10004 100 3922775 2014530666 573231 337206 1029
0b001b01 0b001801 10001 100 2693 2015137209 4338 4386 1083
0b000801 0b000701 10000 100 27285 2015135005 17231 10610 1082
0b001d01 0b001901 10001 100 288112 2015142125 44525 32478 1084
0b000901 0b000801 10000 100 25592 2015259587 6266 6307 1089
0b001b01 0b001201 10001 100 79100 2015367860 45609 14955 1099
0b001a01 0b001e01 10000 100 9692133 2010429182 5003463 820911 716
0b001401 0b001701 10001 100 74905 2015444173 15264 10440 1107
0b001c01 0b001601 10001 100 32147 2015448720 13181 11018 1108
0b001801 0b001701 10001 100 1552852 2015042504 509201 138511 1075
0b001501 0b001401 10002 100 27633 2015561330 6386 6478 1122
0b000b01 0b000501 10000 100 2408 2015585862 8536 8524 1125
0b001e01 0b001701 10002 100 9451639 2012465322 3148393 800746 874
0b001d01 0b001801 10000 100 1243161 2015542605 196641 112549 1117
0b000a01 0b000901 10001 100 38666 2015737908 7403 7403 1137
0b001101 0b001401 10001 100 6525 2015387485 360826 8868 1101
0b001d01 0b001101 10005 100 14400 2015782686 12038 9529 1139
0b000e01 0b000901 10001 100 22065 2015832919 10701 10173 1141
0b001d01 0b001101 10004 100 3249831 2015560663 371089 280786 1121
0b001a01 0b001601 10001 100 7346 2015962346 9596 8938 1149
0b000e01 0b000401 10000 100 74671 2015980324 14464 14581 1150
0b001001 0b001401 10000 100 2129047 2015999578 188063 186822 1151
0b001f01 0b001401 10004 100 36377 2016012992 182968 11372 1152
0b001e01 0b001f01 10000 100 32571 2016212222 9880 6892 1170
0b001801 0b001501 10001 100 11711 2016217693 10124 9302 1172
0b001e01 0b001501 10001 100 37089 2016222904 14676 11433 1173
0b000501 0b000901 10002 100 9962 2016236317 9092 9155 1176
0b001f01 0b001d01 10001 100 1109074 2016168271 98639 97148 1166
0b001c01 0b001301 10001 100 77271 2016462176 20755 14801 1193
0b000b01 0b000101 10001 100 632807 2016365872 139510 61375 1185
0b001201 0b001701 10000 100 15305 2016275140 251299 9605 1178
0b001301 0b001101 10002 100 1479064 2016398468 147886 128168 1189
0b001401 0b001e01 10001 100 32138 2016545096 13406 11017 1198
0b001b01 0b001201 10002 100 6930 2016609172 9663 8901 1207
0b001901 0b001501 10000 100 74563 2016624176 16530 14573 1210
0b001301 0b001601 10001 100 325636 2016387648 394249 35622 1187
0b001f01 0b001401 10005 100 2934 2016811312 8521 8566 1224
0b001501 0b001001 10002 100 62776 2016838760 15472 13584 1225
0b001d01 0b001301 10001 100 49906 2016890061 13756 12504 1230
0b001a01 0b001f01 10001 100 8936051 2015401026 1523822 757522 1102
0b001a01 0b001601 10002 100 70294 2016599396 368531 14216 1204
0b001201 0b001c01 10002 100 31894 2017022733 11152 10994 1240
0b001f01 0b001e01 10004 100 22701 2017068220 7715 6064 1242
0b001901 0b001001 10001 100 3798078 2016271879 814499 326754 1177
0b001e01 0b001501 10002 100 933947 2016734408 357225 86622 1218
0b001001 0b001901 10000 100 48217 2017098948 16207 12365 1245
0b001801 0b001f01 10002 100 77473 2017138990 17093 14817 1246
0b001801 0b001601 10002 100 23370208 2012908728 4250285 1967681 912
0b001d01 0b001101 10006 100 820047 2016961128 205951 77076 1236
0b001e01 0b001701 10003 100 9488508 2014203800 2976530 803838 1005
0b000b01 0b000901 10001 100 4113 2017399847 4823 4508 1266
0b001101 0b001e01 10001 100 27884510 2012662407 4787978 2346159 895
0b001201 0b001501 10001 100 21946 2017541947 10087 10160 1277
0b000901 0b000c01 10001 100 46090 2017601229 27411 12187 1285
0b001901 0b001201 10001 100 71887 2017603095 26702 14347 1286
0b001f01 0b001101 10003 100 3622 2017711543 8624 8625 1293
0b000901 0b000f01 10000 100 356011 2017575804 145526 38171 1280
0b001801 0b001301 10000 100 3434175 2017539855 342016 296244 1276
0b000901 0b000601 10000 100 12387 2017872092 13787 9360 1302
0b001f01 0b001001 10002 100 123889 2018043676 23276 18707 1313
0b000901 0b000001 10001 100 65601 2018051391 29925 13821 1314
0b001301 0b001f01 10001 100 19914 2018081651 12923 9989 1318
0b001101 0b001d01 10001 100 168758 2018082173 23677 22469 1319
0b000b01 0b000d01 10002 100 3706 2018109420 8848 8631 1323
0b001301 0b001801 10001 100 29538 2018186190 10867 10798 1332
0b001d01 0b001301 10002 100 497413 2018144771 60156 50025 1328
0b001a01 0b001601 10003 100 43592 2018333039 12964 11976 1339
0b000a01 0b000201 10001 100 47431 2018341021 12204 12298 1342
0b000801 0b000301 10000 100 6015 2018522386 8946 8828 1356
0b000b01 0b000601 10005 100 13693074 2016075546 2487579 1156350 1158
0b001d01 0b001101 10007 100 2968379 2018333464 309771 257191 1340
0b001a01 0b001101 10000 100 3237492 2017759465 956735 279753 1296
0b001f01 0b001001 10003 100 16819 2018725040 9682 9730 1369
0b001c01 0b001101 10001 100 163204 2018793157 26379 22006 1376
0b001901 0b001e01 10002 100 15707 2018818836 9582 9638 1379
0b000901 0b000c01 10002 100 3042279 2018386530 484309 263387 1347
0b000501 0b000401 10003 100 6535658 2018329087 556744 552110 1338
0b000801 0b000101 10000 100 62707 2018907980 13518 13578 1384
0b001c01 0b001d01 10002 100 69633 2019184670 9872 9999 1406
0b001301 0b001501 10000 100 192 2019212270 17496 8339 1408
0b001d01 0b001501 10002 100 8818 2019428345 8998 9060 1426
0b001e01 0b001201 10000 100 8959168 2017661845 1779431 759459 1290
0b001d01 0b001401 10000 100 33023 2019481536 11009 11092 1429
0b000801 0b000e01 10001 100 24977 2019557133 10338 10414 1433
0b001801 0b001701 10002 100 2318023 2019388595 200664 202666 1423
0b000b01 0b000801 10002 100 20546 2019588869 5907 5884 1436
0b000b01 0b000a01 10001 100 13974 2019687046 5338 5331 1441
0b000a01 0b000501 10001 100 4379407 2018450436 1288293 375491 1352
0b001f01 0b001c01 10000 100 1183575 2019652798 102329 103392 1439
0b001c01 0b001a01 10001 100 612338 2019836728 59105 59660 1449
0b001901 0b001401 10000 100 953414 2019891209 114375 88256 1452
0b001301 0b001501 10001 100 1773600 2019848166 157474 157020 1451
0b001f01 0b001901 10002 100 62420 2020011580 13448 13555 1461
0b001f01 0b001c01 10001 100 25133 2020111680 6180 6270 1469
0b000901 0b000c01 10003 100 1797357 2020062003 157448 159012 1467
0b001801 0b001501 10002 100 5745 2020335885 9173 8802 1482
0b001f01 0b001301 10000 100 596242 2020435958 57756 58311 1488
0b001b01 0b001601 10002 100 111554 2020438163 77325 17674 1489
0b001a01 0b001701 10000 100 15842 2020311313 363844 9648 1479
0b001101 0b001701 10003 100 7338818 2020152905 619182 623607 1472
0b001b01 0b001a01 10002 100 37127 2020774911 7175 7276 1506
0b001b01 0b001401 10000 100 444099 2020284891 497889 45556 1478
0b001a01 0b001101 10001 100 30587 2020786461 10805 10886 1507
0b001c01 0b001901 10000 100 1041542 2020660839 181077 95644 1500
0b001d01 0b001f01 10000 100 67936 2020896229 15295 9856 1520
0b000801 0b000a01 10000 100 384806 2020926704 107123 36422 1523
0b000501 0b000201 10001 100 3530 2021045729 8560 8617 1526
0b001801 0b001901 10000 100 16312 2021130810 5447 5530 1533
0b001101 0b001d01 10002 100 8314 2021354822 9589 9019 1542
0b001c01 0b001f01 10002 100 8412928 2020656316 794454 709500 1499
0b001901 0b001a01 10000 100 651778 2021374921 85914 58805 1543
0b001b01 0b001401 10001 100 1625663 2021389071 143196 144616 1545
0b001f01 0b001901 10003 100 20198 2021630067 10061 10016 1566
0b001f01 0b001001 10004 100 22863 2021753540 10827 10237 1573
0b001301 0b001501 10002 100 3150845 2021489498 281400 272487 1557
0b000501 0b000901 10003 100 42313 2021872892 11891 11870 1586
0b001301 0b001601 10002 100 60316 2021929056 13274 13379 1588
0b001f01 0b001101 10004 100 110952 2021937941 22071 17622 1589
0b001801 0b001601 10003 100 5814 2022019291 8748 8808 1595
0b001b01 0b001d01 10001 100 1667309 2021939568 146654 148109 1590
0b001a01 0b001b01 10002 100 56372 2022281340 13406 8888 1610
0b001e01 0b001601 10002 100 2707 2022312277 8491 8548 1612
0b001301 0b001501 10003 100 17982 2022691798 9758 9827 1631
0b000b01 0b000001 10002 100 27604 2022696331 12784 10635 1632
0b001901 0b001a01 10001 100 112400 2022830690 40966 13585 1643
0b000801 0b000901 10000 100 21721 2022865814 5987 5982 1647
0b001f01 0b001b01 10002 100 73538 2023021222 20372 14487 1655
0b001f01 0b001a01 10000 100 2642283 2022818475 237084 229851 1641
0b001b01 0b001e01 10001 100 48347 2023060952 13608 12375 1658
0b000901 0b000a01 10002 100 7529012 2022443572 730927 635396 1619
0b001301 0b001d01 10001 100 45545 2023292801 12091 12140 1682
0b001301 0b001c01 10001 100 25844 2023384225 13850 10487 1689
0b001301 0b001001 10001 100 46666 2023278034 141860 8073 1681
0b001801 0b001401 10002 100 1929700 2023249267 171947 170107 1677
0b000b01 0b000901 10002 100 27909 2023414878 6408 6500 1691
0b001e01 0b001b01 10001 100 1710035 2023333781 155399 151693 1685
0b001901 0b001201 10002 100 48587 2023535598 13624 12395 1698
0b001801 0b001f01 10003 100 75048 2023584033 26362 14615 1701
0b001e01 0b001801 10000 100 3456 2023668092 8554 8611 1710
0b001101 0b001f01 10002 100 5079895 2023362130 443971 434218 1687
0b001901 0b001001 10002 100 9856169 2021468458 2361406 834664 1553
0b001d01 0b001f01 10001 100 455407 2023800516 41892 42343 1720
0b001e01 0b001801 10001 100 47148 2023898851 12589 12276 1723
0b001f01 0b001501 10003 100 1812855 2024033462 158733 160310 1735
0b001901 0b001b01 10001 100 4549465 2023995021 383023 385589 1732
0b001e01 0b001001 10000 100 27589 2024387597 10576 10634 1757
0b001e01 0b001001 10001 100 21017 2024449827 10029 10085 1761
0b001d01 0b001e01 10002 100 51975 2024601989 16994 8517 1772
0b001c01 0b001f01 10003 100 2994824 2024589558 263715 255246 1770
0b001a01 0b001801 10002 100 57616 2024893314 15998 8992 1794
0b001801 0b001601 10004 100 23485 2025150292 11270 10290 1811
0b001e01 0b001801 10002 100 10314 2025157686 9368 9187 1812
0b001f01 0b001401 10006 100 70541 2025232051 15284 14235 1818
0b001a01 0b001e01 10002 100 7843368 2023699582 1634754 665910 1712
0b001b01 0b001901 10000 100 7324 2025396372 4701 4776 1828
0b001b01 0b001f01 10001 100 11 2025398657 8032 8324 1830
0b001a01 0b001e01 10003 100 1747442 2025059466 360358 154827 1804
0b001801 0b001501 10003 100 166113 2025398336 24960 22250 1829
0b001101 0b001d01 10003 100 31701 2025512481 11549 10978 1835
0b001a01 0b001601 10004 100 13948 2025627340 10172 9489 1846
0b001d01 0b001601 10000 100 4767696 2024511721 1388876 408044 1764
0b001101 0b001401 10002 100 1845345 2025792592 161431 163036 1860
0b001a01 0b001001 10000 100 15302 2025945630 9537 9605 1873
0b001d01 0b001c01 10000 100 864234 2025966968 147540 76620 1875
0b001301 0b001601 10003 100 9629174 2024352530 1800516 815633 1755
0b001901 0b001f01 10002 100 2188 2026281034 8564 8506 1897
0b001901 0b001d01 10002 100 25547 2026283864 12500 10463 1898
0b001d01 0b001301 10003 100 8460 2026365585 9606 9031 1904
0b001901 0b001b01 10002 100 62878 2026417853 14510 9432 1908
0b001301 0b001b01 10002 100 1872686 2026462498 163959 165327 1909
0b001901 0b001801 10002 100 15541 2026841437 6646 5464 1934
0b001b01 0b001701 10001 100 15704 2026914512 10780 9637 1942
0b001301 0b001d01 10002 100 2818938 2026704121 242237 244660 1926
0b001b01 0b001c01 10001 100 127680 2027009655 29330 19025 1952
0b001901 0b001e01 10003 100 1526 2027107544 8484 8449 1963
0b001c01 0b001401 10000 100 55323 2027117064 15183 12960 1964
0b001b01 0b001001 10000 100 4091118 2026605275 613755 351322 1922
0b001f01 0b001b01 10003 100 151143 2027297605 25876 20995 1975
0b001d01 0b001601 10001 100 2336025 2027038676 498949 204176 1955
0b001901 0b001101 10001 100 29632 2027523979 21308 10805 1986
0b001a01 0b001e01 10004 100 6263 2027588530 8799 8847 1989
0b001101 0b001b01 10000 100 44922 2027692759 13073 12086 1998
0b001a01 0b001601 10005 100 9577 2027707529 9310 9124 2000
0b001e01 0b001b01 10002 100 67922 2028114947 13903 14014 2029
0b001f01 0b001301 10001 100 6007859 2027305007 871096 512019 1976
0b001301 0b001601 10004 100 6488692 2026975801 1275650 552333 1949
0b001b01 0b001a01 10003 100 8025 2028258238 4760 4836 2037
0b001f01 0b001301 10002 100 9616 2028475813 9761 9127 2057
0b001e01 0b001c01 10001 100 3587 2028641760 4390 4462 2071
0b001101 0b001501 10000 100 136792 2028660009 19620 19789 2074
0b001301 0b001401 10002 100 95062 2028885441 16158 16293 2089
0b001801 0b001701 10003 100 64707 2028922362 30376 13746 2092
0b001c01 0b001601 10002 100 77590 2029335115 14707 14826 2113
0b001801 0b001001 10001 100 1245444 2028990335 363575 112740 2097
0b001d01 0b001e01 10003 100 1553 2029350101 4330 4291 2114
0b001d01 0b001e01 10004 100 508487 2029373206 88538 46793 2115
0b001901 0b001001 10003 100 130903 2029416835 212870 19295 2119
0b001801 0b001e01 10000 100 1553040 2029244337 389290 138530 2110
0b001d01 0b001b01 10000 100 36441 2029659770 11292 11377 2125
0b001b01 0b001f01 10002 100 2400371 2029711138 207498 209569 2126
0b001301 0b001001 10002 100 594767 2029885984 53458 54026 2132
Average intra_dc ratio: 2.501351154345734
