0b000501 0b000901 10000 100 5567 2000126601 8729 8788 4
0b001201 0b001c01 10000 100 24939 2000151615 10335 10411 6
0b001401 0b001d01 10000 100 31016 2000303264 10968 10924 17
0b001c01 0b001201 10000 100 1212 2000318703 8368 8424 19
0b001501 0b001f01 10000 100 41624 2000334405 11721 11811 22
0b000901 0b000201 10000 100 52153 2000334121 12705 12695 21
0b000401 0b000e01 10000 100 13450 2000415413 9383 9449 30
0b000301 0b000701 10000 100 61284 2000415210 18472 13460 29
0b000c01 0b000b01 10000 100 74003 2000446745 20493 14528 32
0b001f01 0b001801 10000 100 1665 2000591267 8587 8460 41
0b000e01 0b000301 10000 100 23245 2000593713 12103 10271 42
0b001c01 0b001b01 10000 100 76022 2000608823 14890 14697 44
0b001201 0b001301 10000 100 9412 2000635674 4874 4951 47
0b000301 0b000901 10000 100 1413635 2000463483 245982 126840 34
0b001901 0b001c01 10000 100 54480 2000693833 17192 12889 51
0b000c01 0b000101 10000 100 5753426 2000239754 508122 490689 13
0b001901 0b001e01 10000 100 4735341 2000359430 405825 405333 24
0b000b01 0b000001 10000 100 1853061 2000558924 267783 163684 38
0b000201 0b000101 10000 100 1533308 2000715362 144576 132715 52
0b001e01 0b001701 10000 100 49173 2000901602 12349 12445 62
0b000801 0b000e01 10000 100 1361973 2000845042 124581 122507 59
0b001801 0b001b01 10000 100 150845 2000956266 16612 16807 64
0b000c01 0b001401 10000 100 2090 2000025862 1012504 1012543 0
0b000a01 0b001f01 10000 100 46303 2000050550 1020005 1016249 1
0b000f01 0b001f01 10000 100 3936 2000076758 1012741 1012695 2
0b000a01 0b000e01 10000 100 76228 2001067987 27320 14713 68
0b000301 0b000d01 10000 100 25493 2001091263 11047 10459 70
0b000e01 0b001f01 10000 100 9278 2000109178 1013112 1013145 3
0b000c01 0b000b01 10001 100 139923 2001106930 47474 20051 72
0b001501 0b001401 10000 100 11813 2001183045 5072 5151 79
0b001701 0b000001 10000 100 12578 2000175025 1015254 1013421 8
0b001301 0b000f01 10000 100 296492 2000165754 1037037 1037224 7
0b000801 0b001401 10000 100 87815 2000183720 1019605 1019728 9
0b000901 0b001301 10000 100 9522 2000207220 1013196 1013165 10
0b000a01 0b000c01 10000 100 146641 2001217941 37640 20615 81
0b001401 0b000801 10000 100 25240 2000342094 1015623 1014484 23
0b000401 0b001a01 10000 100 2467 2000332996 1036381 1012573 20
0b000501 0b001201 10000 100 1774036 2000145013 1232528 1161103 5
0b000501 0b001201 10001 100 46285 2000299168 1096819 1016248 16
0b001b01 0b000801 10000 100 25335 2000386536 1015600 1014491 25
0b001a01 0b001d01 10000 100 23162 2001399609 10234 10265 89
0b001401 0b000601 10000 100 27789 2000401081 1014652 1014695 26
0b001b01 0b001c01 10000 100 61103 2001474253 13696 13446 92
0b000f01 0b001201 10000 100 2243365 2000247974 1246697 1200451 14
0b000501 0b001901 10000 100 23949 2000485954 1016276 1014373 35
0b001b01 0b000701 10000 100 1527025 2000227295 1277839 1140394 12
0b000801 0b000601 10000 100 20586 2001524679 9991 10047 94
0b000a01 0b001d01 10000 100 63868 2000537279 1017988 1017720 36
0b001101 0b000701 10000 100 35538 2000549955 1016970 1015346 37
0b001a01 0b000701 10000 100 142282 2000401832 1177056 1024296 27
0b000901 0b001b01 10000 100 77238 2000566098 1019595 1018843 40
0b000c01 0b000501 10000 100 16627 2001332065 290571 9715 88
0b000501 0b000401 10000 100 6891178 2000424662 1219042 581919 31
0b001f01 0b000701 10000 100 51268 2000635885 1020802 1016666 48
0b001001 0b000b01 10000 100 356835 2000600325 1077237 1042282 43
0b000e01 0b001901 10000 100 6582 2000667298 1012860 1012918 49
0b001f01 0b000e01 10000 100 2672942 2000454618 1242908 1236464 33
0b001801 0b001b01 10001 100 1096 2001696712 9104 4255 108
0b000b01 0b000601 10000 100 320354 2001629784 76373 35180 100
0b001401 0b000b01 10000 100 54485 2000686158 1021771 1016935 50
0b000001 0b000601 10000 100 51652 2001706227 18499 12651 109
0b000701 0b000901 10000 100 8342038 2000314996 1422814 707720 18
0b001601 0b000001 10000 100 63327 2000717198 1021811 1017676 53
0b000801 0b001701 10000 100 27815 2000755845 1014630 1014697 56
0b000701 0b000b01 10000 100 9493054 2000263422 1520568 804221 15
0b001f01 0b001101 10000 100 3502490 2001547811 301622 301970 96
0b000a01 0b001401 10000 100 75802 2000837930 1018623 1018721 58
0b000f01 0b000801 10000 100 161919 2001827414 41414 21895 117
0b000801 0b001d01 10000 100 8906 2000859791 1013740 1013112 60
0b000401 0b001001 10001 100 33794 2000864303 1016100 1015199 61
0b001001 0b001501 10000 100 650570 2001810330 119308 62865 114
0b001701 0b001a01 10000 100 3911 2001942193 8590 8648 121
0b001901 0b001f01 10000 100 45572 2001941243 15752 12142 120
0b001b01 0b000d01 10000 100 70453 2000821929 1150280 1018273 57
0b000501 0b001101 10000 100 5122 2000962256 1013030 1012797 65
0b000301 0b001301 10000 100 5915248 2000404391 1640525 1508302 28
0b000f01 0b001d01 10000 100 74037 2001029715 1018696 1018575 67
0b001401 0b001701 10000 100 67316 2002056338 9681 9806 127
0b000b01 0b000301 10000 100 14280 2002092381 11130 9520 129
0b000c01 0b001f01 10000 100 981643 2001011742 1100008 1094667 66
0b001a01 0b000e01 10000 100 40523 2001102914 1015741 1015764 71
0b000001 0b001f01 10000 100 20080 2001146943 1015770 1014052 76
0b001301 0b001b01 10000 100 9498402 2001074325 1099796 804668 69
0b000e01 0b001701 10000 100 159540 2001156203 1026220 1025742 77
0b000901 0b001001 10000 100 65105 2001182125 1017878 1017826 78
0b001901 0b001301 10000 100 3058852 2001746488 456540 264774 111
0b001201 0b001f01 10000 100 195571 2002206204 24759 24718 138
0b000901 0b000101 10000 100 2886020 2001282511 970990 250287 84
0b001401 0b001e01 10000 100 38366 2002255008 11814 11539 143
0b001501 0b000d01 10000 100 3492671 2000740861 1535756 1305191 55
0b001601 0b000c01 10000 100 24356 2001262205 1014921 1014409 83
0b000b01 0b001401 10000 100 49960 2001249610 1038048 1016553 82
0b000e01 0b000301 10001 100 189985 2002280348 35206 24248 147
0b001e01 0b001701 10001 100 1425644 2002235987 128152 127847 140
0b000701 0b001e01 10000 100 270967 2001311760 1079686 1035083 86
0b000901 0b000001 10000 100 26830 2002387230 22267 10570 152
0b001301 0b000301 10000 100 1598864 2001129415 1288838 1146414 74
0b000e01 0b001201 10000 100 745582 2001305117 1123009 1074876 85
0b001801 0b001d01 10000 100 855920 2002356916 81240 80080 151
0b001c01 0b000001 10000 100 76680 2001440355 1024397 1018795 90
0b000901 0b000301 10000 100 3969 2002490506 8706 8652 158
0b000401 0b000c01 10000 100 1657971 2002237738 270215 147324 141
0b001401 0b000401 10000 100 1617694 2000727994 1781714 1147993 54
0b000d01 0b001501 10000 100 1543117 2001331825 1183358 1141743 87
0b001801 0b001501 10000 100 21386 2002412973 118454 10115 154
0b000a01 0b000d01 10000 100 1408134 2002326209 210780 126381 149
0b000e01 0b000901 10000 100 44809 2002554450 13612 12077 162
0b000b01 0b001c01 10000 100 783342 2001468356 1101151 1078042 91
0b000901 0b000b01 10000 100 773 2002571178 4225 4225 165
0b000701 0b000101 10000 100 49511 2002568502 32145 12472 164
0b001301 0b001201 10000 100 1093 2002619450 4213 4255 170
0b001701 0b000501 10000 100 62783 2001186736 1454299 1017629 80
0b001a01 0b000b01 10000 100 24467 2001630763 1014605 1014418 101
0b001401 0b000901 10000 100 77381 2001650289 1018882 1018855 103
0b000801 0b001901 10000 100 24273 2001659494 1016895 1014402 104
0b001001 0b001601 10000 100 449629 2002603457 83793 46018 168
0b000401 0b001101 10000 100 4979 2001670616 1018011 1012782 105
0b001001 0b001301 10000 100 26949 2002683766 6499 6419 175
0b001401 0b000801 10001 100 47451 2001682274 1016286 1016345 107
0b001301 0b000a01 10000 100 71069 2001675559 1030008 1018327 106
0b000b01 0b000601 10001 100 2714016 2002183639 554922 235866 137
0b000701 0b000301 10000 100 568898 2002683162 70364 56016 174
0b000501 0b000b01 10000 100 21428 2002745566 12336 10118 179
0b001a01 0b000101 10000 100 3010 2001745297 1012648 1012621 110
0b000b01 0b000101 10000 100 7572380 2001582856 1210574 643190 98
0b001f01 0b001501 10000 100 31383 2002781856 41450 10953 180
0b000701 0b001e01 10001 100 79209 2001806933 1019536 1019008 113
0b001c01 0b000001 10001 100 5640 2001818383 1012865 1012839 115
0b000d01 0b001301 10000 100 2622107 2001557916 1299927 1232205 97
0b000601 0b000d01 10000 100 8435105 2000629877 2232896 715522 46
0b001901 0b000601 10000 100 175520 2001825579 1041435 1027082 116
0b000501 0b000e01 10000 100 6648 2002835018 32202 8878 186
0b000401 0b000901 10000 100 7626 2002865416 12411 8960 189
0b001301 0b000301 10001 100 1155900 2001643678 1237385 1109276 102
0b001c01 0b001f01 10000 100 1116647 2002800677 96902 97781 182
0b001701 0b001c01 10000 100 1250 2002896337 8448 8427 191
0b001601 0b001f01 10000 100 387 2002904613 8281 8354 193
0b001301 0b000801 10000 100 404609 2001835014 1085819 1046288 118
0b000101 0b000a01 10000 100 61678 2002913080 27375 13492 197
0b000b01 0b000801 10000 100 66097 2002927393 20027 9705 198
0b001a01 0b001601 10000 100 1077035 2002828065 146870 98622 183
0b000601 0b000001 10000 100 1474 2002996827 8476 8445 204
0b001801 0b000a01 10000 100 1086746 2001899052 1106669 1103478 119
0b001101 0b001e01 10000 100 7362 2003006293 8940 8939 205
0b000a01 0b000e01 10001 100 4989143 2001786994 1229478 426613 112
0b000501 0b000901 10001 100 5938855 2002339768 676769 506234 150
0b001101 0b000e01 10000 100 27483 2002006852 1015940 1014671 122
0b001a01 0b001401 10000 100 17837 2003013075 9746 9816 206
0b000101 0b000401 10000 100 6460 2002671754 352811 8863 173
0b001a01 0b000c01 10000 100 21353 2002011882 1015424 1014157 123
0b001c01 0b001d01 10000 100 846683 2002991093 76055 75147 203
0b001101 0b000b01 10000 100 23495 2002055529 1014520 1014336 126
0b000901 0b001c01 10000 100 479715 2002016488 1060196 1052585 124
0b000c01 0b000301 10000 100 988902 2002987882 92381 91229 202
0b001e01 0b001b01 10000 100 588463 2003027172 59769 57658 209
0b001b01 0b000501 10000 100 4090244 2001610273 1525901 1355293 99
0b001c01 0b000a01 10000 100 3070 2002133258 1017147 1012625 132
0b000a01 0b000201 10000 100 3248297 2002831193 319256 280659 184
0b001c01 0b000b01 10000 100 31749 2002134954 1017587 1015027 133
0b001801 0b001f01 10000 100 24806 2003146704 14055 10400 215
0b001501 0b000901 10000 100 21182 2002152772 1015800 1014144 135
0b001101 0b000101 10000 100 4633 2002123923 1051938 1012754 131
0b000501 0b001f01 10000 100 15620 2002168720 1014559 1013676 136
0b001d01 0b001a01 10000 100 60894 2003187830 13629 13425 217
0b000401 0b001001 10000 100 4654338 2000560915 2644080 1402587 39
0b000501 0b000101 10000 100 29824 2003195428 11709 10821 219
0b001601 0b001801 10000 100 26159 2003195127 12926 10516 218
0b000301 0b001901 10000 100 21942 2002210697 1014341 1014204 139
0b000a01 0b001f01 10001 100 522799 2002135643 1095717 1056197 134
0b001001 0b000001 10000 100 20070 2002249432 1015556 1014051 142
0b001601 0b001401 10000 100 65541 2003278910 15850 9656 224
0b000001 0b001601 10000 100 58528 2002279052 1019073 1017273 146
0b000b01 0b001d01 10000 100 28965 2002288613 1021806 1014793 148
0b000e01 0b001501 10000 100 7529500 2001527395 1788651 1643640 95
0b001101 0b000401 10000 100 7513052 2000946016 2374716 1642262 63
0b000101 0b000d01 10000 100 7153195 2001113619 2209458 608046 73
0b000a01 0b000d01 10001 100 260626 2003286134 50674 30172 225
0b001701 0b001b01 10000 100 19478 2003343533 10024 9955 228
0b000301 0b000201 10000 100 83376 2003348729 11013 11152 230
0b000401 0b001b01 10000 100 2804605 2001142989 2248713 1247504 75
0b000701 0b000f01 10000 100 1815164 2003202905 202105 160506 220
0b001a01 0b001c01 10000 100 20702 2003398048 10814 10056 234
0b000301 0b001901 10001 100 1625544 2002265407 1151856 1148652 145
0b000301 0b000501 10000 100 18042 2003421136 11308 9836 239
0b001c01 0b000101 10000 100 3724623 2002026557 1407280 1324638 125
0b001901 0b000d01 10000 100 140533 2002431441 1029744 1024149 155
0b001d01 0b001101 10000 100 709060 2003394566 73866 67771 233
0b001801 0b001a01 10000 100 4116 2003469949 5057 4508 243
0b001f01 0b000401 10000 100 464530 2001476940 2001294 1051313 93
0b001c01 0b000201 10000 100 16954 2002495183 1016211 1013786 159
0b000301 0b000101 10000 100 1144515 2003411303 101369 100118 238
0b000a01 0b001401 10001 100 26138 2002524521 1017623 1014559 160
0b001501 0b001401 10001 100 23981 2003544027 7152 6170 245
0b000001 0b000e01 10000 100 255279 2003455961 104753 29725 242
0b000501 0b001a01 10000 100 89011 2002545911 1029799 1019831 161
0b001801 0b001401 10000 100 4109443 2003063173 541409 352857 210
0b000d01 0b000c01 10000 100 36692 2003607216 8134 7237 249
0b001601 0b000c01 10001 100 9539 2002615207 1013551 1013166 169
0b000001 0b001301 10000 100 74230 2002631527 1018689 1018591 171
0b001f01 0b000201 10000 100 191498 2002651268 1029298 1028422 172
0b001401 0b001201 10000 100 916199 2003495491 209902 85137 244
0b001801 0b001701 10000 100 3168752 2003216871 496739 273989 222
0b000a01 0b001501 10000 100 1227479 2002468540 1252568 1115278 157
0b000401 0b001e01 10000 100 68978 2002698620 1024950 1018148 177
0b001a01 0b000401 10000 100 31612 2002706438 1017441 1015016 178
0b001b01 0b000801 10002 100 34270 2002561746 1168279 1015241 163
0b001001 0b000901 10000 100 1834240 2002432350 1349286 1166150 156
0b000001 0b000901 10000 100 36300 2003766295 17584 11366 256
0b001701 0b001501 10000 100 34982 2003802317 8456 7092 258
0b000301 0b001801 10000 100 1377 2002798535 1012532 1012482 181
