0b000c01 0b001401 10000 100 2090 2000025862 1012504 1012543 0
0b000a01 0b001f01 10000 100 46303 2000050550 1020000 1016249 1
0b000f01 0b001f01 10000 100 3936 2000076758 1012741 1012695 2
0b000e01 0b001f01 10000 100 9278 2000109178 1013112 1013145 3
0b001701 0b000001 10000 100 12578 2000175025 1015254 1013421 8
0b001301 0b000f01 10000 100 296492 2000165754 1037037 1037224 7
0b000801 0b001401 10000 100 87815 2000183720 1019602 1019728 9
0b000901 0b001301 10000 100 9522 2000207220 1013152 1013165 10
0b001401 0b000801 10000 100 25240 2000342094 1015623 1014484 23
0b000401 0b001a01 10000 100 2467 2000332996 1036305 1012573 20
0b000501 0b001201 10000 100 1774036 2000145013 1232631 1161103 5
0b000501 0b001201 10001 100 46285 2000299168 1096819 1016248 16
0b001b01 0b000801 10000 100 25335 2000386536 1015696 1014491 25
0b001401 0b000601 10000 100 27789 2000401081 1014684 1014695 26
0b000f01 0b001201 10000 100 2243365 2000247974 1246697 1200451 14
0b000501 0b001901 10000 100 23949 2000485954 1016276 1014373 35
0b001b01 0b000701 10000 100 1527025 2000227295 1275403 1140394 12
0b000a01 0b001d01 10000 100 63868 2000537279 1017988 1017720 36
0b001101 0b000701 10000 100 35538 2000549955 1016966 1015346 37
0b001a01 0b000701 10000 100 142282 2000401832 1174356 1024296 27
0b000901 0b001b01 10000 100 77238 2000566098 1019519 1018843 40
0b001f01 0b000701 10000 100 51268 2000635885 1020801 1016666 48
0b001001 0b000b01 10000 100 356835 2000600325 1077250 1042282 43
0b000e01 0b001901 10000 100 6582 2000667298 1012860 1012918 49
0b001f01 0b000e01 10000 100 2672942 2000454618 1242908 1236464 33
0b001401 0b000b01 10000 100 54485 2000686158 1021771 1016935 50
0b001601 0b000001 10000 100 63327 2000717198 1021811 1017676 53
0b000801 0b001701 10000 100 27815 2000755845 1014630 1014697 56
0b000a01 0b001401 10000 100 75802 2000837930 1018623 1018721 58
0b000801 0b001d01 10000 100 8906 2000859791 1013738 1013112 60
0b001b01 0b000d01 10000 100 70453 2000821929 1125725 1018273 57
0b000501 0b001101 10000 100 5122 2000962256 1013045 1012797 65
0b000401 0b001001 10001 100 33794 2000864303 1127262 1015199 61
0b000301 0b001301 10000 100 5915248 2000404391 1640523 1508302 28
0b000f01 0b001d01 10000 100 74037 2001029715 1018773 1018575 67
0b000401 0b001001 10000 100 4654338 2000560915 1542928 1402587 39
0b000c01 0b001f01 10000 100 981643 2001011742 1100008 1094667 66
0b001a01 0b000e01 10000 100 40523 2001102914 1015743 1015764 71
0b000001 0b001f01 10000 100 20080 2001146943 1015823 1014052 76
0b000e01 0b001701 10000 100 159540 2001156203 1026252 1025742 77
0b000901 0b001001 10000 100 65105 2001182125 1017878 1017826 78
0b001501 0b000d01 10000 100 3492671 2000740861 1483765 1305191 55
0b001601 0b000c01 10000 100 24356 2001262205 1014577 1014409 83
0b000b01 0b001401 10000 100 49960 2001249610 1038048 1016553 82
0b000701 0b001e01 10000 100 270967 2001311760 1068427 1035083 86
0b001301 0b000301 10000 100 1598864 2001129415 1288744 1146414 74
0b000e01 0b001201 10000 100 745582 2001305117 1122834 1074876 85
0b001c01 0b000001 10000 100 76680 2001440355 1025090 1018795 90
0b000d01 0b001501 10000 100 1543117 2001331825 1183405 1141743 87
0b001401 0b000401 10000 100 1617694 2000727994 1789025 1147993 54
0b000401 0b001b01 10000 100 2804605 2001142989 1406268 1247504 75
0b000b01 0b001c01 10000 100 783342 2001468356 1097064 1078042 91
0b001a01 0b000b01 10000 100 24467 2001630763 1014552 1014418 101
0b001401 0b000901 10000 100 77381 2001650289 1019817 1018855 103
0b000801 0b001901 10000 100 24273 2001659494 1015381 1014402 104
0b000401 0b001101 10000 100 4979 2001670616 1013207 1012782 105
0b001401 0b000801 10001 100 47451 2001682274 1016287 1016345 107
0b001301 0b000a01 10000 100 71069 2001675559 1030020 1018327 106
0b001a01 0b000101 10000 100 3010 2001745297 1012700 1012621 110
0b000701 0b001e01 10001 100 79209 2001806933 1020366 1019008 113
0b001c01 0b000001 10001 100 5640 2001818383 1012866 1012839 115
0b000d01 0b001301 10000 100 2622107 2001557916 1281593 1232205 97
0b001901 0b000601 10000 100 175520 2001825579 1041391 1027082 116
0b001301 0b000301 10001 100 1155900 2001643678 1237327 1109276 102
0b001301 0b000801 10000 100 404609 2001835014 1085819 1046288 118
0b001801 0b000a01 10000 100 1086746 2001899052 1106341 1103478 119
0b001101 0b000e01 10000 100 27483 2002006852 1015340 1014671 122
0b001a01 0b000c01 10000 100 21353 2002011882 1014265 1014157 123
0b000901 0b001c01 10000 100 479715 2002016488 1052467 1052585 124
0b001101 0b000b01 10000 100 23495 2002055529 1014464 1014336 126
0b001c01 0b000a01 10000 100 3070 2002133258 1017163 1012625 132
0b001c01 0b000b01 10000 100 31749 2002134954 1017517 1015027 133
0b001101 0b000101 10000 100 4633 2002123923 1037134 1012754 131
0b001501 0b000901 10000 100 21182 2002152772 1015098 1014144 135
0b000501 0b001f01 10000 100 15620 2002168720 1014304 1013676 136
0b000301 0b001901 10000 100 21942 2002210697 1014361 1014204 139
0b000a01 0b001f01 10001 100 522799 2002135643 1100643 1056197 134
0b001001 0b000001 10000 100 20070 2002249432 1015567 1014051 142
0b000b01 0b001d01 10000 100 28965 2002288613 1020653 1014793 148
0b000e01 0b001501 10000 100 7529500 2001527395 1787452 1643640 95
0b000001 0b001601 10000 100 58528 2002279052 1040799 1017273 146
0b001c01 0b000101 10000 100 3724623 2002026557 1355348 1324638 125
0b000301 0b001901 10001 100 1625544 2002265407 1151836 1148652 145
0b001901 0b000d01 10000 100 140533 2002431441 1053406 1024149 155
0b001c01 0b000201 10000 100 16954 2002495183 1015681 1013786 159
0b000a01 0b001401 10001 100 26138 2002524521 1017610 1014559 160
0b000501 0b001a01 10000 100 89011 2002545911 1034412 1019831 161
0b001601 0b000c01 10001 100 9539 2002615207 1013267 1013166 169
0b000001 0b001301 10000 100 74230 2002631527 1018572 1018591 171
0b000501 0b001101 10001 100 1602728 2002389647 1288886 1146738 153
0b001f01 0b000201 10000 100 191498 2002651268 1029319 1028422 172
0b000a01 0b001501 10000 100 1227479 2002468540 1219670 1115278 157
0b000401 0b001e01 10000 100 68978 2002698620 1024775 1018148 177
0b001b01 0b000801 10002 100 34270 2002561746 1167148 1015241 163
0b001e01 0b000501 10000 100 1695801 2002597064 1153261 1154541 167
0b001001 0b000901 10000 100 1834240 2002432350 1348403 1166150 156
0b000301 0b001801 10000 100 1377 2002798535 1012449 1012482 181
0b001301 0b000901 10000 100 119035 2002832594 1032026 1022348 185
0b001101 0b000601 10000 100 9467 2002864118 1013280 1013160 188
0b000501 0b001601 10000 100 34248 2002900125 1019605 1015239 192
0b001901 0b000d01 10001 100 7716 2002912761 1033129 1013013 196
0b001201 0b000801 10000 100 730840 2002863647 1135385 1073639 187
0b001a01 0b000001 10000 100 47420 2003014535 1017601 1016342 207
0b000f01 0b001e01 10000 100 45210 2003019430 1017823 1016158 208
0b001b01 0b000801 10001 100 8791292 2002064893 1980034 1749429 128
0b001501 0b000e01 10000 100 8347224 2002261566 1816925 1712199 144
0b001001 0b000a01 10000 100 979362 2002973007 1118139 1094477 201
0b000901 0b001601 10000 100 1654373 2002887411 1265424 1151070 190
0b000901 0b001901 10000 100 18096 2003187390 1013917 1013885 216
0b001b01 0b000c01 10000 100 32992 2003260286 1015971 1015131 223
0b000901 0b001c01 10001 100 5879 2003296167 1012837 1012858 226
0b001a01 0b000801 10000 100 19121 2003362234 1014830 1013971 231
0b001d01 0b000901 10000 100 133669 2003379371 1029764 1023573 232
0b000a01 0b001901 10000 100 124619 2003405185 1023034 1022814 237
0b000401 0b001501 10000 100 51565 2003449439 1020924 1016689 241
0b001001 0b000001 10001 100 227462 2003569279 1039878 1031437 246
0b001301 0b000101 10000 100 4010141 2003083963 1538557 1348578 211
0b000001 0b001801 10000 100 493992 2003593877 1076655 1053781 247
0b000d01 0b001d01 10000 100 7273 2003700520 1013002 1012977 251
0b000501 0b001401 10000 100 41126 2003703326 1015847 1015816 253
0b000b01 0b001e01 10000 100 36721 2003701217 1027416 1015444 252
0b000801 0b001101 10000 100 7688 2003718135 1016776 1013010 254
0b001901 0b000f01 10000 100 5283 2003845426 1012766 1012810 261
0b000d01 0b001e01 10000 100 16606 2003874011 1015254 1013758 265
0b001a01 0b000a01 10000 100 134098 2003860552 1034800 1023611 263
0b000b01 0b001001 10000 100 35195 2003889950 1053898 1015318 266
0b001801 0b000f01 10000 100 201678 2003982866 1029091 1029274 274
0b000401 0b001e01 10001 100 1513794 2003903097 1250947 1139282 267
0b000601 0b001201 10000 100 5863574 2003103928 2088371 1503968 213
0b000a01 0b001701 10000 100 20610 2004237708 1015929 1014094 288
0b001801 0b000801 10000 100 1015 2004244921 1012413 1012453 289
0b000801 0b001201 10000 100 6666821 2003342015 1943934 1571311 227
0b001201 0b000a01 10000 100 69537 2004263303 1024456 1018196 292
0b000e01 0b001001 10000 100 52480 2004260465 1046225 1016766 291
0b000b01 0b001601 10000 100 10376 2004299438 1013710 1013237 293
0b000801 0b001101 10001 100 62042 2004396618 1017632 1017570 296
0b001401 0b000901 10001 100 4859762 2003402100 2023748 1419808 235
0b000501 0b001101 10002 100 129729 2004553966 1023325 1023242 305
0b001501 0b000301 10000 100 6291673 2003904996 1686217 1539860 268
0b000501 0b001501 10000 100 46948 2004578969 1019534 1016301 307
0b001801 0b000601 10000 100 1881915 2004357966 1250858 1170145 294
0b000f01 0b001901 10000 100 2814 2004685484 1012630 1012601 312
0b000501 0b001801 10000 100 35813 2004716032 1016847 1015368 315
0b000a01 0b001301 10000 100 724445 2004653365 1105967 1073104 311
0b000301 0b001e01 10000 100 5434776 2004203442 1559636 1468017 285
0b001201 0b000901 10000 100 5186930 2003825359 1943877 1447237 259
0b001f01 0b000801 10000 100 7309 2004843199 1013734 1012980 324
0b000c01 0b001101 10000 100 2385013 2004622636 1242273 1212328 309
0b001301 0b000901 10001 100 69799 2004852670 1083094 1018217 327
0b001b01 0b000901 10000 100 8368 2004956674 1013084 1013069 335
0b000c01 0b001301 10000 100 551418 2004871330 1106158 1058598 329
0b001e01 0b000c01 10000 100 1728369 2004774231 1204356 1157273 320
0b001101 0b000001 10000 100 1098216 2004872128 1108837 1104442 330
0b000c01 0b001901 10000 100 3206 2004980141 1012841 1012636 337
0b001d01 0b000b01 10000 100 65962 2005021020 1023385 1017895 342
0b000801 0b001c01 10000 100 72256 2005092970 1020468 1018425 346
0b001e01 0b000d01 10000 100 64672 2005121184 1018143 1017788 348
0b000001 0b001f01 10001 100 3870551 2004615273 1559319 1336873 308
0b001c01 0b000f01 10000 100 77976 2005211093 1021131 1018902 351
0b001901 0b000a01 10000 100 53726 2005252259 1016896 1016870 354
0b000401 0b001b01 10001 100 7957382 2004137652 2153514 1679514 281
0b001f01 0b000701 10001 100 8547 2005286451 1013497 1013083 357
0b001301 0b000701 10000 100 2342453 2004914847 1410881 1208758 331
0b000701 0b001801 10000 100 9708 2005338162 1013122 1013180 361
0b000f01 0b001b01 10000 100 7661 2005374291 1013689 1013008 363
0b000a01 0b001d01 10001 100 2590 2005339628 1177746 1012583 362
0b000901 0b001e01 10000 100 68475 2005329410 1207028 1018107 360
0b000e01 0b001f01 10001 100 979 2005555782 1012522 1012447 380
0b000f01 0b001401 10000 100 5486 2005583547 1013236 1012826 383
0b001401 0b000b01 10001 100 1810695 2005291713 1343749 1164174 358
0b001401 0b000701 10001 100 5170 2005639808 1013917 1012801 386
0b001301 0b000001 10000 100 667 2005651337 1012444 1012422 387
0b001801 0b000e01 10000 100 449050 2005627699 1131480 1050017 385
0b000e01 0b001601 10000 100 41260 2005761290 1028963 1015827 397
0b001401 0b000101 10000 100 1295658 2005487390 1333527 1120994 374
0b000d01 0b001c01 10000 100 164476 2005573363 1304165 1026156 382
0b001401 0b000f01 10000 100 77525 2005889892 1034069 1018866 406
0b000a01 0b001201 10000 100 17416 2005932913 1013800 1013827 413
0b000f01 0b001401 10001 100 1158291 2005836470 1199341 1109478 402
0b000a01 0b001d01 10002 100 41414 2006019365 1020609 1015839 416
0b000e01 0b001a01 10000 100 1948098 2005711031 1365839 1175697 392
0b001601 0b000901 10000 100 40260 2006099220 1023778 1015743 418
0b001701 0b000a01 10000 100 918 2006185539 1012487 1012442 423
0b000c01 0b001001 10000 100 28686 2006280316 1017445 1014771 427
0b000901 0b001a01 10000 100 9112962 2005378052 1942124 1776395 364
0b001b01 0b000001 10000 100 33675 2006313975 1017664 1015189 430
0b001401 0b000301 10000 100 5822548 2005400418 1938208 1500529 365
0b000d01 0b001401 10000 100 117243 2006352349 1027245 1022197 432
0b000401 0b001001 10002 100 836654 2006235955 1151129 1082511 425
0b001a01 0b000201 10000 100 134813 2006360518 1029429 1023668 433
0b000501 0b001d01 10000 100 22462 2006377416 1015432 1014250 435
0b000401 0b001e01 10002 100 161976 2005895227 1516099 1025945 407
0b000c01 0b001f01 10001 100 18275 2005921272 1610140 1013899 412
0b000001 0b001601 10001 100 3050499 2005898956 1660920 1268120 410
0b000e01 0b001601 10001 100 67212 2006543456 1022315 1018003 445
0b000001 0b001001 10000 100 16882456 2003648806 3947840 2427792 250
0b000f01 0b001501 10000 100 51132 2006606756 1016718 1016655 450
0b000401 0b001b01 10002 100 20948 2006744558 1015728 1014121 460
0b001501 0b000f01 10000 100 10924 2006759515 1014214 1013281 464
0b001101 0b000d01 10000 100 37691 2006764120 1019126 1015526 465
0b001b01 0b000a01 10000 100 188400 2006851360 1028792 1028162 469
0b001801 0b000c01 10000 100 76164 2006910407 1021359 1018753 471
0b000701 0b001201 10000 100 45681 2006989894 1016356 1016196 480
0b000501 0b001901 10001 100 4560478 2006508479 1500228 1394717 444
0b000a01 0b001c01 10000 100 43288 2006386368 1658833 1015997 437
0b001501 0b000101 10000 100 7137 2007099103 1013061 1012966 485
0b001601 0b000401 10000 100 963565 2006948498 1166457 1093151 475
0b001901 0b000f01 10001 100 30330 2006617937 1502254 1014910 452
0b001301 0b000c01 10000 100 1605172 2006925417 1201272 1146945 472
0b000f01 0b001c01 10000 100 64387 2007114693 1020973 1017765 486
0b001c01 0b000001 10002 100 44603 2007232613 1018565 1016106 495
0b001b01 0b000001 10001 100 917 2007236701 1014670 1012442 497
0b001501 0b000001 10000 100 4744544 2006638952 1678265 1410149 456
0b000701 0b001e01 10002 100 28388 2007400210 1015785 1014747 510
0b001101 0b000201 10000 100 32722 2007402766 1015054 1015109 511
0b000c01 0b001301 10001 100 886866 2007373233 1092090 1086720 504
0b001301 0b000701 10001 100 2883405 2007135164 1370985 1254111 488
0b001301 0b000801 10001 100 41806 2007497524 1017763 1015870 513
0b000001 0b001b01 10001 100 22346 2007532042 1016161 1014241 514
0b000901 0b001a01 10001 100 28676 2007575720 1015108 1014770 515
0b001901 0b000a01 10001 100 4030291 2007095201 1524554 1350267 484
0b001a01 0b000d01 10000 100 40491 2007163736 1487199 1015761 489
0b001801 0b000501 10000 100 6068 2007591918 1066917 1012877 518
0b001301 0b000c01 10001 100 274 2007194133 1474946 1012390 491
0b001701 0b000701 10001 100 7166904 2006485040 2205214 1613238 443
0b001f01 0b000301 10000 100 27794 2007695092 1021418 1014696 528
0b001d01 0b000a01 10000 100 47771 2007604547 1146753 1016371 520
0b001401 0b000b01 10002 100 938959 2007630696 1169856 1091087 522
0b000801 0b001301 10000 100 60511 2007796427 1020475 1017440 536
0b000d01 0b001f01 10000 100 43717 2007851333 1016513 1016031 537
0b000601 0b001b01 10000 100 92645 2007869139 1020183 1020133 538
0b000701 0b001301 10000 100 77022 2007875229 1019092 1018826 539
0b000301 0b001401 10000 100 174371 2007917749 1045415 1026986 542
0b000401 0b001a01 10001 100 5270 2008040110 1013005 1012809 553
0b001d01 0b000e01 10000 100 20053 2008070213 1053152 1014049 555
0b000f01 0b001a01 10000 100 8887 2008164487 1013058 1013110 560
0b000c01 0b001901 10001 100 968388 2007958955 1245528 1093557 548
0b000501 0b001201 10002 100 26623 2008231315 1014658 1014598 564
0b000e01 0b001301 10000 100 29364 2008237879 1014751 1014829 565
0b001301 0b000c01 10002 100 3576 2008326492 1012898 1012666 570
0b000c01 0b001901 10002 100 1764442 2007976251 1368478 1160297 549
0b001501 0b000f01 10001 100 141311 2008430525 1024169 1024215 576
0b000901 0b001e01 10001 100 1979 2008536485 1013081 1012531 580
0b000601 0b001001 10000 100 4959 2008574278 1012757 1012780 585
0b001701 0b000801 10000 100 195746 2008567590 1033221 1028777 584
0b001701 0b000f01 10000 100 39268 2008584015 1018449 1015660 588
0b001c01 0b000201 10001 100 4292407 2007982468 1623449 1372242 550
0b000e01 0b001f01 10002 100 16262 2008543441 1108867 1013731 582
0b000c01 0b001301 10002 100 163661 2008623301 1054886 1026087 592
0b000901 0b001f01 10000 100 975753 2008509343 1178179 1094173 578
0b000c01 0b001c01 10000 100 169456 2008634117 1061620 1026574 593
0b000e01 0b001301 10001 100 327152 2008650836 1051101 1039796 595
0b001401 0b000b01 10003 100 73171 2008728209 1021673 1018502 601
0b001901 0b000e01 10000 100 72124 2008696143 1054178 1018415 597
0b000301 0b001301 10001 100 6821 2008764881 1012949 1012937 603
0b000d01 0b001b01 10000 100 13869 2008853481 1014469 1013528 608
0b001f01 0b000301 10001 100 56895 2008777346 1110700 1017135 604
0b000401 0b001701 10000 100 501262 2008834374 1074999 1054393 606
0b001b01 0b000001 10002 100 55986 2008976903 1021677 1017058 619
0b001101 0b000f01 10000 100 2138 2009057090 1012652 1012547 625
0b000801 0b001001 10000 100 3922 2009130820 1012905 1012694 629
0b001001 0b000d01 10000 100 981215 2008933718 1217377 1094633 614
0b001501 0b000b01 10000 100 3141079 2008710978 1459070 1275716 598
0b000c01 0b001101 10001 100 795535 2008965981 1209420 1079064 616
0b000c01 0b001b01 10000 100 7946611 2008322278 1922739 1678610 568
0b000401 0b001701 10001 100 32818 2009224274 1045337 1015117 633
0b000801 0b001001 10001 100 76052 2009358122 1020422 1018744 641
0b000e01 0b001f01 10003 100 55430 2009393204 1019355 1017014 645
0b001001 0b000601 10000 100 883 2009423418 1012368 1012439 648
0b000c01 0b001b01 10001 100 103865 2009527476 1038312 1021073 654
0b001301 0b000f01 10001 100 36789 2009606777 1130656 1015450 659
0b000701 0b001c01 10000 100 2400804 2009554894 1215042 1213649 656
0b000d01 0b001001 10000 100 33417 2009789897 1015207 1015168 666
0b001901 0b000201 10000 100 4922887 2009486569 1446045 1425100 652
0b001101 0b000a01 10000 100 19125 2009796511 1159536 1013971 667
0b000a01 0b001201 10001 100 6827 2009965903 1012974 1012938 681
0b001c01 0b000401 10001 100 22103 2009976378 1014245 1014221 682
0b001b01 0b000f01 10000 100 147793 2009853026 1183167 1024756 673
0b001d01 0b000901 10001 100 370899 2010011666 1130249 1043461 685
0b000801 0b001301 10001 100 31888 2010179240 1017887 1015038 699
0b001a01 0b000801 10001 100 36817 2010192729 1034411 1015452 700
0b001801 0b000001 10000 100 25493 2010265627 1016801 1014504 706
0b001801 0b000101 10001 100 5328683 2009804138 1623343 1459123 669
0b000d01 0b001a01 10000 100 209 2010418918 1012245 1012385 714
0b001001 0b000a01 10001 100 1602785 2010153424 1286717 1146743 697
0b000b01 0b001001 10001 100 3094315 2010121638 1415090 1271795 695
0b001901 0b000901 10000 100 202799 2010555949 1063444 1029368 724
0b000901 0b001a01 10002 100 4252 2010631576 1013116 1012724 731
0b001901 0b000401 10000 100 2310758 2010421389 1265076 1206099 715
0b000c01 0b001e01 10000 100 25555238 2004797980 6977824 3154919 321
0b000501 0b001701 10000 100 8801 2010782705 1013890 1013103 748
0b000a01 0b001f01 10002 100 3762206 2010228254 1606632 1327791 702
0b001f01 0b000401 10001 100 4862 2010825445 1037607 1012773 753
0b000701 0b001601 10000 100 50315 2010852757 1018099 1016586 757
0b001a01 0b000301 10000 100 4341 2010845548 1028981 1012731 756
0b000b01 0b001601 10001 100 47866 2010870667 1019834 1016378 759
0b001901 0b000801 10001 100 1050579 2010702326 1194216 1100447 742
0b000c01 0b001801 10000 100 13814 2010893387 1015675 1013523 762
0b000e01 0b001701 10001 100 78486 2010599013 1311349 1018947 727
0b001d01 0b000201 10000 100 1381496 2010655721 1282523 1128191 734
0b000801 0b001201 10001 100 69320 2010944471 1024576 1018179 769
0b000501 0b001e01 10000 100 163042 2010937572 1038684 1026038 768
0b000b01 0b001e01 10001 100 329419 2010990398 1054046 1039985 773
0b001201 0b000b01 10000 100 1336157 2010787966 1313228 1124391 749
0b001201 0b000901 10001 100 370262 2011054880 1092527 1043410 781
0b001f01 0b000201 10001 100 3880950 2010789529 1490608 1337744 750
0b000301 0b001d01 10000 100 49919 2010892763 1447576 1016550 761
0b000701 0b001501 10000 100 2431 2011238758 1103226 1012571 794
0b000401 0b001901 10000 100 3429190 2010840600 1551558 1299871 755
0b000f01 0b001e01 10001 100 4024598 2010272451 2189651 1349788 707
0b000c01 0b001b01 10002 100 5526857 2010248681 2254294 1475737 704
0b001501 0b000b01 10001 100 8036 2011494832 1013441 1013042 807
0b000701 0b001401 10000 100 33669 2011556765 1016720 1015189 815
0b000c01 0b001501 10000 100 5261341 2010740310 1906584 1453478 745
0b000c01 0b001501 10001 100 9712 2011580041 1106554 1013180 818
0b000c01 0b001201 10000 100 1086878 2011620497 1157473 1103489 820
0b000b01 0b001f01 10000 100 1858165 2011732438 1169427 1168156 824
0b000e01 0b001701 10002 100 54143 2011907095 1020667 1016907 836
0b000801 0b001101 10002 100 61202 2011904819 1024260 1017499 835
0b000c01 0b001e01 10001 100 28962 2011358020 1582690 1014793 799
0b000c01 0b001c01 10001 100 856215 2011240846 1731133 1084153 795
0b000a01 0b001301 10001 100 1084892 2011865202 1109126 1103322 831
0b000801 0b001c01 10001 100 8883024 2010682658 2383040 1757121 738
0b000901 0b001401 10000 100 11208 2012050234 1028051 1013307 842
0b000801 0b001d01 10001 100 138136 2012069976 1024255 1023949 844
0b000b01 0b001201 10000 100 25460 2012238992 1014514 1014501 854
0b000901 0b001701 10000 100 7977 2012210048 1056570 1013033 850
0b000901 0b001e01 10002 100 497431 2012359277 1093261 1054071 861
0b000301 0b001801 10001 100 27483 2012482932 1016044 1014671 876
0b000801 0b001c01 10002 100 5311 2012538172 1012861 1012812 882
0b000501 0b001a01 10001 100 57612 2012545010 1022069 1017196 883
0b000b01 0b001101 10000 100 78752 2012564676 1024489 1018968 884
0b000c01 0b001001 10001 100 1255153 2012449129 1168616 1117600 871
0b001201 0b000501 10000 100 49765 2012586805 1031324 1016538 887
0b001f01 0b000401 10002 100 463 2012639234 1012213 1012405 893
0b000701 0b001d01 10001 100 4924316 2012376858 1450308 1425222 862
0b001801 0b000001 10001 100 2211846 2012517098 1387664 1197806 880
0b001b01 0b000901 10001 100 5109 2012939793 1013286 1012796 913
0b001101 0b000901 10001 100 914548 2012811393 1223131 1089042 905
0b001501 0b000901 10001 100 93297 2013064368 1024963 1020189 916
0b001801 0b000d01 10000 100 21619253 2008052241 6098236 2824926 554
0b000b01 0b001801 10000 100 113354 2013261740 1030400 1021871 932
0b000701 0b001701 10000 100 1916342 2012984754 1321341 1173033 914
0b000a01 0b001e01 10000 100 64215 2013300368 1018878 1017751 937
0b000901 0b001c01 10002 100 45113 2013311009 1017116 1016150 938
0b000b01 0b001601 10002 100 95391 2013426686 1022805 1020364 946
0b001001 0b000601 10001 100 1961766 2013238691 1349893 1176840 929
0b000c01 0b001201 10001 100 9696 2013620737 1013218 1013179 960
0b001e01 0b000b01 10000 100 43744 2013615988 1019138 1016033 959
0b000c01 0b001901 10003 100 247 2013667814 1012143 1012388 962
0b001201 0b000801 10001 100 15331909 2008808081 5888927 2297792 605
0b000c01 0b001901 10004 100 4548 2013744094 1012802 1012748 969
0b000e01 0b001e01 10000 100 67256 2013908980 1019309 1018006 980
0b000601 0b001a01 10000 100 23519 2013954984 1014728 1014338 985
0b000e01 0b001d01 10000 100 390258 2013975532 1045014 1045087 990
0b000501 0b001501 10001 100 14594 2014030281 1014372 1013590 993
0b001301 0b000401 10000 100 25056 2014060333 1014729 1014469 995
0b001201 0b000f01 10000 100 7494091 2012580612 2499544 1640673 886
0b001e01 0b000701 10000 100 6485 2014152215 1013873 1012910 1002
0b000801 0b001b01 10000 100 541385 2014112220 1058044 1057757 999
0b001d01 0b000501 10000 100 6663226 2013697148 1632970 1571012 965
0b001c01 0b000501 10001 100 5300 2014336166 1021121 1012812 1014
0b001001 0b000901 10001 100 71599 2014343511 1021134 1018369 1015
0b000b01 0b001701 10000 100 7540 2014370432 1013272 1012998 1018
0b000a01 0b001c01 10001 100 35875 2014418388 1017703 1015373 1021
0b001201 0b000201 10000 100 41243 2014438789 1017460 1015825 1022
0b000b01 0b001d01 10001 100 127403 2014439589 1031417 1023048 1023
0b001101 0b000e01 10001 100 26493 2014713066 1016688 1014588 1045
0b001e01 0b000301 10000 100 65341 2014731605 1030289 1017845 1046
0b001e01 0b000701 10002 100 20519 2014759742 1017817 1014087 1049
0b001c01 0b000a01 10001 100 1433753 2014750729 1151073 1132571 1047
0b001b01 0b000301 10001 100 2138303 2014579042 1329955 1191643 1034
0b001401 0b000601 10001 100 2943 2014897096 1012995 1012611 1058
0b001101 0b000c01 10000 100 50890 2014899891 1026896 1016632 1059
0b000501 0b001c01 10000 100 77665 2014965945 1021914 1018877 1067
0b000801 0b001101 10003 100 75214 2014997440 1031128 1018673 1070
0b001a01 0b000601 10000 100 3542304 2013119720 3063442 1309354 920
0b001d01 0b000a01 10001 100 44332 2015301941 1017849 1016084 1093
0b000901 0b001f01 10001 100 1449 2015384359 1012583 1012488 1100
0b001a01 0b000001 10001 100 6951384 2012389724 4069857 1595171 866
0b001a01 0b000a01 10001 100 4965246 2013462700 3106837 1428654 948
0b001301 0b000001 10001 100 9850159 2014507725 2212406 1838205 1028
0b000801 0b001901 10001 100 221684 2015701122 1075425 1030952 1131
0b000a01 0b001301 10002 100 43849 2015877968 1016208 1016041 1144
0b000801 0b001601 10000 100 3335372 2014929222 2074768 1292005 1062
0b001201 0b000501 10001 100 1468072 2015869885 1158567 1135451 1143
0b000801 0b001001 10002 100 4910056 2015022142 2096271 1424027 1072
0b000501 0b001001 10000 100 16575 2016096533 1025264 1013756 1162
0b001901 0b000301 10000 100 30583 2016159776 1014899 1014930 1164
0b001401 0b000001 10000 100 54705 2016185144 1021433 1016952 1167
0b000801 0b001801 10000 100 8574484 2014807946 2505163 1731251 1053
0b001301 0b000901 10002 100 934579 2016235335 1090931 1090721 1175
0b001401 0b000e01 10000 100 9467727 2015729729 1813919 1806140 1134
0b000501 0b001a01 10002 100 35191 2016651535 1018110 1015318 1212
0b000801 0b001b01 10001 100 168222 2016550420 1135656 1026471 1199
0b001801 0b000601 10002 100 55313 2016701886 1022353 1017005 1215
0b000801 0b001001 10003 100 37852 2016740212 1016317 1015539 1219
0b001b01 0b000401 10000 100 741704 2016662600 1126246 1074550 1213
0b000901 0b001b01 10001 100 75780 2016778704 1020264 1018719 1221
0b000801 0b001a01 10000 100 11995 2016788920 1013354 1013370 1222
0b000501 0b001f01 10001 100 73482 2016881967 1027381 1018527 1228
0b001c01 0b000d01 10001 100 1442575 2016945010 1228979 1133312 1235
0b001d01 0b000a01 10002 100 9710 2017193987 1013500 1013180 1251
0b000901 0b001901 10001 100 89521 2016848358 1362169 1019872 1226
0b000501 0b001901 10002 100 8845753 2016563671 1775726 1753993 1200
0b000a01 0b001d01 10003 100 6670129 2016384405 1965707 1571591 1186
0b000b01 0b001001 10002 100 736497 2017242490 1159860 1074114 1253
0b001001 0b000001 10002 100 1388929 2017323419 1127666 1128813 1262
0b000b01 0b001601 10003 100 9676669 2015944729 2555460 1823658 1148
0b000501 0b001c01 10001 100 74901 2017513571 1018669 1018645 1273
0b001b01 0b000201 10000 100 61898 2017524746 1017708 1017554 1274
0b001e01 0b000b01 10001 100 7396497 2016581110 2108456 1632489 1202
0b001a01 0b000301 10002 100 776580 2017591078 1132252 1077475 1283
0b001801 0b000301 10000 100 13495 2017846907 1013968 1013498 1299
0b000a01 0b001201 10002 100 1097146 2017775390 1123163 1104353 1298
0b000901 0b001401 10001 100 5443037 2017091767 1952432 1468712 1244
0b001101 0b000b01 10001 100 44363 2018134964 1020332 1016086 1325
0b001d01 0b000601 10001 100 72119 2018157396 1024279 1018414 1330
0b001901 0b000a01 10003 100 81770 2018233514 1019508 1019221 1334
0b000901 0b001301 10001 100 3119300 2017636475 1949106 1273889 1288
0b001001 0b000c01 10000 100 51767 2018701012 1020825 1016706 1368
0b000901 0b001701 10001 100 4276256 2017348719 2381387 1370889 1264
0b000901 0b001f01 10002 100 4970671 2017409912 2344074 1429107 1267
0b001c01 0b000901 10001 100 51162 2018808850 1017482 1016657 1378
0b001901 0b000501 10001 100 64889 2018882928 1018463 1017805 1383
0b001101 0b000a01 10001 100 72549 2018525952 1382995 1018449 1357
0b000b01 0b001001 10003 100 59204 2018971539 1018261 1017331 1390
0b000a01 0b001801 10000 100 40663 2019291555 1016186 1015775 1412
0b000801 0b001b01 10002 100 70883 2019302814 1018196 1018308 1413
0b001801 0b000e01 10001 100 24017 2019318457 1014309 1014382 1414
0b000901 0b001401 10002 100 24051 2019381866 1016580 1014385 1421
0b000b01 0b001e01 10002 100 1052121 2019367177 1175941 1100578 1419
0b000801 0b001901 10002 100 5446 2019562490 1012766 1012823 1434
0b001e01 0b000701 10003 100 6553 2019648380 1012858 1012916 1438
0b001101 0b000a01 10002 100 2049687 2019482438 1182538 1184211 1430
0b000b01 0b001201 10001 100 193020 2020019362 1037168 1028551 1463
0b000a01 0b001f01 10003 100 69420 2019993454 1137779 1018187 1459
0b001b01 0b000601 10001 100 14691 2020144600 1013561 1013597 1471
0b000901 0b001201 10000 100 1659015 2019907992 1271770 1151460 1454
0b000a01 0b001401 10002 100 6849059 2019338392 2340251 1586593 1417
0b000501 0b001601 10001 100 9999478 2019401386 2408919 1850723 1424
0b001901 0b000a01 10004 100 175738 2020873518 1027259 1027099 1518
0b000a01 0b001201 10003 100 9263 2021061943 1013376 1013144 1529
0b000801 0b001301 10002 100 1795582 2020858052 1407765 1162908 1514
0b000b01 0b001301 10000 100 7769713 2020350076 1939682 1663778 1485
0b001d01 0b000c01 10000 100 265051 2021447162 1056293 1034590 1552
0b001d01 0b000901 10004 100 1295294 2021442996 1212583 1120965 1551
0b001e01 0b000901 10000 100 1399667 2021499986 1201014 1129714 1558
0b001101 0b000701 10003 100 1508735 2021621156 1143446 1138858 1565
0b000b01 0b001a01 10000 100 101289 2022141335 1021145 1020859 1602
0b000801 0b001b01 10004 100 24493 2022195439 1014379 1014420 1605
0b000901 0b001f01 10003 100 594 2022337530 1012357 1012416 1613
0b000501 0b001801 10002 100 46864 2022725122 1016202 1016294 1638
0b001301 0b000701 10003 100 11057 2022909064 1013811 1013295 1649
0b001901 0b000501 10002 100 1205264 2022809323 1176316 1113417 1640
0b000b01 0b001101 10001 100 112850 2023007058 1031072 1021826 1653
0b001d01 0b000201 10001 100 3389 2023098586 1012595 1012651 1661
0b000901 0b001801 10000 100 1717359 2023223037 1156541 1156350 1673
0b000501 0b001a01 10003 100 695307 2023338990 1072906 1070662 1686
0b000b01 0b001001 10004 100 9593713 2022378094 2044800 1816703 1616
0b001101 0b000501 10001 100 5564 2023526720 1013197 1012833 1696
0b000b01 0b001401 10001 100 3000123 2023616456 1276265 1263898 1705
0b001e01 0b000c01 10003 100 26252 2024152738 1014572 1014568 1741
0b001901 0b000501 10003 100 8150 2024085647 1096234 1013051 1736
0b001901 0b000d01 10005 100 7754 2024343823 1013534 1013016 1753
0b001c01 0b000801 10000 100 133131 2024732494 1034394 1023530 1780
0b001e01 0b000701 10005 100 4029217 2024544086 1350293 1350177 1766
0b000501 0b001201 10003 100 1969323 2024743484 1175768 1177475 1781
0b001101 0b000001 10002 100 1448383 2024939783 1132531 1133799 1799
0b001301 0b000301 10002 100 1131 2025517054 1012409 1012463 1836
0b001f01 0b000401 10003 100 9802 2025715248 1013126 1013187 1855
0b001a01 0b000101 10002 100 166709 2025742323 1026150 1026343 1857
0b001a01 0b000d01 10005 100 402661 2025794557 1045734 1046125 1861
0b001e01 0b000b01 10003 100 4457685 2025875228 1388353 1386098 1864
0b001901 0b000901 10002 100 33408 2026556752 1017825 1015168 1918
0b001b01 0b000101 10001 100 25557 2026781861 1016427 1014509 1931
0b001a01 0b000901 10000 100 482848 2026899868 1075017 1052847 1940
0b001a01 0b000701 10001 100 69643 2027469292 1023769 1018205 1982
0b001301 0b000201 10000 100 62972 2027621905 1019371 1017644 1992
0b001d01 0b000601 10003 100 6314 2027812881 1012838 1012897 2009
0b001301 0b000a01 10003 100 8991 2028249457 1013059 1013118 2035
0b001801 0b000001 10002 100 73211 2028865195 1030405 1018506 2086
0b001e01 0b000f01 10004 100 7537 2029037505 1012939 1012998 2102
0b001a01 0b000701 10003 100 6286674 2028791636 1608237 1539441 2083
0b001d01 0b000501 10001 100 7899 2029790682 1012968 1013027 2130
Average intra_dc ratio: 1.0794695859309809
