2004439167 44 1 1 1
2004442354 44 1 1 0
2004449690 44 1 1 1
2004453111 44 1 1 0
2004461079 44 1 1 1
2004464399 44 1 1 0
2004472443 44 1 1 1
2004475720 44 1 1 0
2004483559 44 1 1 1
2004486809 44 1 1 0
2004495109 44 1 1 1
2004498296 44 1 1 0
2004508745 44 1 1 1
2004511709 44 1 1 0
2004522665 44 1 1 1
2004525653 44 1 1 0
2004537174 44 1 1 1
2004540095 44 1 1 0
2004551082 44 1 1 1
2004554039 44 1 1 0
2004564995 44 1 1 1
2004567817 44 1 1 0
2004579105 44 1 1 1
2004581960 44 1 1 0
2004592385 44 1 1 1
2004595207 44 1 1 0
2004605831 44 1 1 1
2004608686 44 1 1 0
2004617451 44 1 1 1
2004620771 44 1 1 0
2004628789 44 1 1 1
2004631926 44 1 1 0
2004635213 44 1 1 1
2004638258 44 1 1 0
2004646189 44 1 1 1
2004649323 44 1 1 0
2004657341 44 1 1 1
2004660445 44 1 1 0
2004668745 44 1 1 1
2004671956 44 1 1 0
2004680365 44 1 1 1
2004683410 44 1 1 0
