2001890993 40 1 2 1
2001894933 42 1 2 1
2001895896 40 1 2 0
2001899423 42 1 2 0
2001900583 40 1 2 1
2001903672 42 1 2 1
2001905188 40 1 2 0
2001908292 42 1 2 0
2001909958 40 1 2 1
2001912628 42 1 2 1
2001914769 40 1 2 0
2001917102 42 1 2 0
2001919452 40 1 2 1
2001921272 42 1 2 1
2001924263 40 1 2 0
2001925987 42 1 2 0
2001928863 40 1 2 1
2001930327 42 1 2 1
2001933500 40 1 2 0
2001934967 42 1 2 0
2001938017 40 1 2 1
2001939307 42 1 2 1
2001942650 40 1 2 0
2001943947 42 1 2 0
2001947167 40 1 2 1
2001948283 42 1 2 1
2001951800 40 1 2 0
2001953010 42 1 2 0
2001956317 40 1 2 1
2001957350 42 1 2 1
2001960863 40 1 2 0
2001961986 42 1 2 0
2001965384 40 1 2 1
2001966322 42 1 2 1
2001970100 40 1 2 0
2001970879 42 1 2 0
2001974534 40 1 2 1
2001975302 42 1 2 1
2001979254 40 1 2 0
2001979859 42 1 2 0
2001983605 40 1 2 1
2001984377 42 1 2 1
2001988337 40 1 2 0
2001988942 42 1 2 0
2001992767 40 1 2 1
2001993254 42 1 2 1
2001997503 40 1 2 0
2001997760 42 1 2 0
2002001937 40 1 2 1
2002002187 42 1 2 1
2002006669 40 1 2 0
2002006930 42 1 2 0
2002011103 40 1 2 1
2002011365 42 1 2 1
2002015811 40 1 2 0
2002015898 42 1 2 0
2002020245 40 1 2 1
2002020333 42 1 2 1
2002024890 42 1 2 0
2002024977 40 1 2 0
2002029324 40 1 2 1
2002029408 42 1 2 1
2002033882 40 1 2 0
2002034143 42 1 2 0
2002038312 40 1 2 1
2002038574 42 1 2 1
2002043048 40 1 2 0
2002043135 42 1 2 0
2002047482 40 1 2 1
2002047566 42 1 2 1
2002052135 42 1 2 0
2002052222 40 1 2 0
2002056573 40 1 2 1
2002056657 42 1 2 1
2002061135 42 1 2 0
2002061222 40 1 2 0
2002065573 40 1 2 1
2002065653 42 1 2 1
2002070218 40 1 2 0
2002070305 42 1 2 0
2002074652 40 1 2 1
2002074732 42 1 2 1
2002078257 42 1 2 0
2002080934 40 1 2 0
2002084111 40 1 2 1
2002084685 42 1 2 1
2002087949 42 1 2 0
2002090021 40 1 2 0
2002092736 42 1 2 1
2002094119 40 1 2 1
2002097475 42 1 2 0
2002098428 40 1 2 0
2002102080 42 1 2 1
2002102526 40 1 2 1
2002106668 42 1 2 0
2002106917 40 1 2 0
2002111252 42 1 2 1
2002111351 40 1 2 1
2002115632 40 1 2 0
2002116047 42 1 2 0
2002120232 40 1 2 1
2002120469 42 1 2 1
2002124679 40 1 2 0
2002125094 42 1 2 0
2002129279 40 1 2 1
2002129512 42 1 2 1
2002132315 42 1 2 0
2002133560 40 1 2 0
2002138160 40 1 2 1
2002142607 40 1 2 0
2002145471 42 1 2 1
2002146958 40 1 2 1
2002150326 42 1 2 0
2002151073 40 1 2 0
2002154827 42 1 2 1
2002155424 40 1 2 1
2002159738 42 1 2 0
2002159825 40 1 2 0
2002164085 40 1 2 1
2002164157 42 1 2 1
2002168444 40 1 2 0
2002169041 42 1 2 0
2002172961 40 1 2 1
2002173210 42 1 2 1
2002177573 40 1 2 0
2002177834 42 1 2 0
2002182007 40 1 2 1
2002182090 42 1 2 1
2002186449 40 1 2 0
2002186876 42 1 2 0
2002190883 40 1 2 1
2002191128 42 1 2 1
2002195432 40 1 2 0
2002195859 42 1 2 0
2002199945 40 1 2 1
2002200028 42 1 2 1
2002204605 40 1 2 0
2002204692 42 1 2 0
2002208956 40 1 2 1
2002209027 42 1 2 1
2002213323 40 1 2 0
2002213750 42 1 2 0
2002217757 40 1 2 1
2002218006 42 1 2 1
2002222282 40 1 2 0
2002222709 42 1 2 0
2002226799 40 1 2 1
2002226878 42 1 2 1
2002231328 40 1 2 0
2002231585 42 1 2 0
2002235758 40 1 2 1
2002235837 42 1 2 1
2002240291 40 1 2 0
2002240548 42 1 2 0
2002244725 40 1 2 1
2002244800 42 1 2 1
2002249398 40 1 2 0
2002249485 42 1 2 0
2002253488 42 1 2 1
2002253766 40 1 2 1
2002258326 40 1 2 0
2002258599 42 1 2 0
2002262603 40 1 2 1
2002262685 42 1 2 1
2002267171 40 1 2 0
2002267614 42 1 2 0
2002271598 40 1 2 1
2002271700 42 1 2 1
2002276368 40 1 2 0
2002276815 42 1 2 0
2002280704 40 1 2 1
2002280818 42 1 2 1
2002285569 40 1 2 0
2002285838 42 1 2 0
2002289837 42 1 2 1
2002289909 40 1 2 1
2002294687 40 1 2 0
2002294778 42 1 2 0
2002298864 42 1 2 1
2002303433 42 1 2 0
2002307934 42 1 2 1
2002312460 42 1 2 0
2002316965 42 1 2 1
2002321574 42 1 2 0
2002326162 42 1 2 1
2002330775 42 1 2 0
2002335279 42 1 2 1
2002339889 42 1 2 0
2002344390 42 1 2 1
2002348912 42 1 2 0
2002353612 42 1 2 1
2002357836 42 1 2 0
2002362548 42 1 2 1
2002366843 42 1 2 0
2002371725 42 1 2 1
2002376147 42 1 2 0
2002381029 42 1 2 1
2002385103 42 1 2 0
2002391377 42 1 2 1
2002395182 42 1 2 0
2002400016 42 1 2 1
2002404330 42 1 2 0
2002409314 42 1 2 1
2002413546 42 1 2 0
2002418617 42 1 2 1
2002422851 42 1 2 0
2002427669 42 1 2 1
2002431899 42 1 2 0
2002436891 42 1 2 1
2002441131 42 1 2 0
2002448677 42 1 2 1
2002453946 42 1 2 0
2002458760 42 1 2 1
2002463097 42 1 2 0
2002468085 42 1 2 1
2002472253 42 1 2 0
2002477411 42 1 2 1
2002481583 42 1 2 0
2002486654 42 1 2 1
2002490842 42 1 2 0
2002495917 42 1 2 1
2002500086 42 1 2 0
2002504821 42 1 2 1
2002509069 42 1 2 0
2002514057 42 1 2 1
2002518222 42 1 2 0
2002523376 42 1 2 1
2002527466 42 1 2 0
2002532363 42 1 2 1
2002536449 42 1 2 0
2002541520 42 1 2 1
2002545602 42 1 2 0
2002550756 42 1 2 1
2002554917 42 1 2 0
2002559628 42 1 2 1
2002563590 42 1 2 0
2002568864 42 1 2 1
2002572886 42 1 2 0
2002578107 42 1 2 1
2002582265 42 1 2 0
2002587419 42 1 2 1
2002591478 42 1 2 0
2002596806 42 1 2 1
2002600691 42 1 2 0
2002605853 42 1 2 1
2002609987 42 1 2 0
2002615331 42 1 2 1
2002619367 42 1 2 0
2002624411 42 1 2 1
2002626587 42 1 2 0
2002632414 42 1 2 1
2002635136 42 1 2 0
2004361531 44 1 1 1
2004365395 44 1 1 0
2004371366 44 1 1 1
2004375189 44 1 1 0
2004381105 44 1 1 1
2004385149 44 1 1 0
2004389949 44 1 1 1
2004393887 44 1 1 0
2004399531 44 1 1 1
2004403575 44 1 1 0
2004408609 44 1 1 1
2004412705 44 1 1 0
2004417671 44 1 1 1
2004422273 44 1 1 0
2004427599 44 1 1 1
2004431297 44 1 1 0
2004437070 44 1 1 1
2004440759 44 1 1 0
2004446536 44 1 1 1
2004450221 44 1 1 0
2004456374 44 1 1 1
2004460287 44 1 1 0
2004466317 44 1 1 1
2004469975 44 1 1 0
2004475891 44 1 1 1
2004479603 44 1 1 0
2004485519 44 1 1 1
2004489171 44 1 1 0
2004495313 44 1 1 1
2004499191 44 1 1 0
2004506305 44 1 1 1
2004509815 44 1 1 0
2004516399 44 1 1 1
2004519941 44 1 1 0
2004529389 44 1 1 1
2004532225 44 1 1 0
2004542789 44 1 1 1
2004545671 44 1 1 0
2004557065 44 1 1 1
2004559887 44 1 1 0
2004571341 44 1 1 1
2004574223 44 1 1 0
2004585949 44 1 1 1
2004588831 44 1 1 0
2004599893 44 1 1 1
2004602775 44 1 1 0
2004612711 44 1 1 1
2004615557 44 1 1 0
2004625291 44 1 1 1
2004628173 44 1 1 0
2004637741 44 1 1 1
2004640623 44 1 1 0
2004650207 44 1 1 1
2004654069 44 1 1 0
2004662000 44 1 1 1
2004665025 44 1 1 0
2004675139 44 1 1 1
2004677747 44 1 1 0
2004692023 44 1 1 1
2004695015 44 1 1 0
2004705971 44 1 1 1
2004708790 44 1 1 0
2004721309 44 1 1 1
2004724061 44 1 1 0
2004737656 44 1 1 1
2004740478 44 1 1 0
2004749610 44 1 1 1
2004752762 44 1 1 0
2004766272 44 1 1 1
2004769712 44 1 1 0
2004778536 44 1 1 1
2004781830 44 1 1 0
2004789116 44 1 1 1
2004792454 44 1 1 0
2004799950 44 1 1 1
2004804886 44 1 1 0
2004812552 44 1 1 1
2004817502 44 1 1 0
2004823980 44 1 1 1
2004828292 44 1 1 0
2004840082 44 1 1 1
2004843066 44 1 1 0
2004848118 44 1 1 1
2004851034 44 1 1 0
2004855499 44 1 1 1
2004860480 44 1 1 0
2006768657 37 1 8 1
2006785928 37 1 8 0
2006788872 37 1 8 1
2006798916 37 1 8 0
2006802224 37 1 8 1
2006813047 37 1 8 0
2006816442 37 1 8 1
2006826656 37 1 8 0
2006829987 37 1 8 1
2006839482 37 1 8 0
2006842952 37 1 8 1
2006851269 37 1 8 0
2006854565 37 1 8 1
2006862858 37 1 8 0
2006866063 37 1 8 1
2006878952 37 1 8 0
2006882422 37 1 8 1
2006894679 37 1 8 0
2006897718 37 1 8 1
2006907877 37 1 8 0
2006911660 37 1 8 1
2006919683 37 1 8 0
2006923021 37 1 8 1
2006930830 37 1 8 0
2006934356 37 1 8 1
2006942792 37 1 8 0
2006946405 37 1 8 1
2006954837 37 1 8 0
2006958315 37 1 8 1
2006966791 37 1 8 0
2006970245 37 1 8 1
2006978749 37 1 8 0
2006982294 37 1 8 1
2006990893 37 1 8 0
2006994430 37 1 8 1
2007002792 37 1 8 0
2007006171 37 1 8 1
2007013647 37 1 8 0
2007017105 37 1 8 1
2007024411 37 1 8 0
2007027873 37 1 8 1
2007035573 37 1 8 0
2007039035 37 1 8 1
2007046457 37 1 8 0
2007049825 37 1 8 1
2007057937 37 1 8 0
2007061656 37 1 8 1
2007070588 37 1 8 0
2007074050 37 1 8 1
2007082915 37 1 8 0
2007086377 37 1 8 1
2007095151 37 1 8 0
2007098534 37 1 8 1
2007107304 37 1 8 0
2007110857 37 1 8 1
2007118828 37 1 8 0
2007123935 37 1 8 1
2007128231 37 1 8 0
2007133085 37 1 8 1
2007137551 37 1 8 0
2007142468 37 1 8 1
2007146926 37 1 8 0
2007151586 37 1 8 1
2007156028 37 1 8 0
2007160775 37 1 8 1
2007165304 37 1 8 0
2007169972 37 1 8 1
2007174406 37 1 8 0
2007179141 37 1 8 1
2007183389 37 1 8 0
2007188132 37 1 8 1
2007192546 37 1 8 0
2007197289 37 1 8 1
2007201727 37 1 8 0
2007206545 37 1 8 1
2007210963 37 1 8 0
2007215868 37 1 8 1
2007220021 37 1 8 0
2007225001 37 1 8 1
2007229154 37 1 8 0
2007234304 37 1 8 1
2007238453 37 1 8 0
2007243429 37 1 8 1
2007247471 37 1 8 0
2007252443 37 1 8 1
2007256564 37 1 8 0
2007261702 37 1 8 1
2007265926 37 1 8 0
2007271060 37 1 8 1
2007275106 37 1 8 0
2007280406 37 1 8 1
2007284404 37 1 8 0
2007289652 37 1 8 1
2007293768 37 1 8 0
2007299020 37 1 8 1
2007303219 37 1 8 0
2007308388 37 1 8 1
2007312409 37 1 8 0
2007317744 37 1 8 1
2007321950 37 1 8 0
2007327119 37 1 8 1
2007331270 37 1 8 0
2007336352 37 1 8 1
2007340635 37 1 8 0
2007345468 37 1 8 1
2007349857 37 1 8 0
2007354607 37 1 8 1
2007358873 37 1 8 0
2007363457 37 1 8 1
2007367881 37 1 8 0
2007372548 37 1 8 1
2007377237 37 1 8 0
2007381655 37 1 8 1
2007386257 37 1 8 0
2007390422 37 1 8 1
2007395574 37 1 8 0
2007399739 37 1 8 1
2007405223 37 1 8 0
2007409309 37 1 8 1
2007414595 37 1 8 0
2007418428 37 1 8 1
2007423963 37 1 8 0
2007428298 37 1 8 1
2007430994 37 1 8 0
2007436246 37 1 8 1
2007441924 37 1 8 0
2007445844 37 1 8 1
2007451901 37 1 8 0
2007455651 37 1 8 1
2007461625 37 1 8 0
2007465126 37 1 8 1
2007471345 37 1 8 0
2007474763 37 1 8 1
2007481326 37 1 8 0
2007484827 37 1 8 1
2007492438 37 1 8 0
2007495856 37 1 8 1
2007526723 37 1 8 0
2007537137 37 1 8 1
2007541220 37 1 8 0
2007544887 37 1 8 1
2007547903 37 1 8 0
2007551989 37 1 8 1
2007554934 37 1 8 0
2007560348 37 1 8 1
2007564662 37 1 8 0
2007568997 37 1 8 1
2007572211 37 1 8 0
2007575795 37 1 8 1
2007581969 37 1 8 0
2007587470 37 1 8 1
2007591341 37 1 8 0
2007598257 37 1 8 1
2007602192 37 1 8 0
2007609191 37 1 8 1
2007612960 37 1 8 0
2007620959 37 1 8 1
2007624768 37 1 8 0
2011073736 13 0 1 1
2011079575 13 0 1 0
2011083437 13 0 1 1
2011089109 13 0 1 0
2011092884 13 0 1 1
2011098481 13 0 1 0
2011102256 13 0 1 1
2011107783 13 0 1 0
2011111562 13 0 1 1
2011117152 13 0 1 0
2011120948 13 0 1 1
2011125054 13 0 1 0
2011131454 13 0 1 1
2011135021 13 0 1 0
2011141351 13 0 1 1
2011144863 13 0 1 0
2011151262 13 0 1 1
2011154823 13 0 1 0
2011160882 13 0 1 1
2011164382 13 0 1 0
2011170861 13 0 1 1
2011174577 13 0 1 0
2011181059 13 0 1 1
2011184594 13 0 1 0
2011190922 13 0 1 1
2011194497 13 0 1 0
2011200809 13 0 1 1
2011204457 13 0 1 0
2011210686 13 0 1 1
2011214450 13 0 1 0
2011221696 13 0 1 1
2011225130 13 0 1 0
2011238402 13 0 1 1
2011242062 13 0 1 0
2011248964 13 0 1 1
2011252431 13 0 1 0
2011259098 13 0 1 1
2011262474 13 0 1 0
2011268884 13 0 1 1
2011272434 13 0 1 0
2011279176 13 0 1 1
2011282726 13 0 1 0
2011289361 13 0 1 1
2011292935 13 0 1 0
2011299262 13 0 1 1
2011302895 13 0 1 0
2011309139 13 0 1 1
2011312855 13 0 1 0
2011319182 13 0 1 1
2011322815 13 0 1 0
2011328976 13 0 1 1
2011332692 13 0 1 0
2011338853 13 0 1 1
2011342652 13 0 1 0
2011348813 13 0 1 1
2011352529 13 0 1 0
2011358690 13 0 1 1
2011362406 13 0 1 0
2011368484 13 0 1 1
2011372034 13 0 1 0
2014004813 45 1 1 1
2014007703 45 1 1 0
2014021570 45 1 1 1
2014024754 45 1 1 0
2014038747 45 1 1 1
2014041266 45 1 1 0
2014059966 45 1 1 1
2014060641 45 1 1 0
2014061769 45 1 1 1
2014062314 45 1 1 0
2014075462 45 1 1 1
2014078259 45 1 1 0
2014305692 37 1 6 1
2014310360 37 1 6 0
2014313249 37 1 6 1
2014323025 37 1 6 0
2014325914 37 1 6 1
2014335725 37 1 6 0
2014338768 37 1 6 1
2014348678 37 1 6 0
2014351650 37 1 6 1
2014361671 37 1 6 0
2014364564 37 1 6 1
2014374415 37 1 6 0
2014377557 37 1 6 1
2014385716 37 1 6 0
2014388854 37 1 6 1
2014396669 37 1 6 0
2014399902 37 1 6 1
2014408227 37 1 6 0
2014411373 37 1 6 1
2014419536 37 1 6 0
2014422690 37 1 6 1
2014430774 37 1 6 0
2014433956 37 1 6 1
2014441931 37 1 6 0
2014445489 37 1 6 1
2014452622 37 1 6 0
2014456121 37 1 6 1
2014462970 37 1 6 0
2014466196 37 1 6 1
2014477861 37 1 6 0
2014480731 37 1 6 1
2014493044 37 1 6 0
2014495910 37 1 6 1
2014507966 37 1 6 0
2014510836 37 1 6 1
2014522619 37 1 6 0
2014525524 37 1 6 1
2014537839 37 1 6 0
2014540745 37 1 6 1
2014552333 37 1 6 0
2014555338 37 1 6 1
2014564980 37 1 6 0
2014568337 37 1 6 1
2014575772 37 1 6 0
2014579220 37 1 6 1
2014585330 37 1 6 0
2014589130 37 1 6 1
2014594971 37 1 6 0
2014598735 37 1 6 1
2014604401 37 1 6 0
2014608205 37 1 6 1
2014613956 37 1 6 0
2014617705 37 1 6 1
2014623546 37 1 6 0
2014627437 37 1 6 1
2014633005 37 1 6 0
2014636726 37 1 6 1
2014642533 37 1 6 0
2014646432 37 1 6 1
2014652348 37 1 6 0
2014656334 37 1 6 1
2014661993 37 1 6 0
2014665888 37 1 6 1
2014671547 37 1 6 0
2014675442 37 1 6 1
2014681105 37 1 6 0
2014685087 37 1 6 1
2014690746 37 1 6 0
2014694815 37 1 6 1
2014700561 37 1 6 0
2014704630 37 1 6 1
2014710380 37 1 6 0
2014714366 37 1 6 1
2014720021 37 1 6 0
2014723920 37 1 6 1
2014729575 37 1 6 0
2014733648 37 1 6 1
2014739224 37 1 6 0
2014743202 37 1 6 1
2014748857 37 1 6 0
2014752842 37 1 6 1
2014758503 37 1 6 0
2014762709 37 1 6 1
2014768627 37 1 6 0
2014772833 37 1 6 1
2014778755 37 1 6 0
2014782874 37 1 6 1
2014788195 37 1 6 0
2014792401 37 1 6 1
2014798062 37 1 6 0
2014802268 37 1 6 1
2014807672 37 1 6 0
2014811965 37 1 6 1
2014817477 37 1 6 0
2014821770 37 1 6 1
2014827403 37 1 6 0
2014831779 37 1 6 1
2014837444 37 1 6 0
2014841816 37 1 6 1
2014847655 37 1 6 0
2014852031 37 1 6 1
2014857435 37 1 6 0
2014861471 37 1 6 1
2014866875 37 1 6 0
2014871081 37 1 6 1
2014876572 37 1 6 0
2014880778 37 1 6 1
2014886249 37 1 6 0
2014890538 37 1 6 1
2014895946 37 1 6 0
2014900061 37 1 6 1
2014905797 37 1 6 0
2014909663 37 1 6 1
2014915755 37 1 6 0
2014919617 37 1 6 1
2014925539 37 1 6 0
2014929310 37 1 6 1
2014935489 37 1 6 0
2014939268 37 1 6 1
2014945356 37 1 6 0
2014949218 37 1 6 1
2014955223 37 1 6 0
2014959002 37 1 6 1
2014965094 37 1 6 0
2014968869 37 1 6 1
2014975044 37 1 6 0
2014978823 37 1 6 1
2014984828 37 1 6 0
2014988607 37 1 6 1
2014993070 37 1 6 0
2014998047 37 1 6 1
2015003451 37 1 6 0
2015007226 37 1 6 1
2015013575 37 1 6 0
2015017350 37 1 6 1
2015026874 37 1 6 0
2015031225 37 1 6 1
2015044010 37 1 6 0
2015047748 37 1 6 1
2015059703 37 1 6 0
2015063441 37 1 6 1
2015075811 37 1 6 0
2015079549 37 1 6 1
2015091587 37 1 6 0
2015095491 37 1 6 1
2015105122 37 1 6 0
2015109026 37 1 6 1
2015114764 37 1 6 0
2015118152 37 1 6 1
2015123549 37 1 6 0
2015127115 37 1 6 1
2015132951 37 1 6 0
2015137909 37 1 6 1
2015140174 37 1 6 0
2015146742 37 1 6 1
2015151838 37 1 6 0
2015155154 37 1 6 1
2015161016 37 1 6 0
2015164684 37 1 6 1
2015170167 37 1 6 0
2015173772 37 1 6 1
2015179089 37 1 6 0
2015182433 37 1 6 1
2015190917 37 1 6 0
2015194265 37 1 6 1
2015208129 37 1 6 0
2015211867 37 1 6 1
2015225233 37 1 6 0
2015228888 37 1 6 1
2015241922 37 1 6 0
2015245992 37 1 6 1
2015259109 37 1 6 0
2015261869 19 0 1 1
2015263594 37 1 6 1
2015266096 19 0 1 0
2015270613 19 0 1 1
2015274847 19 0 1 0
2015275798 37 1 6 0
2015279614 19 0 1 1
2015280200 37 1 6 1
2015283914 19 0 1 0
2015288680 19 0 1 1
2015290661 37 1 6 0
2015292906 19 0 1 0
2015295146 37 1 6 1
2015297582 19 0 1 1
2015301886 19 0 1 0
2015304113 37 1 6 0
2015306713 19 0 1 1
2015308515 37 1 6 1
2015310964 19 0 1 0
2015312336 37 1 6 0
2015315651 19 0 1 1
2015316489 37 1 6 1
2015319761 19 0 1 0
2015320559 37 1 6 0
2015324444 19 0 1 1
2015324795 37 1 6 1
2015328728 19 0 1 0
2015328782 37 1 6 0
2015330597 16 0 1 1
2015333018 37 1 6 1
2015334659 19 0 1 1
2015336922 37 1 6 0
2015338270 19 0 1 0
2015341075 37 1 6 1
2015343791 19 0 1 1
2015345062 37 1 6 0
2015347883 19 0 1 0
2015349381 37 1 6 1
2015352868 19 0 1 1
2015353451 37 1 6 0
2015356909 19 0 1 0
2015357521 37 1 6 1
2015361674 37 1 6 0
2015361823 19 0 1 1
2015365939 19 0 1 0
2015365993 37 1 6 1
2015370063 37 1 6 0
2015370879 19 0 1 1
2015374465 37 1 6 1
2015376511 19 0 1 0
2015378452 37 1 6 0
2015379941 19 0 1 1
2015380540 16 0 1 0
2015382771 37 1 6 1
2015383983 16 0 1 1
2015386522 19 0 1 0
2015386758 37 1 6 0
2015389782 19 0 1 1
2015391077 37 1 6 1
2015391536 16 0 1 0
2015394667 16 0 1 1
2015395147 37 1 6 0
2015396908 16 0 1 0
2015397427 19 0 1 0
2015399632 37 1 6 1
2015400854 19 0 1 1
2015403785 37 1 6 0
2015406810 19 0 1 0
2015408270 37 1 6 1
2015410627 19 0 1 1
2015412257 37 1 6 0
2015416270 19 0 1 0
2015416742 37 1 6 1
2015420175 19 0 1 1
2015420895 37 1 6 0
2015422548 19 0 1 0
2015425380 37 1 6 1
2015430031 37 1 6 0
2015433520 37 1 6 1
2015438752 37 1 6 0
2015441992 37 1 6 1
2015447390 37 1 6 0
2015450547 37 1 6 1
2015455862 37 1 6 0
2015459019 37 1 6 1
2015464251 37 1 6 0
2015467657 37 1 6 1
2015473387 37 1 6 0
2015476793 37 1 6 1
2015481610 37 1 6 0
2015484850 37 1 6 1
2015488588 37 1 6 0
2015491994 37 1 6 1
2015495981 37 1 6 0
2015499304 37 1 6 1
2015503208 37 1 6 0
2015506448 37 1 6 1
2015510518 37 1 6 0
2015513758 37 1 6 1
2015517911 37 1 6 0
2015521234 37 1 6 1
2015525304 37 1 6 0
2015528793 37 1 6 1
2015532780 37 1 6 0
2015536435 37 1 6 1
2015540173 37 1 6 0
2015543496 37 1 6 1
2015547151 37 1 6 0
2015550640 37 1 6 1
2015554461 37 1 6 0
2015557867 37 1 6 1
2015561605 37 1 6 0
2015565094 37 1 6 1
2015568915 37 1 6 0
2015572238 37 1 6 1
2015576142 37 1 6 0
2015579299 37 1 6 1
2015583286 37 1 6 0
2015586360 37 1 6 1
2015590098 37 1 6 0
2015593172 37 1 6 1
2015597159 37 1 6 0
2015600150 37 1 6 1
2015603971 37 1 6 0
2015607045 37 1 6 1
2015610949 37 1 6 0
2015614023 37 1 6 1
2015617761 37 1 6 0
2015620835 37 1 6 1
2015624822 37 1 6 0
2015627896 37 1 6 1
2015631729 37 1 6 0
2015635460 37 1 6 1
2015639115 37 1 6 0
2015642521 37 1 6 1
2015646093 37 1 6 0
2015649333 37 1 6 1
2015653320 37 1 6 0
2015656394 37 1 6 1
2015661460 37 1 6 0
2015665032 37 1 6 1
2015670845 37 1 6 0
2015673919 37 1 6 1
2015680396 37 1 6 0
2015683470 37 1 6 1
2015688702 37 1 6 0
2015691859 37 1 6 1
2015695597 37 1 6 0
2015698920 37 1 6 1
2015702243 37 1 6 0
2015707392 37 1 6 1
2015711794 37 1 6 0
2015717109 37 1 6 1
2015721262 37 1 6 0
2015728569 37 1 6 1
2015732141 37 1 6 0
2015739946 37 1 6 1
2015743518 37 1 6 0
2015750078 37 1 6 1
2015753733 37 1 6 0
2015761123 37 1 6 1
2015765193 37 1 6 0
2015773662 37 1 6 1
2015776404 37 1 6 0
2017155615 5 0 1 1
2017159949 5 0 1 0
2017164719 5 0 1 1
2017168969 5 0 1 0
2017172980 5 0 1 1
2017178062 5 0 1 0
2017182267 5 0 1 1
2017187093 5 0 1 0
2017191700 5 0 1 1
2017196342 5 0 1 0
2017200553 5 0 1 1
2017205427 5 0 1 0
2017209628 5 0 1 1
2017214883 5 0 1 0
2017219437 5 0 1 1
2017223776 5 0 1 0
2017228695 5 0 1 1
2017232756 5 0 1 0
2017237819 5 0 1 1
2017241807 5 0 1 0
2017246987 5 0 1 1
2017251436 5 0 1 0
2017257046 5 0 1 1
2017260962 5 0 1 0
2017266641 5 0 1 1
2017270711 5 0 1 0
2017276607 5 0 1 1
2017279930 5 0 1 0
2017295952 5 0 1 1
2017299358 5 0 1 0
2017304673 5 0 1 1
2017308909 5 0 1 0
2017313560 5 0 1 1
2017318128 5 0 1 0
2017322779 5 0 1 1
2017327347 5 0 1 0
2017332579 5 0 1 1
2017336649 5 0 1 0
2017341549 5 0 1 1
2017346034 5 0 1 0
2017352262 5 0 1 1
2017355834 5 0 1 0
2017362145 5 0 1 1
2017365634 5 0 1 0
2017372028 5 0 1 1
2017376181 5 0 1 0
2017381413 5 0 1 1
2017385400 5 0 1 0
2017389968 5 0 1 1
2017394370 5 0 1 0
2017399519 5 0 1 1
2017404170 5 0 1 0
2017409153 5 0 1 1
2017413721 5 0 1 0
2017418372 5 0 1 1
2017422774 5 0 1 0
2017427591 5 0 1 1
2017431993 5 0 1 0
2017436727 5 0 1 1
2017441046 5 0 1 0
2017446112 5 0 1 1
2017450431 5 0 1 0
2017455497 5 0 1 1
2017459733 5 0 1 0
2017464716 5 0 1 1
2017468786 5 0 1 0
2017474018 5 0 1 1
2017477009 5 0 1 0
2018676097 18 0 1 1
2018680181 18 0 1 0
2018697391 18 0 1 1
2018700030 18 0 1 0
2018704319 16 0 1 1
2018714484 16 0 1 0
2018714718 18 0 1 1
2018719049 18 0 1 0
2018723570 18 0 1 1
2018724358 16 0 1 1
2018727498 18 0 1 0
2018728187 16 0 1 0
2018733194 18 0 1 1
2018733914 16 0 1 1
2018736993 18 0 1 0
2018737740 16 0 1 0
2018742609 18 0 1 1
2018743316 16 0 1 1
2018746293 18 0 1 0
2018747206 16 0 1 0
2018752068 18 0 1 1
2018752861 16 0 1 1
2018756060 18 0 1 0
2018756593 16 0 1 0
2018762003 16 0 1 1
2018766644 16 0 1 0
2018771224 16 0 1 1
2018775944 16 0 1 0
2018780603 16 0 1 1
2018785331 16 0 1 0
2018789911 16 0 1 1
2018794552 16 0 1 0
2018798962 16 0 1 1
2018803520 16 0 1 0
2018808013 16 0 1 1
2018812741 16 0 1 0
2018817155 16 0 1 1
2018821792 16 0 1 0
2018826368 16 0 1 1
2018831096 16 0 1 0
2018835755 16 0 1 1
2018840147 16 0 1 0
2018844561 16 0 1 1
2018849281 16 0 1 0
2018853940 16 0 1 1
2018858668 16 0 1 0
2018863244 16 0 1 1
2018867885 16 0 1 0
2018872465 16 0 1 1
2018877189 16 0 1 0
2018881350 16 0 1 1
2018886987 16 0 1 0
2018890176 18 0 1 1
2018890820 16 0 1 1
2018893299 18 0 1 0
2018896038 16 0 1 0
2018899950 16 0 1 1
2018905425 16 0 1 0
2018908618 18 0 1 1
2018909092 16 0 1 1
2018911369 18 0 1 0
2018913610 16 0 1 0
2018918269 16 0 1 1
2018922997 16 0 1 0
2018927573 16 0 1 1
2018932214 16 0 1 0
2018936794 16 0 1 1
2018941514 16 0 1 0
2018946236 16 0 1 1
2018950901 16 0 1 0
2018955481 16 0 1 1
2018960118 16 0 1 0
2018964694 16 0 1 1
2018969422 16 0 1 0
2018974085 16 0 1 1
2018978805 16 0 1 0
2018983215 16 0 1 1
2018987860 16 0 1 0
2018992436 16 0 1 1
2018997160 16 0 1 0
2019001819 16 0 1 1
2019006621 16 0 1 0
2019011352 16 0 1 1
2019015847 16 0 1 0
2019020570 16 0 1 1
2019025130 16 0 1 0
2019029861 16 0 1 1
2019034343 16 0 1 0
2019039071 16 0 1 1
2019043419 16 0 1 0
2019048142 16 0 1 1
2019052474 16 0 1 0
2019057110 16 0 1 1
2019061359 16 0 1 0
2019065999 16 0 1 1
2019070365 16 0 1 0
2019075172 16 0 1 1
2019079578 16 0 1 0
2019084309 16 0 1 1
2019088599 16 0 1 0
2019093273 16 0 1 1
2019097571 16 0 1 0
2019102237 16 0 1 1
2019106290 16 0 1 0
2019110952 16 0 1 1
2019115262 16 0 1 0
2019120165 16 0 1 1
2019124479 16 0 1 0
2019129115 16 0 1 1
2019133445 16 0 1 0
2019138335 16 0 1 1
2019142668 16 0 1 0
2019147414 16 0 1 1
2019151889 16 0 1 0
2019156465 16 0 1 1
2019160940 16 0 1 0
2019165686 16 0 1 1
2019170244 16 0 1 0
2019174986 16 0 1 1
2019179295 16 0 1 0
2019187776 16 0 1 1
2019192334 16 0 1 0
2019197163 16 0 1 1
2019201555 16 0 1 0
2019206131 16 0 1 1
2019210440 16 0 1 0
2019215250 16 0 1 1
2019219612 16 0 1 0
2019226878 16 0 1 1
2019241917 16 0 1 0
2019249774 16 0 1 1
2019254090 16 0 1 0
2019259070 16 0 1 1
2019263343 16 0 1 0
2019268283 16 0 1 1
2019272599 16 0 1 0
2019277496 16 0 1 1
2019281812 16 0 1 0
2019287539 16 0 1 1
2019291191 16 0 1 0
2019296769 16 0 1 1
2019301302 16 0 1 0
2019306297 16 0 1 1
2019310696 16 0 1 0
2019578386 16 0 1 1
2019582076 16 0 1 0
2019586822 16 0 1 1
2019590380 16 0 1 0
2019595280 16 0 1 1
2019598769 16 0 1 0
2019603835 16 0 1 1
2019607407 16 0 1 0
2019612384 16 0 1 1
2019615636 16 0 1 0
2019620517 16 0 1 1
2019623751 16 0 1 0
2019629453 16 0 1 1
2019632533 16 0 1 0
2019637330 16 0 1 1
2019640487 16 0 1 0
2019645138 16 0 1 1
2019648212 16 0 1 0
2019654222 16 0 1 1
2019657199 16 0 1 0
2019661467 16 0 1 1
2019664438 16 0 1 0
2019669239 16 0 1 1
2019672228 16 0 1 0
2019677309 16 0 1 1
2019680375 16 0 1 0
2019685734 16 0 1 1
2019688688 16 0 1 0
2019706146 16 0 1 1
2019709026 16 0 1 0
2019714223 16 0 1 1
2019717098 16 0 1 0
2019722880 16 0 1 1
2019725953 16 0 1 0
2019731989 16 0 1 1
2019734783 16 0 1 0
2019739221 16 0 1 1
2019744595 16 0 1 0
2019752805 16 0 1 1
2019756355 16 0 1 0
2019763210 16 0 1 1
2019766194 16 0 1 0
2019773116 16 0 1 1
2019777049 16 0 1 0
2019784216 16 0 1 1
2019787279 16 0 1 0
2019793936 16 0 1 1
2019796833 16 0 1 0
2019803130 16 0 1 1
2019823972 16 0 1 0
2019827632 16 0 1 1
2019838776 16 0 1 0
2023111535 45 1 4 1
2023125565 45 1 4 0
2023131303 45 1 4 1
2023151793 45 1 4 0
2023156701 45 1 4 1
2023179017 45 1 4 0
2023184257 45 1 4 1
2023204996 45 1 4 0
2023210734 45 1 4 1
2023216201 45 1 4 0
2023220279 45 1 4 1
2023226161 45 1 4 0
2023230488 45 1 4 1
2023235955 45 1 4 0
2023239867 45 1 4 1
2023245417 45 1 4 0
2023249329 45 1 4 1
2023255294 45 1 4 0
2023259455 45 1 4 1
2023265088 45 1 4 0
2023269166 45 1 4 1
2023274965 45 1 4 0
2023279043 45 1 4 1
2023284427 45 1 4 0
2023288920 45 1 4 1
2023293723 45 1 4 0
2023301204 45 1 4 1
2023304430 45 1 4 0
2023312160 45 1 4 1
2023315552 45 1 4 0
2023326104 45 1 4 1
2023328993 45 1 4 0
2023339628 45 1 4 1
2023343684 45 1 4 0
2023348758 45 1 4 1
2023352731 45 1 4 0
2023357722 45 1 4 1
2023361861 45 1 4 0
2023367019 45 1 4 1
2023371846 45 1 4 0
2023381236 45 1 4 1
2023382719 45 1 4 0
2023673578 46 1 4 1
2023802849 46 1 4 0
2023831744 46 1 4 1
2023835634 46 1 4 0
2023841538 46 1 4 1
2023844681 46 1 4 0
2023853656 46 1 4 1
2023856799 46 1 4 0
2023865691 46 1 4 1
2023868834 46 1 4 0
2023877726 46 1 4 1
2023880786 46 1 4 0
2023890093 46 1 4 1
2023893153 46 1 4 0
2023904527 46 1 4 1
2023907429 46 1 4 0
2023919060 46 1 4 1
2023922120 46 1 4 0
2023930846 46 1 4 1
2023933906 46 1 4 0
2023942466 46 1 4 1
2023945609 46 1 4 0
2023954169 46 1 4 1
2023957229 46 1 4 0
2023965706 46 1 4 1
2023968766 46 1 4 0
2023977243 46 1 4 1
2023980303 46 1 4 0
2023988697 46 1 4 1
2023991840 46 1 4 0
2024000317 46 1 4 1
2024003543 46 1 4 0
2027205242 18 0 1 1
2027208633 18 0 1 0
2027215367 18 0 1 1
2027218853 18 0 1 0
2027225670 18 0 1 1
2027229156 18 0 1 0
2027235641 18 0 1 1
2027239119 18 0 1 0
2027247015 18 0 1 1
2027250019 18 0 1 0
2027259907 18 0 1 1
2027262963 18 0 1 0
2027272934 18 0 1 1
2027275994 18 0 1 0
2027285965 18 0 1 1
2027289021 18 0 1 0
2027299407 18 0 1 1
2027302305 18 0 1 0
2027313521 18 0 1 1
2027316356 18 0 1 0
2027329066 18 0 1 1
2027331854 18 0 1 0
2027345311 18 0 1 1
2027348119 18 0 1 0
2027361161 18 0 1 1
2027363447 18 0 1 0
2027676988 22 0 1 1
2027679701 22 0 1 0
2027693323 22 0 1 1
2027696168 22 0 1 0
2027709820 22 0 1 1
2027712820 22 0 1 0
2027728428 22 0 1 1
2027731599 22 0 1 0
2027747147 22 0 1 1
2027750002 22 0 1 0
2027763963 22 0 1 1
2027766990 22 0 1 0
2027782670 22 0 1 1
2027785393 22 0 1 0
2027800022 22 0 1 1
2027802800 22 0 1 0
2027818600 22 0 1 1
2027821618 22 0 1 0
2029111791 3 0 1 1
2029115821 3 0 1 0
2029120524 3 0 1 1
2029124764 3 0 1 0
2029129543 3 0 1 1
2029133832 3 0 1 0
2029138697 3 0 1 1
2029143045 3 0 1 0
2029148096 3 0 1 1
2029152175 3 0 1 0
2029156970 3 0 1 1
2029161056 3 0 1 0
2029166020 3 0 1 1
2029170269 3 0 1 0
2029175316 3 0 1 1
2029179522 3 0 1 0
2029184487 3 0 1 1
2029188695 3 0 1 0
2029193816 3 0 1 1
2029198157 3 0 1 0
2029203232 3 0 1 1
2029207679 3 0 1 0
2029212723 3 0 1 1
2029216913 3 0 1 0
2029222064 3 0 1 1
2029226043 3 0 1 0
2029230957 3 0 1 1
2029236335 3 0 1 0
2029240983 3 0 1 1
2029246461 3 0 1 0
2029251065 3 0 1 1
2029255767 5 0 1 1
2029256753 3 0 1 0
2029258685 5 0 1 0
2029261489 3 0 1 1
2029266586 3 0 1 0
2029268204 5 0 1 1
2029271025 5 0 1 0
2029271278 3 0 1 1
2029276640 3 0 1 0
2029281487 3 0 1 1
2029286849 3 0 1 0
2029291588 3 0 1 1
2029296680 3 0 1 0
2029301407 3 0 1 1
2029306607 3 0 1 0
2029311371 3 0 1 1
2029316437 3 0 1 0
2029321489 3 0 1 1
2029326606 3 0 1 0
2029331669 3 0 1 1
2029336649 3 0 1 0
2029341617 3 0 1 1
2029346683 3 0 1 0
2029351878 3 0 1 1
2029357150 3 0 1 0
2029361188 3 0 1 1
2029366944 3 0 1 0
2029370896 3 0 1 1
2029376406 3 0 1 0
2029380285 3 0 1 1
2029385880 3 0 1 0
