2001897249 40 1 2 1
2001902405 40 1 2 0
2001906566 40 1 2 1
2001907844 42 1 2 1
2001911120 40 1 2 0
2001912365 42 1 2 0
2001915779 40 1 2 1
2001916637 42 1 2 1
2001920337 40 1 2 0
2001921084 42 1 2 0
2001924996 40 1 2 1
2001925356 42 1 2 1
2001929550 40 1 2 0
2001929799 42 1 2 0
2001934126 40 1 2 1
2001934150 42 1 2 1
2001938680 40 1 2 0
2001938763 42 1 2 0
2001943256 40 1 2 1
2001943284 42 1 2 1
2001947810 40 1 2 0
2001947893 42 1 2 0
2001952386 40 1 2 1
2001952414 42 1 2 1
2001956944 40 1 2 0
2001957027 42 1 2 0
2001961520 40 1 2 1
2001961548 42 1 2 1
2001966074 42 1 2 0
2001966157 40 1 2 0
2001970595 42 1 2 1
2001970650 40 1 2 1
2001975121 40 1 2 0
2001975204 42 1 2 0
2001979697 40 1 2 1
2001979721 42 1 2 1
2001984251 40 1 2 0
2001984334 42 1 2 0
2001988827 40 1 2 1
2001988855 42 1 2 1
2001993385 40 1 2 0
2001993468 42 1 2 0
2001997961 40 1 2 1
2001997989 42 1 2 1
2002002515 40 1 2 0
2002002598 42 1 2 0
2002007032 42 1 2 1
2002007091 40 1 2 1
2002011538 42 1 2 0
2002011621 40 1 2 0
2002016055 42 1 2 1
2002016114 40 1 2 1
2002020585 40 1 2 0
2002020668 42 1 2 0
2002025106 42 1 2 1
2002025161 40 1 2 1
2002029553 42 1 2 0
2002029802 40 1 2 0
2002034074 42 1 2 1
2002034295 40 1 2 1
2002038683 42 1 2 0
2002038766 40 1 2 0
2002043204 42 1 2 1
2002043259 40 1 2 1
2002047730 40 1 2 0
2002047813 42 1 2 0
2002052247 42 1 2 1
2002052306 40 1 2 1
2002056777 42 1 2 0
2002056860 40 1 2 0
2002061298 42 1 2 1
2002061353 40 1 2 1
2002064666 42 1 2 0
2002067903 40 1 2 0
2002071199 42 1 2 1
2002071234 40 1 2 1
2002074792 42 1 2 0
2002076535 40 1 2 0
2002079396 42 1 2 1
2002080862 40 1 2 1
2002084088 42 1 2 0
2002085167 40 1 2 0
2002088605 42 1 2 1
2002089494 40 1 2 1
2002093218 42 1 2 0
2002093965 40 1 2 0
2002097739 42 1 2 1
2002098458 40 1 2 1
2002102352 42 1 2 0
2002102933 40 1 2 0
2002106956 42 1 2 1
2002107426 40 1 2 1
2002111731 42 1 2 0
2002111814 40 1 2 0
2002116165 42 1 2 1
2002116390 40 1 2 1
2002120778 40 1 2 0
2002120861 42 1 2 0
2002125603 40 1 2 1
2002130157 40 1 2 0
2002134899 40 1 2 1
2002135358 42 1 2 1
2002139374 40 1 2 0
2002139955 42 1 2 0
2002144116 40 1 2 1
2002144223 42 1 2 1
2002148587 40 1 2 0
2002148836 42 1 2 0
2002153191 42 1 2 1
2002153246 40 1 2 1
2002157781 40 1 2 0
2002157868 42 1 2 0
2002162191 40 1 2 1
2002162223 42 1 2 1
2002166657 40 1 2 0
2002167080 42 1 2 0
2002171150 40 1 2 1
2002171352 42 1 2 1
2002175790 40 1 2 0
2002176047 42 1 2 0
2002180283 40 1 2 1
2002180315 42 1 2 1
2002184836 40 1 2 0
2002185093 42 1 2 0
2002189329 40 1 2 1
2002189361 42 1 2 1
2002193981 40 1 2 0
2002194068 42 1 2 0
2002198336 42 1 2 1
2002198391 40 1 2 1
2002202897 42 1 2 0
2002203154 40 1 2 0
2002207252 42 1 2 1
2002207481 40 1 2 1
2002211971 42 1 2 0
2002212054 40 1 2 0
2002216322 42 1 2 1
2002216381 40 1 2 1
2002220930 40 1 2 0
2002221017 42 1 2 0
2002225340 40 1 2 1
2002225372 42 1 2 1
2002229976 40 1 2 0
2002230059 42 1 2 0
2002234386 40 1 2 1
2002234414 42 1 2 1
2002239022 40 1 2 0
2002239105 42 1 2 0
2002243432 40 1 2 1
2002243460 42 1 2 1
2002248116 40 1 2 0
2002248203 42 1 2 0
2002252471 42 1 2 1
2002252495 40 1 2 1
2002257034 40 1 2 0
2002257295 42 1 2 0
2002261480 42 1 2 1
2002261500 40 1 2 1
2002266122 40 1 2 0
2002266213 42 1 2 0
2002270481 42 1 2 1
2002270501 40 1 2 1
2002275036 40 1 2 0
2002275301 42 1 2 0
2002279743 42 1 2 1
2002284045 42 1 2 0
2002288815 42 1 2 1
2002293141 42 1 2 0
2002297745 42 1 2 1
2002302063 42 1 2 0
2002306833 42 1 2 1
2002311013 42 1 2 0
2002315787 42 1 2 1
2002319964 42 1 2 0
2002324734 42 1 2 1
2002328856 42 1 2 0
2002333795 42 1 2 1
2002338001 42 1 2 0
2002343024 42 1 2 1
2002347193 42 1 2 0
2002352360 42 1 2 1
2002356308 42 1 2 0
2002361566 42 1 2 1
2002365585 42 1 2 0
2002370837 42 1 2 1
2002374777 42 1 2 0
2002380031 42 1 2 1
2002384052 42 1 2 0
2002389136 42 1 2 1
2002393498 42 1 2 0
2002397692 42 1 2 1
2002402387 42 1 2 0
2002406612 42 1 2 1
2002411536 42 1 2 0
2002415931 42 1 2 1
2002420764 42 1 2 0
2002424910 42 1 2 1
2002429569 42 1 2 0
2002438329 42 1 2 1
2002443249 42 1 2 0
2002448328 42 1 2 1
2002454098 42 1 2 0
2002459177 42 1 2 1
2002462994 42 1 2 0
2002468417 42 1 