2004094303 31 0 1 1
2004123682 31 0 1 0
2004310407 44 1 4 1
2004324704 44 1 4 0
2004328089 44 1 4 1
2004385085 44 1 4 0
2004391864 44 1 4 1
2004435214 44 1 4 0
2004441306 44 1 4 1
2004446933 44 1 4 0
2004450596 44 1 4 1
2004455826 44 1 4 0
2004460236 44 1 4 1
2004464972 44 1 4 0
2004469382 44 1 4 1
2004473948 44 1 4 0
2004478358 44 1 4 1
2004483094 44 1 4 0
2004487670 44 1 4 1
2004491742 44 1 4 0
2004497199 44 1 4 1
2004505849 44 1 4 0
2004508935 44 1 4 1
2004517288 44 1 4 0
2004520508 44 1 4 1
2004528009 44 1 4 0
2004531269 44 1 4 1
2004538604 44 1 4 0
2004541769 44 1 4 1
2004548576 44 1 4 0
2004552654 44 1 4 1
2004558220 44 1 4 0
2004561800 44 1 4 1
2004566007 45 1 4 1
2004568117 44 1 4 0
2004572029 44 1 4 1
2004577595 44 1 4 0
2004581839 44 1 4 1
2004587015 44 1 4 0
2004591259 44 1 4 1
2004596143 44 1 4 0
2004600381 44 1 4 1
2004605535 44 1 4 0
2004610443 44 1 4 1
2004614456 44 1 4 0
2004620194 44 1 4 1
2004624744 44 1 4 0
2004629486 44 1 4 1
2004633890 44 1 4 0
2004638417 44 1 4 1
2004642981 44 1 4 0
2004648034 44 1 4 1
2004652598 44 1 4 0
2004669061 44 1 4 1
2004671557 44 1 4 0
2004679370 44 1 4 1
2004682782 44 1 4 0
2004722030 45 1 4 0
2004730315 45 1 4 1
2004736251 45 1 4 0
2004740420 44 1 4 1
2004740543 45 1 4 1
2004744563 45 1 4 0
2004744650 44 1 4 0
2004750215 45 1 4 1
2004750292 44 1 4 1
2004754377 44 1 4 0
2004754875 45 1 4 0
2004759285 44 1 4 1
2004759594 45 1 4 1
2004763821 44 1 4 0
2004763855 45 1 4 0
2004768317 45 1 4 1
2004768711 44 1 4 1
2004772420 44 1 4 0
2004772752 45 1 4 0
2004778231 45 1 4 1
2004782234 45 1 4 0
2004788056 45 1 4 1
2004791795 45 1 4 0
2004796937 45 1 4 1
2004801692 45 1 4 0
2004805692 45 1 4 1
2004810423 45 1 4 0
2004815036 45 1 4 1
2004820067 45 1 4 0
2004824419 45 1 4 1
2004829297 45 1 4 0
2004833242 45 1 4 1
2004837778 45 1 4 0
2004842126 45 1 4 1
2004846758 45 1 4 0
2004851612 45 1 4 1
2004855485 45 1 4 0
2004861035 45 1 4 1
2004864216 45 1 4 0
2004873273 45 1 4 1
2004876184 45 1 4 0
2004886504 45 1 4 1
2004889318 45 1 4 0
2004900079 45 1 4 1
2004902946 45 1 4 0
2005041061 45 1 4 1
2005045598 45 1 4 0
2005052795 45 1 4 1
2005057087 45 1 4 0
2005063450 45 1 4 1
2005070116 45 1 4 0
2005076396 45 1 4 1
2005080211 45 1 4 0
2005083641 45 1 4 1
2005088620 45 1 4 0
2005094900 45 1 4 1
2005101109 45 1 4 0
2005106825 45 1 4 1
2005110473 45 1 4 0
2005114077 45 1 4 1
2005119287 45 1 4 0
2005124369 47 1 4 1
2005125583 45 1 4 1
2005130595 45 1 4 0
2005134920 47 1 4 0
2005137132 45 1 4 1
2005138251 47 1 4 1
2005140990 45 1 4 0
2005145187 45 1 4 1
2005149053 45 1 4 0
2005149804 47 1 4 0
2005153550 47 1 4 1
2005164104 47 1 4 0
2005168406 47 1 4 1
2005189847 47 1 4 0
2005194091 47 1 4 1
2005199827 47 1 4 0
2005202992 47 1 4 1
2005208558 47 1 4 0
2005211391 47 1 4 1
2005217953 47 1 4 0
2005221447 45 1 4 1
2005222114 47 1 4 1
2005230352 47 1 4 0
2005233683 47 1 4 1
2005241498 47 1 4 0
2005246157 47 1 4 1
2005252976 47 1 4 0
2005257801 47 1 4 1
2005267126 47 1 4 0
2005272864 47 1 4 1
2005279853 47 1 4 0
2005284761 47 1 4 1
2005295110 45 1 4 0
2005317653 45 1 4 1
2005321216 47 1 4 0
2005325987 45 1 4 0
2005328780 47 1 4 1
2005329409 45 1 4 1
2005334711 45 1 4 0
2005337382 45 1 4 1
2005339421 47 1 4 0
2005342254 47 1 4 1
2005342656 45 1 4 0
2005346489 45 1 4 1
2005351249 47 1 4 0
2005352459 45 1 4 0
2005353999 47 1 4 1
2005356209 45 1 4 1
2005361003 45 1 4 0
2005362015 47 1 4 0
2005365851 47 1 4 1
2005366587 45 1 4 1
2005369608 45 1 4 0
2005372890 47 1 4 0
2005375678 47 1 4 1
2005376276 45 1 4 1
2005380287 45 1 4 0
2005382755 47 1 4 0
2005386418 47 1 4 1
2005386618 45 1 4 1
2005391872 45 1 4 0
2005393683 47 1 4 0
2005397429 47 1 4 1
2005419482 47 1 4 0
2005423434 47 1 4 1
2005431905 47 1 4 0
2005434837 47 1 4 1
2005443123 47 1 4 0
2005446205 47 1 4 1
2005451828 45 1 4 1
2005455080 45 1 4 0
2005455511 47 1 4 0
2005458676 47 1 4 1
2005461328 45 1 4 1
2005464048 47 1 4 0
2005466120 45 1 4 0
2005468790 47 1 4 1
2005473364 47 1 4 0
2005473538 45 1 4 1
2005476207 45 1 4 0
2005478189 47 1 4 1
2005482672 47 1 4 0
2005487248 47 1 4 1
2005489044 45 1 4 1
2005491727 47 1 4 0
2005491901 45 1 4 0
2005496552 47 1 4 1
2005501043 47 1 4 0
2005505702 47 1 4 1
2005506070 45 1 4 1
2005508714 45 1 4 0
2005510007 47 1 4 0
2005515330 47 1 4 1
2005519827 47 1 4 0
2005524403 47 1 4 1
2005528916 47 1 4 0
2005530398 45 1 4 1
2005533069 45 1 4 0
2005533575 47 1 4 1
2005537922 47 1 4 0
2005542415 47 1 4 1
2005546411 45 1 4 1
2005546920 47 1 4 0
2005549036 45 1 4 0
2005551662 47 1 4 1
2005556717 47 1 4 0
2005560712 47 1 4 1
2005566253 47 1 4 0
2005570165 47 1 4 1
2005575694 47 1 4 0
2005579440 47 1 4 1
2005584957 47 1 4 0
2005588620 47 1 4 1
2005594418 47 1 4 0
2005598247 47 1 4 1
2005603163 47 1 4 0
2005607158 47 1 4 1
2005612208 47 1 4 0
2005616452 47 1 4 1
2005621566 47 1 4 0
2005625644 47 1 4 1
2005630810 47 1 4 0
2005634891 47 1 4 1
2005639896 47 1 4 0
2005644143 47 1 4 1
2005649303 47 1 4 0
2005653630 47 1 4 1
2005658622 47 1 4 0
2005666186 47 1 4 1
2005671327 47 1 4 0
2005675654 47 1 4 1
2005679855 47 1 4 0
2005688249 47 1 4 1
2005692659 47 1 4 0
2005697318 47 1 4 1
2005700101 47 1 4 0
2005708827 47 1 4 1
2005713203 47 1 4 0
2005717779 47 1 4 1
2005720477 47 1 4 0
2005726879 47 1 4 1
2005730591 47 1 4 0
2005738736 47 1 4 1
2005742999 47 1 4 0
2005747658 47 1 4 1
2005750308 47 1 4 0
2005759034 47 1 4 1
2005763610 47 1 4 0
2005771340 47 1 4 1
2005775849 47 1 4 0
2005785239 47 1 4 1
2005790183 47 1 4 0
2005794012 47 1 4 1
2005805335 47 1 4 0
2005808251 47 1 4 1
2005814052 47 1 4 0
2005817798 47 1 4 1
2005820626 47 1 4 0
2005830182 47 1 4 1
2005835219 47 1 4 0
2005837720 47 1 4 1
2005843467 47 1 4 0
2005854683 47 1 4 1
2005857258 47 1 4 0
2005873869 47 1 4 1
2005895390 47 1 4 0
2005912582 47 1 4 1
2005916978 47 1 4 0
2005920807 47 1 4 1
2005926301 47 1 4 0
2005932122 47 1 4 1
2005938020 47 1 4 0
2005941849 47 1 4 1
2005947303 47 1 4 0
2005951547 47 1 4 1
2005955789 47 1 4 0
2005960033 47 1 4 1
2005973899 47 1 4 0
2005979139 47 1 4 1
2005990702 47 1 4 0
2005994531 47 1 4 1
2006004782 47 1 4 0
2006008611 47 1 4 1
2006017838 47 1 4 0
2006021268 47 1 4 1
2006025888 47 1 4 0
2006030381 47 1 4 1
2006034871 47 1 4 0
2006039281 47 1 4 1
2006044652 47 1 4 0
2006048896 47 1 4 1
2006052942 47 1 4 0
2006057103 47 1 4 1
2006062234 47 1 4 0
2006067059 47 1 4 1
2006071165 47 1 4 0
2006076986 47 1 4 1
2006081392 47 1 4 0
2006087130 47 1 4 1
2006090784 47 1 4 0
2006103826 47 1 4 1
2006107472 47 1 4 0
2006114040 47 1 4 1
2006117408 47 1 4 0
2006122814 47 1 4 1
2006127206 47 1 4 0
2006131367 47 1 4 1
2006135897 47 1 4 0
2006140805 47 1 4 1
2006144663 47 1 4 0
2006149820 47 1 4 1
2006153413 47 1 4 0
2006252512 47 1 4 1
2006255014 47 1 4 0
2006278273 47 1 4 1
2006281297 47 1 4 0
2006285458 47 1 4 1
2006289452 47 1 4 0
2006295858 47 1 4 1
2006299006 47 1 4 0
2006320528 47 1 4 1
2006323198 47 1 4 0
2006360654 47 1 4 1
2006363232 47 1 4 0
2006386146 47 1 4 1
2006389285 47 1 4 0
2006403244 47 1 4 1
2006407673 47 1 4 0
2006413083 47 1 4 1
2006417570 47 1 4 0
2006421814 47 1 4 1
2006425224 47 1 4 0
2006429800 47 1 4 1
2006433629 47 1 4 0
2006438620 47 1 4 1
2006448075 47 1 4 0
2006453066 47 1 4 1
2006458987 47 1 4 0
2006463480 47 1 4 1
2006468855 47 1 4 0
2006473099 47 1 4 1
2006477681 47 1 4 0
2006482012 47 1 4 1
2006488836 47 1 4 0
2006492914 47 1 4 1
2006501147 47 1 4 0
2006505391 47 1 4 1
2006514438 47 1 4 0
2006519180 47 1 4 1
2006523437 47 1 4 0
2006530669 47 1 4 1
2006533568 47 1 4 0
2006550681 47 1 4 1
2006553284 47 1 4 0
2006568899 47 1 4 1
2006569861 47 1 4 0
