1135 
15 21 3 100 843274 2.000001674
6 21 3 100 33283 2.000003994
6 18 3 100 2782658 2.000005636
4 28 3 100 73055 2.000007210
20 27 3 100 28598 2.000012312
11 31 3 100 2565 2.000017533
13 20 3 100 53025 2.000026229
29 19 3 100 156326 2.000026666
28 26 3 100 575918 2.000029933
31 17 3 100 6226 2.000032934
21 22 3 100 1752312 2.000037060
29 17 3 100 1253077 2.000048438
28 23 3 100 4600378 2.000048541
2 20 3 100 7788 2.000051041
13 19 3 100 5710241 2.000073234
1 27 3 100 74903 2.000074768
23 17 3 100 26214 2.000077203
29 24 3 100 143533 2.000078366
19 31 3 100 2895 2.000085206
22 17 3 100 75004 2.000090983
27 28 3 100 9206 2.000096635
7 29 3 100 26722 2.000096990
21 19 3 100 1700766 2.000100575
28 16 3 100 30578 2.000122297
31 20 3 100 116397 2.000122648
18 23 3 100 1532775 2.000124946
10 25 3 100 91017 2.000125966
16 26 3 100 25202 2.000129981
31 20 3 100 15420766 2.000130254
21 22 3 100 1624800 2.000133797
4 24 3 100 31419 2.000133922
8 26 3 100 13551 2.000134488
17 26 3 100 29977 2.000141451
28 24 3 100 15398 2.000143486
26 27 3 100 22182297 2.000151038
21 30 3 100 41904 2.000153139
7 22 3 100 68643 2.000154174
5 23 3 100 14245 2.000156498
11 30 3 100 9082088 2.000159331
30 28 3 100 1492594 2.000159518
25 19 3 100 62973 2.000161807
31 20 3 100 3441 2.000165977
29 20 3 100 64394 2.000167939
12 31 3 100 84049 2.000168671
22 18 3 100 395270 2.000173317
24 20 3 100 1138076 2.000180342
27 17 3 100 14785500 2.000180812
26 23 3 100 128755 2.000182171
19 31 3 100 76040 2.000187218
4 17 3 100 45187 2.000189099
11 20 3 100 172098 2.000195465
20 22 3 100 53118 2.000197193
1 26 3 100 36025 2.000198644
18 20 3 100 22454 2.000198934
15 22 3 100 1108189 2.000199008
0 30 3 100 26760 2.000209461
22 28 3 100 85712 2.000214951
3 26 3 100 1959740 2.000224705
16 25 3 100 27054 2.000227114
18 22 3 100 1159112 2.000228548
24 25 3 100 25930 2.000228711
12 16 3 100 22317 2.000238781
18 27 3 100 46487 2.000240209
16 22 3 100 4750989 2.000243292
10 26 3 100 329918 2.000244646
6 17 3 100 1433950 2.000247581
22 18 3 100 1122530 2.000250443
4 31 3 100 9231 2.000257578
2 16 3 100 50956 2.000258984
0 29 3 100 11471347 2.000259965
14 18 3 100 887054 2.000265528
0 18 3 100 1609750 2.000265548
15 17 3 100 5564 2.000267528
23 31 3 100 2610 2.000269580
6 23 3 100 2964 2.000270843
31 30 3 100 5162 2.000271366
15 26 3 100 2355680 2.000274940
8 28 3 100 97597 2.000280211
21 29 3 100 2893 2.000286237
2 25 3 100 36755 2.000286520
0 19 3 100 867538 2.000287470
26 19 3 100 2663083 2.000295294
20 28 3 100 63818 2.000305288
26 28 3 100 8656 2.000305756
7 26 3 100 19406 2.000310420
27 29 3 100 54196 2.000312151
12 19 3 100 930890 2.000315235
11 28 3 100 37108 2.000319550
4 24 3 100 27076 2.000321577
26 18 3 100 634229 2.000323439
2 23 3 100 2859429 2.000326058
29 24 3 100 1789724 2.000331033
6 18 3 100 672224 2.000339646
6 17 3 100 74967 2.000342127
10 16 3 100 24498268 2.000345093
2 25 3 100 60293 2.000345138
1 25 3 100 4053334 2.000346308
3 29 3 100 74365 2.000354531
17 25 3 100 1528226 2.000365635
15 19 3 100 44341 2.000374907
21 29 3 100 100259 2.000378360
25 17 3 100 20255 2.000383451
10 23 3 100 6224853 2.000383610
4 27 3 100 23368 2.000383644
14 18 3 100 198130 2.000387409
28 27 3 100 33793 2.000394609
12 30 3 100 60831 2.000397978
8 30 3 100 70252 2.000398602
27 25 3 100 24277 2.000401441
2 22 3 100 1154555 2.000402597
26 17 3 100 153550 2.000405565
2 17 3 100 8658963 2.000407274
20 23 3 100 1511526 2.000408048
1 22 3 100 8664869 2.000408150
20 21 3 100 6734 2.000410319
19 23 3 100 1709474 2.000425232
16 24 3 100 38670 2.000426413
27 21 3 100 1133394 2.000430348
8 25 3 100 2318754 2.000430683
10 18 3 100 4114175 2.000430782
20 27 3 100 4210631 2.000431155
0 28 3 100 7840 2.000432670
22 26 3 100 5039 2.000434360
22 16 3 100 53851 2.000435871
8 23 3 100 77852 2.000437135
31 27 3 100 6814 2.000440962
3 23 3 100 64749 2.000441247
14 21 3 100 3754238 2.000447083
2 17 3 100 45661 2.000454520
8 28 3 100 16923 2.000455423
10 28 3 100 846478 2.000458967
22 28 3 100 4189781 2.000480126
31 22 3 100 420069 2.000480800
9 18 3 100 1767100 2.000491091
26 30 3 100 27245 2.000491313
16 24 3 100 25324 2.000492798
2 25 3 100 1333878 2.000494738
0 18 3 100 14677 2.000495572
17 25 3 100 11829 2.000501210
25 23 3 100 60840 2.000510031
2 25 3 100 9329461 2.000511869
0 23 3 100 15984737 2.000528803
22 28 3 100 1725968 2.000541256
18 31 3 100 399241 2.000543539
26 30 3 100 14054 2.000544779
5 26 3 100 4396 2.000556773
29 20 3 100 79925 2.000561905
31 18 3 100 1984400 2.000565559
26 25 3 100 8680449 2.000565751
3 18 3 100 2117613 2.000576154
6 31 3 100 1990793 2.000577050
30 23 3 100 43337 2.000580362
13 27 3 100 861647 2.000580403
10 22 3 100 10547 2.000581679
15 16 3 100 53474 2.000584585
25 16 3 100 72060 2.000591091
28 20 3 100 50371 2.000591274
19 30 3 100 1250188 2.000597657
16 17 3 100 63380 2.000599358
20 27 3 100 67726 2.000600212
28 29 3 100 15522 2.000601043
6 29 3 100 68778 2.000601154
0 18 3 100 3223928 2.000606997
14 24 3 100 1203250 2.000607719
9 26 3 100 9493196 2.000610821
17 24 3 100 65630 2.000612927
21 22 3 100 73056 2.000621834
5 30 3 100 60169 2.000626382
20 21 3 100 1780817 2.000632993
27 23 3 100 2043 2.000637518
27 26 3 100 9118334 2.000648290
3 21 3 100 26112 2.000651802
21 25 3 100 7231 2.000658934
30 17 3 100 2762 2.000660636
10 25 3 100 61650 2.000672787
19 28 3 100 32265 2.000673017
20 31 3 100 28512 2.000687611
8 28 3 100 25839 2.000691110
14 27 3 100 4662566 2.000696113
20 26 3 100 2429 2.000698609
12 21 3 100 3608328 2.000713992
10 27 3 100 4405 2.000720942
0 25 3 100 3403 2.000724186
31 25 3 100 1113011 2.000725076
26 29 3 100 23622282 2.000730455
19 16 3 100 2416 2.000734292
24 17 3 100 7870626 2.000737941
2 22 3 100 2513960 2.000738194
6 22 3 100 26515221 2.000749954
1 27 3 100 8190857 2.000755092
19 31 3 100 700696 2.000755527
12 24 3 100 3556 2.000760426
15 30 3 100 154420 2.000761640
16 31 3 100 1690849 2.000771086
26 20 3 100 21311 2.000771827
7 30 3 100 25715 2.000781759
11 26 3 100 4645759 2.000782327
24 20 3 100 160805 2.000782512
6 22 3 100 22324 2.000786366
0 24 3 100 164241 2.000791919
12 17 3 100 74393 2.000794757
30 19 3 100 17245 2.000794884
25 21 3 100 61465 2.000800327
20 16 3 100 8185 2.000802197
12 26 3 100 2615042 2.000814903
28 30 3 100 4212000 2.000823711
17 29 3 100 4353 2.000826550
21 31 3 100 773219 2.000826597
29 17 3 100 197564 2.000829755
20 18 3 100 8529 2.000830165
23 22 3 100 14 2.000831470
31 23 3 100 713419 2.000833579
24 28 3 100 504544 2.000838476
26 30 3 100 8245 2.000840287
5 31 3 100 48884 2.000844798
21 28 3 100 26992 2.000852539
14 25 3 100 25971 2.000852960
5 19 3 100 509633 2.000854565
24 17 3 100 1242178 2.000858978
20 22 3 100 4634492 2.000864421
18 17 3 100 6406405 2.000880838
31 24 3 100 2704 2.000885286
14 24 3 100 836462 2.000890025
20 17 3 100 1543666 2.000891012
2 21 3 100 17485192 2.000891427
12 21 3 100 3089083 2.000892170
24 25 3 100 2204689 2.000894693
5 21 3 100 6997557 2.000903253
17 31 3 100 345975 2.000913117
31 18 3 100 32401 2.000922551
15 19 3 100 8567961 2.000922773
2 30 3 100 5459950 2.000933058
1 23 3 100 1121873 2.000933587
13 19 3 100 39903 2.000935616
4 25 3 100 10439215 2.000936994
22 26 3 100 108662 2.000943022
1 19 3 100 11202 2.000947665
2 28 3 100 62809 2.000959900
26 17 3 100 20532641 2.000961196
30 19 3 100 8813899 2.000963944
2 30 3 100 715836 2.000967896
8 17 3 100 44223 2.000970781
0 26 3 100 9113 2.000970985
1 25 3 100 6889501 2.000974161
21 20 3 100 6076465 2.000977601
18 30 3 100 27720 2.000978219
12 23 3 100 1580929 2.000978750
24 22 3 100 4049 2.000982815
9 20 3 100 775373 2.000986527
9 25 3 100 77533 2.000988592
24 18 3 100 52782 2.000989761
11 23 3 100 193445 2.000991518
10 26 3 100 4325 2.000998819
4 26 3 100 38495 2.000999854
21 24 3 100 360 2.001007616
29 17 3 100 4575835 2.001009178
4 24 3 100 97961 2.001011850
19 23 3 100 25238 2.001012321
18 19 3 100 3991 2.001013152
18 24 3 100 11511 2.001018819
10 26 3 100 38375 2.001019020
27 23 3 100 3497 2.001022171
17 23 3 100 2766227 2.001022585
2 26 3 100 39219 2.001022808
25 31 3 100 24162 2.001027611
1 21 3 100 33745 2.001031008
23 28 3 100 9900108 2.001031520
14 17 3 100 8354576 2.001039890
12 20 3 100 3469990 2.001045908
14 30 3 100 7251533 2.001046923
16 23 3 100 8990 2.001059125
19 30 3 100 8720 2.001065077
25 27 3 100 803943 2.001066819
7 17 3 100 7281 2.001071801
15 24 3 100 6492 2.001074745
19 16 3 100 126154 2.001077828
0 27 3 100 39863 2.001094136
18 27 3 100 7 2.001106261
14 29 3 100 1831979 2.001113718
12 17 3 100 9063 2.001127607
30 24 3 100 2912039 2.001129750
7 26 3 100 552851 2.001129775
23 17 3 100 32550 2.001131870
17 19 3 100 79419 2.001134309
9 24 3 100 7637 2.001134325
22 28 3 100 3345537 2.001141228
28 25 3 100 47352 2.001143198
31 25 3 100 6162 2.001144393
21 25 3 100 1921848 2.001145276
3 30 3 100 3952 2.001147815
20 19 3 100 13237 2.001149467
10 16 3 100 1398843 2.001150491
6 24 3 100 42428 2.001156032
16 29 3 100 962 2.001163017
4 26 3 100 3724126 2.001166545
18 16 3 100 386 2.001166843
22 31 3 100 24434 2.001170250
23 29 3 100 9947 2.001185460
23 30 3 100 71232 2.001187072
17 21 3 100 24891 2.001187228
11 18 3 100 892933 2.001197623
24 26 3 100 12720 2.001206132
28 24 3 100 1053551 2.001207529
3 25 3 100 45408 2.001217592
21 28 3 100 1697592 2.001224706
3 29 3 100 1026199 2.001229623
13 30 3 100 25720 2.001234161
6 29 3 100 19372728 2.001240002
17 19 3 100 9112 2.001244252
16 27 3 100 41226 2.001244402
22 28 3 100 6658 2.001255897
17 23 3 100 3139834 2.001256900
8 23 3 100 1805491 2.001258649
22 17 3 100 7625 2.001259015
25 26 3 100 78058 2.001263279
8 26 3 100 28457 2.001274621
25 23 3 100 10298 2.001278666
28 27 3 100 42236 2.001279507
14 17 3 100 170911 2.001282821
31 29 3 100 22454 2.001282837
6 20 3 100 21982 2.001288001
3 25 3 100 1088362 2.001297100
16 23 3 100 28001 2.001308269
7 30 3 100 2343824 2.001308372
26 24 3 100 26048 2.001309382
12 16 3 100 3240 2.001312571
10 16 3 100 27503 2.001314822
26 28 3 100 3130 2.001318029
12 23 3 100 136252 2.001324485
21 28 3 100 145852 2.001325129
9 22 3 100 479485 2.001327177
9 24 3 100 118357 2.001328760
21 16 3 100 7674 2.001342577
17 29 3 100 20193 2.001343310
18 19 3 100 3919 2.001343708
4 21 3 100 76343 2.001357082
3 19 3 100 526027 2.001360851
7 19 3 100 33342 2.001382801
25 24 3 100 1410 2.001385801
28 21 3 100 947590 2.001388697
1 28 3 100 54961 2.001390461
2 29 3 100 29013 2.001390755
9 23 3 100 4642224 2.001395020
19 31 3 100 23692 2.001398080
18 30 3 100 63789 2.001398116
9 29 3 100 16987 2.001399188
22 26 3 100 43700 2.001399297
19 25 3 100 2704566 2.001400299
29 19 3 100 17886226 2.001402151
14 21 3 100 26372 2.001402775
0 20 3 100 198526 2.001406642
25 21 3 100 86099 2.001406642
10 16 3 100 108192 2.001408343
2 17 3 100 34625 2.001412612
3 30 3 100 32772 2.001412971
13 31 3 100 3224 2.001420859
15 19 3 100 61533 2.001422066
0 30 3 100 1011106 2.001423710
10 16 3 100 52985 2.001426399
28 26 3 100 71968 2.001429256
2 31 3 100 1266882 2.001430525
1 19 3 100 1949 2.001432621
31 19 3 100 39019 2.001444156
29 22 3 100 6784 2.001444775
8 19 3 100 1591 2.001447527
0 30 3 100 19371 2.001464004
25 21 3 100 29815 2.001465312
8 26 3 100 2957536 2.001465540
22 30 3 100 467441 2.001469545
3 16 3 100 885490 2.001470699
9 31 3 100 5594 2.001471014
10 27 3 100 370430 2.001471583
7 22 3 100 771870 2.001476619
27 16 3 100 285480 2.001476640
6 28 3 100 22401 2.001484284
5 16 3 100 11734 2.001487197
0 30 3 100 3416 2.001488497
27 18 3 100 7602 2.001496754
1 17 3 100 176349 2.001502130
25 24 3 100 2240906 2.001502370
8 23 3 100 5645 2.001504295
10 22 3 100 124690 2.001504601
28 21 3 100 74019 2.001510415
3 29 3 100 3870544 2.001512860
28 16 3 100 8429860 2.001515542
25 23 3 100 3265530 2.001520753
18 30 3 100 6962 2.001524998
13 21 3 100 5876 2.001530481
24 17 3 100 3112 2.001533307
23 19 3 100 1875715 2.001548506
30 21 3 100 3606357 2.001553156
5 26 3 100 6654 2.001555044
27 20 3 100 20361 2.001555370
1 16 3 100 16886 2.001562505
2 24 3 100 1387513 2.001563076
26 18 3 100 33162 2.001564696
31 17 3 100 2517409 2.001571034
16 29 3 100 9909610 2.001571584
24 16 3 100 820857 2.001573838
30 31 3 100 5505129 2.001574455
31 17 3 100 1318448 2.001579264
20 30 3 100 43729 2.001584549
23 25 3 100 260340 2.001587256
16 31 3 100 932697 2.001590348
16 31 3 100 21573 2.001591078
22 30 3 100 24385 2.001601988
27 26 3 100 10243 2.001602793
27 22 3 100 1153415 2.001605726
22 19 3 100 1214112 2.001608135
29 20 3 100 71195 2.001609281
24 17 3 100 21217 2.001611354
16 20 3 100 5027 2.001613586
20 26 3 100 38057 2.001614168
19 30 3 100 1876053 2.001627878
29 21 3 100 20324 2.001637500
27 20 3 100 21459 2.001642835
24 30 3 100 1824686 2.001643528
16 18 3 100 153501 2.001646624
28 25 3 100 701052 2.001651591
19 25 3 100 34531 2.001652660
19 30 3 100 5010 2.001654861
20 18 3 100 13799 2.001663845
17 24 3 100 2204 2.001687273
17 24 3 100 48758 2.001690231
21 16 3 100 54087 2.001697768
30 23 3 100 4076466 2.001700190
20 28 3 100 1795513 2.001710177
29 21 3 100 240402 2.001711220
22 16 3 100 4346572 2.001725683
20 19 3 100 117154 2.001725949
22 31 3 100 78812 2.001726314
19 28 3 100 1222 2.001727977
24 29 3 100 54527 2.001734319
29 22 3 100 13736 2.001740941
20 21 3 100 4069 2.001741392
28 16 3 100 62141 2.001748689
29 28 3 100 8719 2.001755384
16 31 3 100 26211114 2.001757864
27 29 3 100 36158 2.001763108
18 28 3 100 67057 2.001771477
26 29 3 100 22172 2.001799903
31 24 3 100 2992885 2.001803055
18 22 3 100 24933 2.001803483
19 20 3 100 109496 2.001806540
25 18 3 100 8471 2.001806758
19 21 3 100 547180 2.001807453
25 19 3 100 487123 2.001808562
24 31 3 100 70557 2.001811781
18 29 3 100 11640421 2.001819400
30 18 3 100 1819098 2.001822680
28 24 3 100 1764302 2.001830593
20 29 3 100 848 2.001835229
22 30 3 100 5565224 2.001842452
25 20 3 100 79444 2.001846649
30 25 3 100 76917 2.001848983
25 27 3 100 31491 2.001864905
23 20 3 100 156607 2.001866514
25 28 3 100 4073 2.001867577
21 19 3 100 74898 2.001868729
28 30 3 100 37711 2.001871267
22 27 3 100 5716 2.001874671
16 19 3 100 27358 2.001876702
24 28 3 100 29583 2.001895644
24 31 3 100 7196 2.001906469
29 30 3 100 2315 2.001915079
20 26 3 100 37065 2.001930932
17 24 3 100 1930550 2.001940226
24 20 3 100 2391068 2.001942317
24 23 3 100 458063 2.001942989
29 21 3 100 1089908 2.001944099
25 22 3 100 1988938 2.001962306
29 23 3 100 897947 2.001972989
22 19 3 100 86848 2.001973155
19 26 3 100 1624232 2.001979820
20 25 3 100 73097 2.001979922
17 29 3 100 140076 2.001993692
30 28 3 100 66101 2.001995387
21 24 3 100 52932 2.001999234
27 29 3 100 55111 2.002000454
26 31 3 100 70760 2.002000795
24 16 3 100 1484562 2.002006861
26 20 3 100 91 2.002007583
29 24 3 100 65379 2.002009465
25 18 3 100 162786 2.002032314
22 17 3 100 9200583 2.002033611
29 22 3 100 9876 2.002034832
27 20 3 100 27486 2.002046460
26 21 3 100 1772616 2.002048239
22 25 3 100 233715 2.002053076
28 16 3 100 1960 2.002055939
27 31 3 100 20862 2.002057266
25 28 3 100 69722 2.002059280
16 17 3 100 1180 2.002066684
24 21 3 100 9116176 2.002066894
22 23 3 100 1085522 2.002067508
24 27 3 100 42638 2.002068801
20 31 3 100 26795 2.002070728
31 27 3 100 150460 2.002071870
27 31 3 100 54083 2.002073079
20 17 3 100 167363 2.002083625
16 17 3 100 1676929 2.002083864
19 27 3 100 39269 2.002089127
29 16 3 100 5319742 2.002090708
31 27 3 100 1372 2.002091296
26 23 3 100 17607 2.002091507
27 29 3 100 14227 2.002092208
27 24 3 100 27857 2.002095400
20 31 3 100 9718945 2.002097081
20 18 3 100 468348 2.002097389
22 24 3 100 149251 2.002099726
27 18 3 100 8246042 2.002100668
21 25 3 100 1057495 2.002101200
23 19 3 100 1209390 2.002103693
28 29 3 100 27719 2.002108779
27 30 3 100 38759 2.002111137
20 24 3 100 1989685 2.002111196
29 27 3 100 16450 2.002115905
20 22 3 100 1538397 2.002133657
27 21 3 100 4083 2.002134554
26 30 3 100 22516 2.002139662
18 28 3 100 8995622 2.002142780
20 16 3 100 3229975 2.002150932
30 16 3 100 21245 2.002152462
20 25 3 100 1463621 2.002155299
22 29 3 100 56274 2.002167825
20 28 3 100 501613 2.002174442
21 16 3 100 73595 2.002176071
25 29 3 100 22238 2.002183037
24 19 3 100 482643 2.002185502
20 18 3 100 381 2.002188116
22 21 3 100 8006425 2.002191988
27 24 3 100 9665286 2.002193101
27 18 3 100 4910287 2.002194106
29 24 3 100 5897 2.002194225
25 29 3 100 713897 2.002195372
16 31 3 100 2531791 2.002197194
17 16 3 100 8051259 2.002197780
16 25 3 100 6779428 2.002200140
20 24 3 100 535118 2.002204309
25 19 3 100 2771043 2.002208962
24 18 3 100 24709 2.002210562
26 22 3 100 33383 2.002217328
28 18 3 100 13470569 2.002217995
30 21 3 100 49417 2.002218186
26 21 3 100 264 2.002221139
25 22 3 100 585 2.002223144
20 23 3 100 1638582 2.002225244
20 18 3 100 7663291 2.002231540
17 28 3 100 2819331 2.002235241
30 23 3 100 46372 2.002237893
22 27 3 100 131363 2.002238161
31 22 3 100 3170408 2.002245311
25 28 3 100 1772773 2.002247425
21 24 3 100 191250 2.002249386
16 21 3 100 211512 2.002262882
29 27 3 100 1864215 2.002268937
22 26 3 100 69087 2.002273844
26 17 3 100 34086 2.002281823
20 24 3 100 13525071 2.002290766
24 17 3 100 26471 2.002293635
24 29 3 100 73029 2.002304751
27 31 3 100 150772 2.002308114
23 31 3 100 94556 2.002309597
24 27 3 100 42447 2.002310083
22 17 3 100 812479 2.002310395
28 29 3 100 64766 2.002317741
22 21 3 100 1762288 2.002328384
22 17 3 100 4619 2.002332311
21 18 3 100 7979 2.002341193
25 22 3 100 3603627 2.002345164
19 26 3 100 1709699 2.002352921
22 31 3 100 25984 2.002357573
26 22 3 100 46401 2.002364685
20 30 3 100 24302 2.002368073
29 25 3 100 193945 2.002369445
20 18 3 100 66577 2.002371760
23 29 3 100 72933 2.002372399
19 17 3 100 1487618 2.002374062
16 21 3 100 109762 2.002378413
27 19 3 100 61416 2.002388995
25 31 3 100 57698 2.002392215
30 17 3 100 75121 2.002396309
20 22 3 100 1765883 2.002397879
28 27 3 100 23068 2.002404131
31 24 3 100 49900 2.002407815
20 31 3 100 7728 2.002408275
31 29 3 100 9977 2.002408376
29 27 3 100 24027 2.002411888
22 21 3 100 2611976 2.002420598
17 23 3 100 4867218 2.002425769
26 21 3 100 9648 2.002429853
30 18 3 100 2228742 2.002436366
20 22 3 100 49448 2.002444052
24 26 3 100 50198 2.002445619
17 30 3 100 128674 2.002449971
17 26 3 100 20933 2.002454462
22 20 3 100 1344179 2.002458757
24 30 3 100 15996 2.002466022
29 16 3 100 1381914 2.002474512
24 26 3 100 181515 2.002495995
20 16 3 100 22458256 2.002496869
23 19 3 100 22721 2.002498465
22 26 3 100 55125 2.002498661
20 26 3 100 156 2.002505999
22 19 3 100 124766 2.002506361
25 20 3 100 127106 2.002507058
22 31 3 100 9757147 2.002510831
18 17 3 100 772456 2.002521170
20 18 3 100 2056960 2.002522254
27 24 3 100 309259 2.002525259
27 28 3 100 2966535 2.002530904
24 18 3 100 4062 2.002533850
20 17 3 100 61785 2.002544416
20 16 3 100 25724221 2.002550109
23 24 3 100 444 2.002550727
21 25 3 100 2012 2.002554474
28 27 3 100 5044815 2.002557712
27 16 3 100 40405 2.002569891
28 20 3 100 17868043 2.002582661
27 26 3 100 7488632 2.002584688
20 29 3 100 70190 2.002587106
18 19 3 100 50755 2.002593603
24 20 3 100 13164 2.002596396
29 28 3 100 77805 2.002604875
22 27 3 100 2654 2.002611693
31 28 3 100 1893891 2.002613282
20 18 3 100 25422 2.002617750
20 22 3 100 11286 2.002617808
24 16 3 100 6352 2.002618727
24 17 3 100 16515 2.002619855
29 27 3 100 1924029 2.002626549
19 31 3 100 821106 2.002634024
20 16 3 100 110979 2.002642600
25 16 3 100 1152141 2.002646818
31 28 3 100 55357 2.002648628
24 23 3 100 16370699 2.002653368
22 27 3 100 44538 2.002654211
17 19 3 100 15946 2.002664560
20 17 3 100 27846 2.002667734
23 17 3 100 16259 2.002673357
27 23 3 100 377153 2.002676728
29 28 3 100 1191 2.002682210
21 31 3 100 50072 2.002706190
22 18 3 100 8255091 2.002708404
20 19 3 100 1317 2.002710561
31 20 3 100 10169 2.002715363
27 29 3 100 739952 2.002722097
20 24 3 100 2494650 2.002731706
22 17 3 100 49909 2.002743756
17 29 3 100 3926115 2.002744373
31 27 3 100 49944 2.002746676
21 24 3 100 44507 2.002751829
29 21 3 100 41368 2.002754904
30 27 3 100 6138 2.002760151
26 24 3 100 1563814 2.002766241
16 25 3 100 67529 2.002771120
25 26 3 100 9142510 2.002774502
25 19 3 100 1713020 2.002780127
31 18 3 100 13505787 2.002780778
31 21 3 100 5334 2.002791838
26 24 3 100 53550 2.002794448
22 26 3 100 9007 2.002794521
22 23 3 100 125481 2.002800233
26 22 3 100 21530 2.002813080
16 22 3 100 2123761 2.002814047
29 31 3 100 49050 2.002814186
17 30 3 100 25982 2.002819587
18 23 3 100 179499 2.002824993
27 30 3 100 3057 2.002826640
23 28 3 100 181361 2.002829092
26 28 3 100 1575404 2.002834769
22 21 3 100 43387 2.002838243
24 31 3 100 19487 2.002842474
30 27 3 100 2744 2.002853991
21 26 3 100 8767172 2.002861314
27 29 3 100 250 2.002861504
26 29 3 100 66106 2.002873667
20 26 3 100 1629444 2.002877576
25 29 3 100 21302 2.002880592
27 26 3 100 57659 2.002883959
24 17 3 100 673139 2.002886876
17 25 3 100 97287 2.002892990
23 28 3 100 21226 2.002893467
22 21 3 100 1930935 2.002898840
24 31 3 100 22313 2.002899919
29 22 3 100 8285 2.002902574
20 26 3 100 67550 2.002906184
21 30 3 100 73691 2.002909808
27 19 3 100 14243 2.002915138
22 19 3 100 1881 2.002915189
19 16 3 100 17474 2.002918077
29 22 3 100 70828 2.002925964
21 17 3 100 67999 2.002935055
30 31 3 100 13020 2.002938257
27 26 3 100 1617039 2.002950447
21 27 3 100 50725 2.002959041
18 25 3 100 429 2.002960946
25 29 3 100 1479164 2.002970845
31 17 3 100 35513 2.002972308
22 19 3 100 5807 2.002978012
17 30 3 100 38428 2.002983110
27 21 3 100 21816 2.002991201
28 18 3 100 79479 2.003000168
25 31 3 100 1882953 2.003001013
21 30 3 100 3464637 2.003002696
27 19 3 100 63489 2.003005696
25 27 3 100 71791 2.003007034
30 23 3 100 3631090 2.003007103
22 18 3 100 614195 2.003013179
20 22 3 100 39882 2.003023969
31 28 3 100 788196 2.003026535
20 19 3 100 1032 2.003034055
23 21 3 100 9849657 2.003034791
19 21 3 100 210 2.003035288
22 25 3 100 35587 2.003038497
24 21 3 100 242588 2.003039083
30 21 3 100 956713 2.003043580
20 29 3 100 7306 2.003047931
22 29 3 100 654814 2.003049588
31 16 3 100 12312 2.003053739
28 24 3 100 452572 2.003056379
22 17 3 100 35259 2.003058218
25 26 3 100 21660 2.003058524
17 30 3 100 7548028 2.003071827
24 29 3 100 132278 2.003077931
21 27 3 100 7747266 2.003078159
22 29 3 100 79248 2.003078609
25 20 3 100 2625 2.003080914
27 21 3 100 23958 2.003083148
24 25 3 100 553136 2.003083479
22 18 3 100 70061 2.003083495
20 25 3 100 6274203 2.003097467
22 25 3 100 9486514 2.003103651
23 21 3 100 73938 2.003105958
31 22 3 100 4065559 2.003120178
26 19 3 100 59303 2.003120866
30 31 3 100 59868 2.003122114
17 16 3 100 44260 2.003122632
20 28 3 100 74446 2.003128784
29 16 3 100 150 2.003131051
27 19 3 100 1224230 2.003137293
23 26 3 100 4741419 2.003140685
31 24 3 100 978330 2.003140838
22 29 3 100 3226034 2.003151479
26 21 3 100 12690 2.003155589
22 26 3 100 1815194 2.003157665
29 26 3 100 12539972 2.003161660
24 26 3 100 75516 2.003173052
24 20 3 100 107652 2.003182319
28 25 3 100 6834 2.003182801
20 26 3 100 2691030 2.003188182
16 25 3 100 2506011 2.003195840
22 28 3 100 983927 2.003196226
25 24 3 100 8470 2.003214884
20 23 3 100 7070614 2.003218011
22 27 3 100 74133 2.003221503
18 17 3 100 1149256 2.003223920
26 25 3 100 35158 2.003223954
29 22 3 100 49367 2.003239257
22 25 3 100 7550 2.003244040
29 27 3 100 26042 2.003247519
21 24 3 100 31586 2.003251027
20 27 3 100 9218316 2.003255832
26 18 3 100 45163 2.003259047
20 31 3 100 3125566 2.003260460
22 24 3 100 66630 2.003263772
21 26 3 100 57527 2.003267639
24 30 3 100 19773 2.003274437
28 19 3 100 903600 2.003276814
16 21 3 100 2563890 2.003278106
22 28 3 100 8176 2.003288813
18 25 3 100 73256 2.003289649
19 24 3 100 61381 2.003289982
16 19 3 100 3204454 2.003294242
20 24 3 100 553891 2.003294425
22 30 3 100 75952 2.003295834
20 26 3 100 7051189 2.003296432
20 30 3 100 978243 2.003303607
22 25 3 100 8867 2.003304971
26 18 3 100 314211 2.003306596
22 28 3 100 11424 2.003311851
29 27 3 100 10891 2.003315942
24 16 3 100 33828 2.003320468
19 30 3 100 47794 2.003327494
20 16 3 100 2690980 2.003335383
31 18 3 100 41820 2.003337386
20 26 3 100 75774 2.003337602
23 16 3 100 20819 2.003342157
20 19 3 100 1155111 2.003355222
20 29 3 100 58260 2.003357644
20 26 3 100 53965 2.003364552
26 20 3 100 8870 2.003369707
21 22 3 100 389537 2.003392225
24 27 3 100 114013 2.003393781
26 16 3 100 438107 2.003395672
29 18 3 100 174967 2.003405983
26 18 3 100 42121 2.003408437
25 24 3 100 18719 2.003414312
29 30 3 100 53895 2.003418580
22 20 3 100 7380 2.003421149
24 22 3 100 4253 2.003426605
29 24 3 100 159484 2.003430640
17 31 3 100 25071 2.003430644
20 18 3 100 6518 2.003442632
24 27 3 100 28811 2.003462353
27 22 3 100 78779 2.003469066
24 17 3 100 5093982 2.003469479
19 25 3 100 6830885 2.003474755
20 23 3 100 1463 2.003480591
28 16 3 100 52470 2.003483218
30 28 3 100 166047 2.003492370
22 23 3 100 266242 2.003499164
27 19 3 100 6857 2.003506584
29 25 3 100 108804 2.003507260
28 24 3 100 161601 2.003513104
26 18 3 100 15348 2.003519721
21 19 3 100 1921066 2.003523834
27 26 3 100 24195 2.003523850
25 28 3 100 1708749 2.003526473
22 20 3 100 1162369 2.003527417
23 27 3 100 3144 2.003537716
27 21 3 100 58705 2.003541994
30 20 3 100 3811377 2.003544370
27 21 3 100 5681963 2.003555282
20 21 3 100 4383746 2.003555587
24 29 3 100 230850 2.003557399
24 26 3 100 50907 2.003564338
30 27 3 100 60862 2.003564990
31 28 3 100 2574118 2.003568691
18 21 3 100 69472 2.003569489
22 28 3 100 1420750 2.003569692
24 21 3 100 45013 2.003570867
16 21 3 100 73815 2.003572753
18 23 3 100 1559192 2.003576021
27 18 3 100 1783727 2.003576535
17 21 3 100 2607084 2.003576782
23 29 3 100 37575 2.003578880
28 30 3 100 8024 2.003581741
29 20 3 100 8105862 2.003581896
30 25 3 100 58582 2.003582418
31 23 3 100 2020916 2.003583106
16 25 3 100 50021 2.003594283
27 19 3 100 27543 2.003595420
18 26 3 100 2231423 2.003603985
22 23 3 100 39084 2.003609527
20 21 3 100 12576334 2.003613074
23 17 3 100 3390913 2.003618111
27 31 3 100 21673 2.003621985
27 29 3 100 310658 2.003624536
21 20 3 100 72634 2.003629135
31 20 3 100 879 2.003635539
23 24 3 100 63054 2.003654208
20 24 3 100 12988 2.003654949
22 18 3 100 412062 2.003656792
20 30 3 100 2454928 2.003661812
18 16 3 100 98216 2.003668585
31 18 3 100 2992491 2.003675923
25 29 3 100 6618 2.003679512
23 19 3 100 45936 2.003684676
27 23 3 100 2503591 2.003687847
19 24 3 100 39169 2.003691536
29 27 3 100 6134 2.003694408
28 27 3 100 19660 2.003695771
26 30 3 100 38365 2.003710015
22 27 3 100 3379906 2.003717776
16 22 3 100 1616935 2.003726761
20 17 3 100 6565874 2.003726810
22 16 3 100 9428864 2.003730064
22 25 3 100 48234 2.003731677
28 25 3 100 16995 2.003732623
28 18 3 100 12475 2.003743062
28 18 3 100 92084 2.003745031
19 27 3 100 1567020 2.003750234
25 18 3 100 3607 2.003763404
24 30 3 100 52027 2.003768642
24 22 3 100 5245 2.003773859
17 31 3 100 40244 2.003779623
19 27 3 100 660309 2.003779762
25 28 3 100 9987481 2.003780157
28 30 3 100 2116 2.003783040
25 30 3 100 21249 2.003784582
20 21 3 100 403827 2.003787152
25 20 3 100 48791 2.003787490
30 18 3 100 718417 2.003791796
28 25 3 100 14582 2.003799266
25 30 3 100 784398 2.003802441
27 31 3 100 2147788 2.003808132
22 27 3 100 62656 2.003819447
20 27 3 100 10159 2.003833688
29 16 3 100 8601257 2.003837042
17 19 3 100 29923 2.003848543
29 27 3 100 7986 2.003855703
24 17 3 100 1279 2.003861613
17 16 3 100 29038 2.003861953
28 19 3 100 65335 2.003866065
28 22 3 100 669 2.003867280
22 29 3 100 4652243 2.003870017
16 27 3 100 92526 2.003871000
23 21 3 100 9800 2.003873085
26 17 3 100 523382 2.003878644
24 16 3 100 3101 2.003881439
27 17 3 100 1945152 2.003882773
27 21 3 100 9467 2.003890143
23 27 3 100 2692 2.003895657
27 18 3 100 262373 2.003901346
22 18 3 100 49065 2.003905017
27 25 3 100 1504669 2.003910884
26 22 3 100 9486960 2.003919281
17 30 3 100 4550633 2.003923292
20 22 3 100 482649 2.003923397
22 16 3 100 63483 2.003927635
21 16 3 100 78024 2.003928621
22 28 3 100 23216 2.003928784
19 20 3 100 76808 2.003933760
23 27 3 100 184922 2.003935291
16 18 3 100 32243 2.003946499
18 19 3 100 4203605 2.003946534
21 29 3 100 22971 2.003949182
27 22 3 100 28395 2.003958774
29 27 3 100 4016191 2.003963375
16 23 3 100 14701 2.003964087
27 25 3 100 14536121 2.003970828
19 27 3 100 122 2.003976392
21 31 3 100 9675321 2.003984477
22 27 3 100 49570 2.003987616
22 19 3 100 27171 2.003988374
31 24 3 100 563878 2.003995531
24 31 3 100 1732645 2.003998620
24 22 3 100 77516 2.004007890
29 30 3 100 48172 2.004010306
27 29 3 100 6435 2.004015368
26 29 3 100 7445 2.004016211
22 20 3 100 7485 2.004017863
24 17 3 100 6761875 2.004018195
25 23 3 100 173528 2.004023950
21 24 3 100 4133349 2.004027443
28 16 3 100 504385 2.004033417
27 17 3 100 138668 2.004035651
22 19 3 100 55216 2.004042872
23 21 3 100 25953 2.004045044
31 16 3 100 7037210 2.004046396
16 20 3 100 38302 2.004049784
27 23 3 100 2047122 2.004050688
18 22 3 100 3953315 2.004059278
17 21 3 100 1462856 2.004065549
17 27 3 100 58843 2.004074264
20 24 3 100 74543 2.004081643
21 25 3 100 71736 2.004091125
27 26 3 100 1890338 2.004094078
29 20 3 100 9100747 2.004099059
26 24 3 100 3708047 2.004121205
21 22 3 100 44819 2.004123025
29 19 3 100 28556 2.004131862
20 24 3 100 741792 2.004132445
20 18 3 100 1575528 2.004136947
29 22 3 100 26993227 2.004143395
25 16 3 100 23095 2.004145264
26 27 3 100 6020397 2.004149459
29 23 3 100 3518842 2.004151790
30 31 3 100 1771 2.004154619
29 23 3 100 6718 2.004158170
20 30 3 100 22533220 2.004159722
31 26 3 100 9383 2.004160400
22 29 3 100 1250383 2.004161451
22 19 3 100 1382083 2.004165198
26 22 3 100 4109219 2.004171275
25 17 3 100 949149 2.004173897
16 27 3 100 941 2.004176094
28 19 3 100 28678 2.004180080
27 23 3 100 1624833 2.004180139
25 31 3 100 46835 2.004183718
24 18 3 100 7668195 2.004187078
20 19 3 100 158903 2.004191964
31 19 3 100 6038 2.004193030
31 18 3 100 102618 2.004193673
18 25 3 100 920390 2.004197306
24 17 3 100 26717 2.004198451
29 25 3 100 41372 2.004200792
29 28 3 100 44212 2.004201571
18 30 3 100 5884 2.004205247
25 26 3 100 23278 2.004206885
24 26 3 100 9990 2.004212921
22 28 3 100 61652 2.004216722
21 22 3 100 35728 2.004220386
24 25 3 100 1969629 2.004222056
31 30 3 100 43334 2.004225321
25 17 3 100 3763155 2.004227640
24 23 3 100 11780 2.004229660
25 17 3 100 1301703 2.004235549
26 17 3 100 6062194 2.004239272
27 23 3 100 950619 2.004240134
20 30 3 100 3148993 2.004240349
20 27 3 100 1912627 2.004242863
29 26 3 100 1099740 2.004244020
31 28 3 100 5023 2.004250908
27 16 3 100 21944 2.004257440
23 28 3 100 48004 2.004271281
22 20 3 100 28942 2.004283776
25 18 3 100 1859151 2.004289614
24 18 3 100 37020 2.004291359
22 31 3 100 639679 2.004294835
18 23 3 100 9327 2.004298397
27 16 3 100 26003 2.004301029
25 20 3 100 28625493 2.004303100
29 25 3 100 2554135 2.004308633
27 20 3 100 9952333 2.004313602
27 16 3 100 35255 2.004316462
27 26 3 100 913502 2.004321211
28 17 3 100 55350 2.004324614
24 25 3 100 3365367 2.004328147
28 24 3 100 1259638 2.004336394
30 24 3 100 14294853 2.004341621
22 21 3 100 427070 2.004346588
27 31 3 100 8275 2.004348515
22 29 3 100 4069656 2.004361247
28 27 3 100 778306 2.004362765
21 30 3 100 9626674 2.004366765
27 24 3 100 8609 2.004373450
20 18 3 100 4726840 2.004376436
26 21 3 100 88168 2.004376835
20 25 3 100 19912724 2.004383623
22 18 3 100 40305 2.004390067
29 31 3 100 70313 2.004392550
21 20 3 100 141618 2.004401365
19 26 3 100 991365 2.004408641
17 24 3 100 1248967 2.004411126
29 18 3 100 879180 2.004413567
30 27 3 100 1270080 2.004417708
28 27 3 100 16556 2.004424091
29 24 3 100 3912127 2.004424494
20 22 3 100 6681 2.004429832
29 21 3 100 35534 2.004430138
22 16 3 100 43638 2.004430797
25 23 3 100 5191 2.004440508
27 30 3 100 65432 2.004443662
20 16 3 100 2070948 2.004444651
17 19 3 100 72738 2.004446897
30 27 3 100 2452 2.004447672
24 27 3 100 24060 2.004447901
25 29 3 100 37517 2.004456146
18 16 3 100 39399 2.004456674
22 27 3 100 34195 2.004458386
18 21 3 100 76714 2.004460178
24 26 3 100 57353 2.004460892
21 24 3 100 1970 2.004463619
20 31 3 100 28230 2.004469809
26 24 3 100 22956 2.004471196
31 23 3 100 620279 2.004475183
24 22 3 100 893 2.004481698
24 17 3 100 8099 2.004485285
29 27 3 100 1833 2.004486036
18 19 3 100 8678046 2.004494995
25 28 3 100 5400543 2.004498996
29 25 3 100 1999685 2.004504154
20 31 3 100 5201 2.004505701
21 27 3 100 25251 2.004509746
24 31 3 100 20073 2.004510249
21 27 3 100 1216288 2.004510750
20 31 3 100 6396 2.004511774
22 30 3 100 830876 2.004512725
20 28 3 100 51042 2.004525524
23 22 3 100 1946749 2.004534484
30 22 3 100 374477 2.004539913
31 20 3 100 54756 2.004547306
16 31 3 100 572743 2.004550765
31 22 3 100 59130 2.004555612
27 17 3 100 26889 2.004556269
23 16 3 100 16565 2.004575755
29 19 3 100 60777 2.004580902
24 22 3 100 174612 2.004582471
21 31 3 100 55758 2.004583630
31 28 3 100 8172089 2.004583970
20 25 3 100 79639 2.004597045
24 21 3 100 1394527 2.004600962
31 20 3 100 9187981 2.004607598
24 22 3 100 7244 2.004608508
29 27 3 100 20863 2.004609449
20 26 3 100 267476 2.004610216
28 24 3 100 6192077 2.004610495
28 31 3 100 4789587 2.004619779
27 22 3 100 2334499 2.004621219
20 27 3 100 33669 2.004623887
18 31 3 100 8541550 2.004627686
26 21 3 100 26266 2.004631293
20 24 3 100 5977 2.004631383
28 26 3 100 9715015 2.004638590
27 21 3 100 1308766 2.004642716
28 31 3 100 23444 2.004654757
27 29 3 100 2291435 2.004655738
27 20 3 100 41509 2.004655800
29 20 3 100 3254 2.004666486
29 21 3 100 45029 2.004669377
16 17 3 100 1188572 2.004671893
20 22 3 100 1674697 2.004688001
16 21 3 100 23557 2.004704139
30 31 3 100 5885 2.004710694
20 17 3 100 86180 2.004711563
28 17 3 100 1292401 2.004711580
31 24 3 100 33905 2.004715417
27 20 3 100 71274 2.004737846
28 16 3 100 1390151 2.004739428
20 18 3 100 12554 2.004753695
20 19 3 100 6485 2.004754248
28 25 3 100 96165 2.004758372
16 19 3 100 44327 2.004759230
17 22 3 100 10922 2.004762684
29 23 3 100 5548 2.004769949
18 30 3 100 17442 2.004772003
28 30 3 100 5575 2.004776288
28 25 3 100 102385 2.004779130
28 29 3 100 7945923 2.004780625
24 26 3 100 23866 2.004783394
22 16 3 100 1611534 2.004793053
24 21 3 100 2290149 2.004793243
16 27 3 100 14085 2.004797109
17 26 3 100 329278 2.004805272
28 18 3 100 6477 2.004810430
27 18 3 100 20061 2.004815938
28 25 3 100 1424 2.004831948
28 29 3 100 64674 2.004834810
31 17 3 100 3519593 2.004835113
26 28 3 100 8868 2.004841339
24 25 3 100 47515 2.004879151
22 17 3 100 40504 2.004879178
30 21 3 100 25728 2.004882669
20 31 3 100 25877 2.004885724
20 17 3 100 9808516 2.004924450
17 30 3 100 121969 2.004926502
22 20 3 100 3931919 2.004929209
24 23 3 100 30802 2.004929321
22 26 3 100 46244 2.004934366
26 27 3 100 75549 2.004935722
22 29 3 100 5836 2.004936551
22 20 3 100 719718 2.004945848
22 20 3 100 5342 2.004958858
