2188 
5 7 3 100 1086234 2.000010360
27 3 3 100 128936 2.000020583
15 13 3 100 197338 2.000021491
5 20 3 100 79392 2.000025699
19 29 3 100 14880 2.000030617
13 25 3 100 902384 2.000040830
9 23 3 100 11791220 2.000045546
8 15 3 100 4260 2.000054032
18 30 3 100 4095298 2.000083243
29 18 3 100 2559 2.000085580
16 25 3 100 73994 2.000086813
15 3 3 100 1570221 2.000090288
25 6 3 100 185084 2.000108233
20 11 3 100 4079191 2.000119188
4 15 3 100 14527 2.000166621
20 4 3 100 121779 2.000171033
25 29 3 100 164460 2.000179799
8 19 3 100 35179 2.000184885
30 2 3 100 4665830 2.000188329
17 5 3 100 1379378 2.000188366
1 28 3 100 30725 2.000213928
1 31 3 100 5821 2.000229507
1 12 3 100 2479451 2.000237537
1 27 3 100 1436310 2.000238010
6 3 3 100 36387 2.000246074
17 27 3 100 45724 2.000254251
4 11 3 100 12813 2.000271257
12 23 3 100 49590 2.000281036
1 19 3 100 21304 2.000308625
22 14 3 100 2938 2.000309502
20 12 3 100 27527 2.000320505
15 7 3 100 142214 2.000322557
14 23 3 100 73845 2.000331436
6 0 3 100 2999410 2.000359373
20 30 3 100 6827944 2.000363087
2 3 3 100 52512 2.000383745
2 6 3 100 835581 2.000387124
5 11 3 100 419388 2.000399989
4 31 3 100 1401231 2.000405089
29 13 3 100 28833 2.000417617
1 18 3 100 5910 2.000426469
31 24 3 100 1187473 2.000444801
18 9 3 100 1624884 2.000450415
10 31 3 100 2465214 2.000451496
3 19 3 100 30947 2.000476887
14 3 3 100 4933509 2.000488556
14 13 3 100 8575880 2.000508346
14 23 3 100 21406 2.000538811
16 22 3 100 42960 2.000542566
25 14 3 100 14555 2.000543386
0 26 3 100 632923 2.000547960
25 2 3 100 35363 2.000594885
6 9 3 100 186210 2.000606959
4 16 3 100 7409 2.000611280
11 26 3 100 30218 2.000618145
28 27 3 100 1106871 2.000685807
9 7 3 100 1575703 2.000687669
13 25 3 100 30823 2.000691701
17 10 3 100 7881 2.000693387
5 4 3 100 1490361 2.000713469
9 6 3 100 9709685 2.000722882
8 2 3 100 70667 2.000747071
13 2 3 100 25836 2.000804158
27 31 3 100 23617 2.000814912
23 5 3 100 76225 2.000853369
6 21 3 100 2213421 2.000865859
11 31 3 100 24726 2.000889120
12 5 3 100 1190162 2.000899125
19 5 3 100 4125450 2.000929104
20 4 3 100 10598 2.000936605
7 28 3 100 1825 2.000941614
6 4 3 100 9832470 2.000952050
8 16 3 100 6517259 2.000978105
16 15 3 100 2721 2.000978809
25 19 3 100 9234 2.000980833
11 13 3 100 1186410 2.000987555
2 23 3 100 8786930 2.001064577
18 19 3 100 1513916 2.001065102
7 26 3 100 156473 2.001093000
14 28 3 100 1001112 2.001098748
31 4 3 100 23590 2.001117319
2 3 3 100 67931 2.001118022
25 31 3 100 3832 2.001134524
26 24 3 100 1109047 2.001148303
18 29 3 100 4370035 2.001154908
15 29 3 100 742503 2.001165189
10 2 3 100 5867 2.001175631
12 7 3 100 234968 2.001213003
4 7 3 100 38507 2.001226552
24 18 3 100 8317 2.001233624
29 21 3 100 261709 2.001246771
22 15 3 100 7912 2.001252741
1 16 3 100 57580 2.001273043
25 23 3 100 3093792 2.001298823
14 10 3 100 17429 2.001332800
13 20 3 100 9559 2.001343653
3 20 3 100 21131 2.001358430
19 16 3 100 3723 2.001358504
28 29 3 100 524 2.001395516
31 0 3 100 11730 2.001400857
18 17 3 100 3209318 2.001402658
30 4 3 100 35345 2.001416634
31 19 3 100 72479 2.001434053
10 14 3 100 2958926 2.001439230
20 2 3 100 31918 2.001454299
11 26 3 100 16979 2.001458748
6 16 3 100 7776759 2.001464151
29 18 3 100 22734 2.001518696
24 3 3 100 28277 2.001522462
1 16 3 100 733096 2.001536963
12 2 3 100 2204296 2.001545968
0 3 3 100 8319389 2.001554537
9 2 3 100 27426 2.001555256
4 15 3 100 79344 2.001556624
5 8 3 100 6876 2.001567910
11 2 3 100 21066 2.001574305
0 19 3 100 4329141 2.001586801
5 0 3 100 16346 2.001589239
1 17 3 100 88377 2.001595643
31 25 3 100 36450 2.001617478
29 24 3 100 798265 2.001657912
20 9 3 100 1951005 2.001667002
26 31 3 100 21224 2.001670119
16 29 3 100 52078 2.001671446
18 16 3 100 1453917 2.001687672
10 22 3 100 109848 2.001699789
26 1 3 100 1355569 2.001711604
3 7 3 100 3168063 2.001715568
11 24 3 100 985637 2.001720100
5 8 3 100 1504708 2.001727447
2 27 3 100 1217115 2.001733533
9 28 3 100 12717725 2.001752308
3 14 3 100 54768 2.001772778
27 14 3 100 68294 2.001778600
2 4 3 100 375244 2.001812262
25 9 3 100 27029 2.001825075
30 20 3 100 3429244 2.001831516
27 28 3 100 46187 2.001865241
17 12 3 100 24630 2.001865957
2 12 3 100 1434897 2.001886561
21 3 3 100 10228 2.001889129
8 6 3 100 3413085 2.001890505
21 7 3 100 15468 2.001892200
25 20 3 100 60204 2.001893935
0 15 3 100 23253 2.001895063
11 18 3 100 9050418 2.001911798
7 1 3 100 893319 2.001920826
14 6 3 100 78050 2.001934551
20 13 3 100 1102925 2.001935360
22 30 3 100 3691 2.001942840
28 6 3 100 4509871 2.001950476
1 15 3 100 3205939 2.001951756
28 16 3 100 529 2.001956450
9 10 3 100 752453 2.001956731
22 31 3 100 77059 2.001976934
28 17 3 100 3293828 2.001987525
24 7 3 100 8469 2.002007079
16 11 3 100 1187539 2.002050156
12 2 3 100 75628 2.002060278
17 2 3 100 29728 2.002079983
12 25 3 100 38003 2.002101148
15 20 3 100 1566 2.002117962
7 14 3 100 9035355 2.002119147
12 22 3 100 12257 2.002121977
7 5 3 100 2910 2.002131085
20 26 3 100 14614 2.002153381
31 16 3 100 58871 2.002177847
8 23 3 100 21270 2.002178623
29 30 3 100 10656 2.002186497
0 9 3 100 439718 2.002195877
26 21 3 100 19008 2.002201822
16 6 3 100 3150322 2.002215248
9 22 3 100 7220056 2.002221486
30 14 3 100 49522 2.002225415
20 9 3 100 841914 2.002231321
10 8 3 100 1547511 2.002233347
16 30 3 100 187824 2.002256601
9 30 3 100 9190 2.002258745
8 12 3 100 14881837 2.002262408
16 5 3 100 122678 2.002262456
9 27 3 100 915519 2.002282162
12 27 3 100 24536 2.002283203
16 21 3 100 255436 2.002284515
10 12 3 100 55352 2.002288911
14 17 3 100 4942231 2.002290563
28 5 3 100 1652982 2.002304744
26 7 3 100 75198 2.002340160
14 29 3 100 2340104 2.002369154
7 16 3 100 4092323 2.002375102
22 5 3 100 20973 2.002399423
13 5 3 100 8131323 2.002403825
12 4 3 100 144862 2.002440721
20 7 3 100 253828 2.002469907
9 20 3 100 4362264 2.002492662
8 0 3 100 368223 2.002504553
28 23 3 100 56262 2.002508644
16 6 3 100 3813246 2.002564267
9 7 3 100 53313 2.002571154
18 28 3 100 29914 2.002577807
16 24 3 100 25412 2.002584828
20 11 3 100 356612 2.002626119
22 2 3 100 14635 2.002627776
6 2 3 100 9332269 2.002639486
7 15 3 100 18496 2.002674354
0 25 3 100 16052 2.002684514
23 18 3 100 2426 2.002685737
10 28 3 100 8118241 2.002686370
21 12 3 100 22785 2.002687548
7 10 3 100 70390 2.002706769
12 10 3 100 17960 2.002714910
2 20 3 100 4708986 2.002717744
28 30 3 100 1173931 2.002721969
31 1 3 100 26181 2.002722665
20 30 3 100 606 2.002735540
13 3 3 100 25032 2.002764202
21 31 3 100 8089915 2.002799203
21 3 3 100 3620572 2.002800329
11 7 3 100 42129 2.002835296
17 28 3 100 131334 2.002835335
23 10 3 100 786379 2.002836755
23 6 3 100 31440 2.002853943
14 23 3 100 50180 2.002882777
26 9 3 100 3116024 2.002887592
2 13 3 100 3450373 2.002917498
31 18 3 100 7324 2.002938427
26 7 3 100 37442 2.002939293
21 14 3 100 27381082 2.002945639
9 24 3 100 29052325 2.002951927
5 2 3 100 1021517 2.002977369
24 8 3 100 108197 2.002987793
1 14 3 100 74187 2.002990171
27 6 3 100 3195257 2.002996576
21 5 3 100 32731 2.003051963
23 12 3 100 68973 2.003060698
18 1 3 100 60889 2.003068013
30 22 3 100 5044349 2.003088850
13 25 3 100 4041 2.003106276
0 22 3 100 8412 2.003124784
9 23 3 100 14129 2.003128528
14 15 3 100 26655 2.003144023
21 14 3 100 4545987 2.003153676
4 25 3 100 1760005 2.003161470
5 0 3 100 46510 2.003168621
13 6 3 100 77834 2.003177150
30 29 3 100 1984840 2.003177781
31 17 3 100 92479 2.003192299
12 28 3 100 59793 2.003198831
23 8 3 100 8688065 2.003205713
31 24 3 100 2336664 2.003211706
2 18 3 100 27086 2.003216195
4 28 3 100 3695 2.003235221
7 29 3 100 7857 2.003253207
7 26 3 100 10739 2.003255186
24 25 3 100 2922980 2.003258141
14 16 3 100 1942992 2.003291162
17 21 3 100 30398 2.003325847
22 25 3 100 18641853 2.003326376
0 17 3 100 72545 2.003349645
4 9 3 100 46886 2.003355216
21 11 3 100 31580 2.003385951
4 31 3 100 2385562 2.003393809
6 27 3 100 3968450 2.003410755
14 17 3 100 22207 2.003419376
29 28 3 100 9558 2.003432497
20 9 3 100 26808 2.003445777
27 19 3 100 109325 2.003453576
17 11 3 100 5597 2.003465597
13 17 3 100 332335 2.003471433
29 20 3 100 598095 2.003472381
23 27 3 100 1373326 2.003489906
27 28 3 100 15239 2.003586209
28 11 3 100 210408 2.003599574
3 29 3 100 8140253 2.003659876
17 6 3 100 413776 2.003664610
0 31 3 100 10837241 2.003691551
14 11 3 100 2387 2.003694180
28 16 3 100 92883 2.003703111
20 18 3 100 1814944 2.003707405
10 30 3 100 38885 2.003713023
28 2 3 100 105365 2.003737433
9 23 3 100 3689938 2.003768977
18 21 3 100 11017 2.003770438
18 0 3 100 1628130 2.003775487
6 25 3 100 60704 2.003796229
8 30 3 100 20733 2.003799032
11 12 3 100 45942 2.003803786
31 4 3 100 581173 2.003827371
13 30 3 100 40457 2.003839549
5 29 3 100 9732 2.003843211
2 0 3 100 4792219 2.003870403
10 6 3 100 29849 2.003899118
17 28 3 100 25219457 2.003900935
10 6 3 100 7121 2.003926326
20 13 3 100 19283 2.004001231
13 15 3 100 29215 2.004020496
2 24 3 100 2520 2.004049329
25 4 3 100 3999104 2.004068234
15 23 3 100 60331 2.004075433
6 31 3 100 7020201 2.004082762
30 25 3 100 1477119 2.004087841
18 5 3 100 12005 2.004100655
29 25 3 100 16057 2.004110944
12 27 3 100 1919348 2.004111010
17 8 3 100 1584426 2.004158979
22 26 3 100 2438 2.004159397
17 21 3 100 47506 2.004180491
21 30 3 100 1502827 2.004193557
28 30 3 100 24203 2.004209234
28 24 3 100 4092 2.004241654
7 11 3 100 3243 2.004265163
22 1 3 100 153387 2.004272596
17 14 3 100 1364932 2.004272740
25 31 3 100 3043 2.004293903
26 16 3 100 62363 2.004298637
18 9 3 100 77909 2.004309423
22 30 3 100 116358 2.004327260
17 3 3 100 2296528 2.004333297
27 29 3 100 469502 2.004355342
11 18 3 100 74742 2.004369377
5 20 3 100 1965 2.004379853
30 3 3 100 3866255 2.004394232
21 1 3 100 1728296 2.004399247
1 22 3 100 6175086 2.004437566
0 14 3 100 26328 2.004460823
9 16 3 100 55880 2.004494025
9 0 3 100 14650 2.004501761
8 13 3 100 1383090 2.004502403
18 10 3 100 128783 2.004509997
15 17 3 100 77157 2.004512223
7 13 3 100 119343 2.004517046
1 4 3 100 52485 2.004522537
21 18 3 100 5438 2.004537807
0 2 3 100 304385 2.004567806
2 17 3 100 8330354 2.004583878
8 9 3 100 1133 2.004589451
13 21 3 100 363070 2.004603583
26 23 3 100 1903420 2.004604645
25 13 3 100 1566370 2.004625153
0 29 3 100 8477 2.004626233
7 4 3 100 1080409 2.004669412
17 18 3 100 6320659 2.004694392
24 4 3 100 22211342 2.004698234
4 11 3 100 1813815 2.004704000
16 9 3 100 18661463 2.004710788
5 11 3 100 92172 2.004729702
18 3 3 100 19215313 2.004746733
12 5 3 100 37250 2.004768997
6 15 3 100 29496 2.004770248
1 7 3 100 191165 2.004776322
4 17 3 100 35229 2.004782338
11 17 3 100 17859529 2.004798855
31 17 3 100 67594 2.004804572
20 9 3 100 2125 2.004808953
21 10 3 100 6164 2.004811671
26 31 3 100 22487341 2.004881793
8 23 3 100 1835 2.004887834
8 31 3 100 45724 2.004890963
11 20 3 100 619669 2.004905782
1 30 3 100 78731 2.004921940
8 13 3 100 4960786 2.004932077
25 9 3 100 24122458 2.004936346
10 6 3 100 84092 2.004952071
19 0 3 100 21837 2.004953081
26 4 3 100 98664 2.004967596
30 27 3 100 8835088 2.004992548
8 11 3 100 23936280 2.005022062
4 29 3 100 2541223 2.005022626
9 10 3 100 5910740 2.005022627
7 17 3 100 898124 2.005046000
14 2 3 100 52762 2.005065832
20 31 3 100 32964 2.005075487
6 25 3 100 9857 2.005076249
3 19 3 100 1730742 2.005083434
7 12 3 100 9874496 2.005088865
27 26 3 100 1375465 2.005111447
3 7 3 100 926724 2.005116366
12 0 3 100 38622 2.005144066
0 24 3 100 7466111 2.005154417
28 21 3 100 22291131 2.005157600
25 19 3 100 13800 2.005162809
3 25 3 100 14649799 2.005173775
0 5 3 100 22243 2.005188700
29 27 3 100 374353 2.005206704
5 26 3 100 29252 2.005210326
23 9 3 100 4701765 2.005213791
27 11 3 100 96441 2.005238022
28 15 3 100 4085 2.005259527
12 25 3 100 8685 2.005271359
26 22 3 100 9686313 2.005273903
7 22 3 100 1982783 2.005382967
1 3 3 100 6023 2.005409749
0 23 3 100 9552580 2.005423325
4 15 3 100 58320 2.005435532
31 3 3 100 918063 2.005465254
21 4 3 100 8743 2.005468308
30 1 3 100 18994601 2.005495196
29 3 3 100 4892 2.005499402
29 27 3 100 88585 2.005500643
27 9 3 100 47983 2.005504656
30 28 3 100 3992808 2.005522228
10 7 3 100 43757 2.005528217
23 3 3 100 63848 2.005562082
30 2 3 100 863703 2.005569222
16 22 3 100 43478 2.005570784
2 26 3 100 1070217 2.005571015
16 1 3 100 22881 2.005574497
8 30 3 100 41419 2.005580545
10 9 3 100 29565 2.005622239
18 19 3 100 54893 2.005627253
22 5 3 100 2931 2.005629232
0 21 3 100 1750922 2.005629466
1 19 3 100 267820 2.005691445
1 10 3 100 31993 2.005699437
19 7 3 100 10804949 2.005706332
24 19 3 100 61638 2.005706607
9 25 3 100 1310968 2.005730829
2 26 3 100 23501 2.005733018
8 16 3 100 2646716 2.005764160
12 2 3 100 1818283 2.005768189
12 4 3 100 709882 2.005776211
5 2 3 100 28144 2.005780493
27 30 3 100 2146399 2.005790604
10 1 3 100 658597 2.005797697
11 1 3 100 784274 2.005805386
6 9 3 100 29611 2.005818952
19 10 3 100 4353381 2.005830386
15 3 3 100 3972373 2.005857732
1 31 3 100 420789 2.005866735
26 14 3 100 5799 2.005889568
3 7 3 100 5732 2.005916214
10 1 3 100 20940 2.005938709
26 20 3 100 1281171 2.005977597
4 30 3 100 73768 2.005991134
1 26 3 100 25042 2.006008899
30 12 3 100 6108 2.006021370
12 21 3 100 4721110 2.006030120
21 1 3 100 16140187 2.006050828
4 19 3 100 1698452 2.006059482
15 5 3 100 65271 2.006065308
14 7 3 100 591534 2.006077565
30 13 3 100 28433 2.006119739
12 9 3 100 20433 2.006120910
22 21 3 100 31561 2.006124983
31 3 3 100 212450 2.006129530
8 10 3 100 4538931 2.006130176
6 30 3 100 16935108 2.006148732
0 14 3 100 994483 2.006151691
8 15 3 100 676659 2.006166978
8 4 3 100 1283791 2.006170876
12 14 3 100 8102 2.006175355
4 0 3 100 29812 2.006214075
18 3 3 100 61331 2.006223019
22 17 3 100 662382 2.006237612
5 15 3 100 52157 2.006316908
31 22 3 100 93868 2.006339093
16 7 3 100 13162 2.006353654
24 23 3 100 8795 2.006354813
27 25 3 100 2119 2.006372423
5 8 3 100 1903780 2.006373873
23 25 3 100 16473 2.006380396
31 1 3 100 1399481 2.006389775
5 11 3 100 28057 2.006397781
15 18 3 100 11178002 2.006409098
9 26 3 100 4354752 2.006457308
29 8 3 100 22999 2.006460085
13 9 3 100 185070 2.006460387
17 31 3 100 22132 2.006475405
15 30 3 100 48814 2.006476951
23 4 3 100 1489816 2.006481145
2 6 3 100 8341 2.006493511
12 23 3 100 55321 2.006500653
8 0 3 100 1275721 2.006501883
18 19 3 100 105851 2.006513304
11 8 3 100 4996428 2.006517584
16 10 3 100 21160 2.006526506
9 22 3 100 5352 2.006538076
9 23 3 100 88759 2.006573454
4 31 3 100 48702 2.006574089
9 13 3 100 25386057 2.006597612
23 7 3 100 7570343 2.006598176
16 2 3 100 25455 2.006612646
19 30 3 100 38481 2.006615804
10 6 3 100 19370 2.006640927
6 30 3 100 257 2.006642177
8 4 3 100 29176587 2.006648279
10 7 3 100 2018050 2.006658148
17 2 3 100 1102899 2.006661885
18 27 3 100 138007 2.006673682
11 10 3 100 358340 2.006698071
29 21 3 100 3296716 2.006712207
29 7 3 100 965745 2.006769128
8 3 3 100 32799 2.006781224
28 20 3 100 26884 2.006783128
23 26 3 100 39616 2.006786436
31 0 3 100 169920 2.006796243
4 29 3 100 16347 2.006825174
4 24 3 100 46756 2.006951875
13 19 3 100 16634 2.006962796
30 15 3 100 21374 2.006963940
31 0 3 100 17454 2.006986336
4 10 3 100 49715 2.006991147
16 20 3 100 9393 2.006997661
24 22 3 100 102851 2.007008674
22 30 3 100 3003833 2.007011107
24 23 3 100 16091 2.007012345
8 30 3 100 38097 2.007027959
20 2 3 100 912241 2.007046128
16 25 3 100 8479 2.007063958
3 10 3 100 6149 2.007085017
22 14 3 100 10417866 2.007106857
16 13 3 100 3207133 2.007114676
19 11 3 100 5307 2.007145624
25 10 3 100 7259 2.007161198
4 11 3 100 4770099 2.007163386
14 15 3 100 1460132 2.007170058
31 2 3 100 30173 2.007170163
1 16 3 100 862404 2.007200987
17 7 3 100 6427512 2.007239099
2 3 3 100 4486740 2.007257214
19 7 3 100 26522014 2.007287550
1 28 3 100 26448 2.007318844
23 29 3 100 102270 2.007337787
19 2 3 100 51638 2.007347781
28 8 3 100 2016377 2.007360613
19 25 3 100 13476 2.007385997
8 4 3 100 8778 2.007390072
22 29 3 100 1021154 2.007418702
25 6 3 100 3382 2.007419003
27 29 3 100 24087 2.007428675
16 13 3 100 27614 2.007435868
21 16 3 100 413208 2.007444952
5 29 3 100 42493 2.007456603
17 26 3 100 74727 2.007468229
0 12 3 100 78967 2.007471383
21 15 3 100 3871019 2.007474366
31 2 3 100 25250 2.007498911
1 3 3 100 3837330 2.007507317
31 29 3 100 49508 2.007509227
19 20 3 100 5736 2.007534388
2 28 3 100 3627 2.007545527
13 23 3 100 19329040 2.007557833
0 6 3 100 1447617 2.007558122
6 10 3 100 52669 2.007571264
4 10 3 100 2023 2.007608592
4 28 3 100 9380 2.007612608
20 29 3 100 49430 2.007613546
3 7 3 100 2407083 2.007631308
7 23 3 100 28789 2.007659090
23 1 3 100 908010 2.007678502
15 7 3 100 125225 2.007727076
5 20 3 100 174953 2.007734134
13 31 3 100 97809 2.007734522
0 21 3 100 8818 2.007739657
19 11 3 100 4522423 2.007748928
6 9 3 100 116230 2.007749580
10 8 3 100 334 2.007758039
16 10 3 100 3740940 2.007767639
16 6 3 100 67619 2.007776836
28 13 3 100 5380434 2.007777632
7 10 3 100 7437513 2.007815955
19 16 3 100 49565 2.007818815
20 28 3 100 36652 2.007842086
22 29 3 100 1030244 2.007858725
2 16 3 100 22516 2.007870136
24 11 3 100 47272 2.007910332
13 25 3 100 8425375 2.007911307
23 19 3 100 2514859 2.007911339
14 30 3 100 5604 2.007931732
5 8 3 100 1546032 2.007945047
18 6 3 100 37897 2.007945968
24 23 3 100 33899 2.007956889
6 14 3 100 7797 2.007960666
3 9 3 100 27817 2.007964186
10 17 3 100 7199596 2.007987798
21 18 3 100 17285 2.008001999
2 19 3 100 30181 2.008009770
23 31 3 100 14817 2.008010522
26 11 3 100 420584 2.008013619
25 15 3 100 29639 2.008016656
10 21 3 100 28419 2.008040671
28 26 3 100 44555 2.008061027
1 13 3 100 560845 2.008067780
0 29 3 100 7009428 2.008088693
29 21 3 100 1386646 2.008089711
9 8 3 100 25050 2.008111396
26 30 3 100 188057 2.008119190
28 0 3 100 51295 2.008131683
26 5 3 100 46619 2.008154713
5 11 3 100 797950 2.008156710
3 24 3 100 387665 2.008165001
11 7 3 100 1013787 2.008210249
23 15 3 100 1377610 2.008210289
19 13 3 100 78169 2.008214160
21 28 3 100 54560 2.008224399
23 9 3 100 176913 2.008238705
24 13 3 100 1450523 2.008242817
25 24 3 100 78894 2.008259580
15 28 3 100 68381 2.008277697
11 9 3 100 1933827 2.008285027
1 29 3 100 18930 2.008285224
6 18 3 100 720139 2.008350064
6 0 3 100 31211 2.008370915
28 16 3 100 169057 2.008375150
20 8 3 100 34854 2.008399302
21 23 3 100 1848607 2.008405197
14 20 3 100 952506 2.008422226
9 31 3 100 10493 2.008430760
1 4 3 100 2962 2.008442466
16 19 3 100 23972087 2.008492722
24 7 3 100 19049 2.008493800
2 4 3 100 41879 2.008496961
15 28 3 100 18768 2.008509750
13 25 3 100 9256 2.008528071
28 19 3 100 8311863 2.008533163
18 22 3 100 176627 2.008541848
23 6 3 100 28033 2.008577135
14 10 3 100 121195 2.008585889
21 1 3 100 696984 2.008619444
30 24 3 100 1798447 2.008630009
24 0 3 100 24801 2.008680916
10 1 3 100 69172 2.008692644
23 3 3 100 49602 2.008700569
24 7 3 100 13517 2.008725538
1 7 3 100 82348 2.008802121
27 14 3 100 9603 2.008805897
4 1 3 100 28012 2.008828458
1 24 3 100 966182 2.008844639
13 30 3 100 5897 2.008869192
21 12 3 100 7089451 2.008889084
10 16 3 100 2904 2.008889960
18 7 3 100 61393 2.008896607
25 22 3 100 49303 2.008905560
19 20 3 100 155127 2.008908236
9 6 3 100 812411 2.008940488
11 17 3 100 1808213 2.008954320
3 25 3 100 120275 2.008961890
19 23 3 100 37928 2.008974080
24 15 3 100 133140 2.008992580
12 11 3 100 28458 2.009003401
19 8 3 100 1864553 2.009008840
17 21 3 100 3349 2.009011734
25 21 3 100 46545 2.009018567
14 23 3 100 4731 2.009047926
20 31 3 100 350196 2.009102021
17 12 3 100 9182 2.009117729
24 18 3 100 4836633 2.009125175
30 20 3 100 18534 2.009137800
7 11 3 100 661688 2.009153524
18 27 3 100 26374 2.009157420
29 1 3 100 22415 2.009169798
26 2 3 100 74125 2.009177517
4 0 3 100 22199 2.009196088
27 13 3 100 1400391 2.009212489
0 14 3 100 186449 2.009276362
21 28 3 100 42227 2.009278010
17 16 3 100 15011 2.009280865
13 22 3 100 41641 2.009310593
17 2 3 100 21047219 2.009319537
4 24 3 100 126028 2.009319958
12 19 3 100 1591303 2.009330669
28 20 3 100 2414468 2.009353512
16 9 3 100 71073 2.009365534
3 20 3 100 70207 2.009381388
24 30 3 100 20866 2.009386682
2 6 3 100 1300372 2.009388026
22 18 3 100 38478 2.009395106
19 9 3 100 27471 2.009398155
29 30 3 100 6359 2.009407716
10 8 3 100 618 2.009410115
23 4 3 100 473253 2.009425269
24 29 3 100 47238 2.009448728
10 31 3 100 42398 2.009452568
21 12 3 100 4429904 2.009461376
17 19 3 100 9795637 2.009465388
0 11 3 100 799 2.009482502
30 3 3 100 674584 2.009565191
19 8 3 100 336936 2.009567815
17 18 3 100 5290331 2.009574716
1 30 3 100 21139106 2.009593183
6 29 3 100 566 2.009601665
26 16 3 100 22116 2.009664638
5 27 3 100 23574 2.009666369
18 21 3 100 1677600 2.009683730
27 15 3 100 1405196 2.009694330
10 20 3 100 18447 2.009704990
20 25 3 100 109988 2.009706601
0 19 3 100 960174 2.009719227
23 11 3 100 197376 2.009725287
24 9 3 100 78897 2.009727713
25 8 3 100 35455 2.009728673
10 3 3 100 1661302 2.009737380
16 14 3 100 19629 2.009773836
29 20 3 100 3339039 2.009782372
13 29 3 100 1085802 2.009819591
16 8 3 100 2825899 2.009830117
4 21 3 100 2590 2.009881097
16 28 3 100 9395473 2.009896116
16 8 3 100 263263 2.009896726
18 1 3 100 717462 2.009903133
6 5 3 100 18104 2.009929227
20 16 3 100 5703 2.009944137
16 25 3 100 3802221 2.009951967
8 17 3 100 30424 2.009960066
20 25 3 100 17697 2.009961975
26 25 3 100 14001 2.009985241
13 10 3 100 12684 2.009992959
23 25 3 100 2049 2.009994160
16 23 3 100 27716 2.009997234
29 5 3 100 4275909 2.010002480
10 17 3 100 51181 2.010040570
0 15 3 100 5731048 2.010045474
11 9 3 100 1368685 2.010051934
17 23 3 100 23666 2.010086282
29 26 3 100 45594 2.010132188
4 31 3 100 160436 2.010139963
0 10 3 100 884702 2.010145478
19 0 3 100 2560348 2.010173885
9 25 3 100 3231537 2.010186632
16 4 3 100 324 2.010190220
12 9 3 100 2782 2.010207114
21 3 3 100 8215920 2.010217420
20 28 3 100 3522573 2.010223232
31 15 3 100 5843678 2.010228436
0 21 3 100 26089 2.010280218
1 6 3 100 4842906 2.010287482
30 24 3 100 16690 2.010289127
23 14 3 100 6969786 2.010309798
0 11 3 100 23462 2.010316767
8 3 3 100 918034 2.010337815
8 14 3 100 27788 2.010350449
29 30 3 100 35227 2.010373594
30 0 3 100 8721 2.010379469
25 22 3 100 1065 2.010382043
0 27 3 100 319 2.010400054
6 16 3 100 981420 2.010401144
5 13 3 100 4060918 2.010411701
9 27 3 100 9253568 2.010424694
4 21 3 100 1500683 2.010425837
21 0 3 100 2927867 2.010433467
28 3 3 100 22654 2.010462854
20 31 3 100 529 2.010470660
25 0 3 100 74601 2.010478763
12 28 3 100 1799 2.010484004
19 7 3 100 59443 2.010493347
27 26 3 100 35862 2.010494872
2 22 3 100 8866 2.010503639
31 7 3 100 73529 2.010526955
7 29 3 100 1674 2.010533502
18 2 3 100 621386 2.010534675
30 16 3 100 1868664 2.010535295
0 29 3 100 413320 2.010536581
0 14 3 100 26455 2.010567844
23 16 3 100 604580 2.010570033
26 15 3 100 1090488 2.010581959
9 18 3 100 72864 2.010584106
24 20 3 100 3718 2.010591843
15 18 3 100 35715 2.010597492
10 15 3 100 27635 2.010623610
25 28 3 100 22010 2.010630335
4 29 3 100 8154 2.010632594
25 3 3 100 5585 2.010639208
21 29 3 100 35242 2.010646403
30 11 3 100 653650 2.010670050
18 12 3 100 889821 2.010670714
10 18 3 100 2714192 2.010688268
17 18 3 100 37342 2.010694851
6 14 3 100 23795511 2.010712628
26 8 3 100 9988491 2.010717165
23 28 3 100 3128378 2.010729958
29 1 3 100 78722 2.010770288
21 1 3 100 6468 2.010783095
30 7 3 100 1931231 2.010805664
15 6 3 100 25029 2.010808873
16 31 3 100 5005 2.010824970
2 28 3 100 128266 2.010844117
22 15 3 100 70892 2.010861066
4 15 3 100 64763 2.010892957
21 20 3 100 26184 2.010903573
3 1 3 100 1767299 2.010921934
26 3 3 100 21156 2.010935640
19 14 3 100 129714 2.010989754
8 19 3 100 9201789 2.010997535
28 3 3 100 2503385 2.010999969
23 1 3 100 27718 2.011007342
16 19 3 100 512649 2.011015046
1 6 3 100 5420 2.011040427
0 27 3 100 13498 2.011060932
30 26 3 100 8951 2.011066068
28 0 3 100 6925 2.011081474
13 27 3 100 16327 2.011126978
20 24 3 100 31052 2.011156659
23 9 3 100 163878 2.011179841
18 7 3 100 26050 2.011205754
13 6 3 100 58978 2.011207763
23 1 3 100 10447 2.011242800
4 30 3 100 19920 2.011276752
13 3 3 100 3088204 2.011303578
21 8 3 100 21643259 2.011318879
17 16 3 100 78525 2.011357195
7 5 3 100 1998275 2.011357449
17 3 3 100 13725 2.011370099
26 18 3 100 29051 2.011373182
19 6 3 100 23163 2.011375535
2 15 3 100 39313 2.011377689
19 25 3 100 904827 2.011386711
10 24 3 100 165046 2.011398314
4 26 3 100 2347452 2.011412904
22 18 3 100 290082 2.011414958
23 12 3 100 5705022 2.011428994
13 7 3 100 12636 2.011447309
29 21 3 100 30523 2.011472921
6 7 3 100 23002 2.011478055
14 20 3 100 2405687 2.011482395
16 13 3 100 7890 2.011511271
18 28 3 100 21324705 2.011518662
5 26 3 100 26007470 2.011531835
21 10 3 100 47985 2.011551725
7 1 3 100 7767825 2.011552647
4 28 3 100 1584624 2.011556880
22 3 3 100 2994155 2.011592019
2 4 3 100 16937899 2.011600877
18 19 3 100 7775216 2.011615367
15 20 3 100 50213 2.011620619
26 0 3 100 9463 2.011634903
8 21 3 100 43906 2.011668534
3 24 3 100 24128 2.011686265
14 1 3 100 4131852 2.011686788
10 19 3 100 3445963 2.011687591
21 5 3 100 8678 2.011688944
25 0 3 100 652418 2.011727881
27 11 3 100 4861750 2.011729005
18 9 3 100 4327 2.011764747
15 20 3 100 268264 2.011765633
31 7 3 100 1173357 2.011767298
8 2 3 100 2868726 2.011770925
23 31 3 100 67939 2.011785638
4 22 3 100 1897747 2.011804258
28 23 3 100 53001 2.011808176
31 8 3 100 913300 2.011812725
7 12 3 100 69296 2.011831111
1 2 3 100 1792051 2.011845482
0 6 3 100 1588264 2.011857895
31 17 3 100 2061630 2.011889310
27 17 3 100 1677 2.011892829
4 26 3 100 42243 2.011900761
28 21 3 100 7586297 2.011940818
22 21 3 100 2287 2.011989818
15 29 3 100 135903 2.012001745
11 26 3 100 3426319 2.012006633
29 3 3 100 447358 2.012009826
10 21 3 100 3393 2.012013815
6 31 3 100 30911 2.012017738
20 27 3 100 1849562 2.012045305
24 14 3 100 46644 2.012046774
27 9 3 100 28195 2.012076724
24 6 3 100 6087 2.012083208
19 22 3 100 2521 2.012087278
25 30 3 100 2473684 2.012108453
21 23 3 100 30619 2.012113495
22 7 3 100 32379 2.012117941
11 16 3 100 44960 2.012119887
17 19 3 100 19653 2.012150815
16 0 3 100 2755331 2.012156970
19 1 3 100 2027232 2.012170602
23 13 3 100 14971 2.012185577
1 29 3 100 2514654 2.012186814
20 25 3 100 75756 2.012204189
29 31 3 100 2655514 2.012211793
21 8 3 100 1274450 2.012226916
4 25 3 100 8581 2.012258369
0 29 3 100 252381 2.012271026
7 19 3 100 25471 2.012277792
25 5 3 100 27563 2.012279055
16 14 3 100 190254 2.012284620
19 21 3 100 66531 2.012300232
5 22 3 100 13138 2.012307388
20 4 3 100 63821 2.012323570
11 24 3 100 3218019 2.012326202
9 30 3 100 1622709 2.012335510
13 8 3 100 2105790 2.012335526
2 7 3 100 9558677 2.012349239
11 30 3 100 48986 2.012377326
13 4 3 100 9522260 2.012425950
29 30 3 100 46406 2.012428472
24 11 3 100 31044 2.012449148
7 0 3 100 1579 2.012469789
31 23 3 100 130023 2.012472263
14 20 3 100 1606856 2.012479225
31 1 3 100 1766073 2.012479343
6 16 3 100 18988 2.012488322
20 14 3 100 6360 2.012495206
29 0 3 100 41588 2.012532145
9 22 3 100 5265687 2.012584339
14 28 3 100 13871 2.012591920
3 0 3 100 28692 2.012595566
20 13 3 100 116357 2.012598888
27 7 3 100 3938 2.012601544
21 3 3 100 24022 2.012608244
0 19 3 100 66155 2.012614494
19 25 3 100 17360 2.012621335
18 4 3 100 25558 2.012650829
19 7 3 100 24486 2.012678922
25 29 3 100 1097357 2.012687358
26 22 3 100 58548 2.012703565
31 4 3 100 50396 2.012711035
26 4 3 100 155173 2.012724231
17 22 3 100 53033 2.012729683
16 29 3 100 4112 2.012769769
14 10 3 100 3892 2.012774429
20 5 3 100 49928 2.012776236
17 27 3 100 7961212 2.012812486
18 3 3 100 6271344 2.012814782
27 9 3 100 1003 2.012823032
10 11 3 100 271 2.012825751
29 0 3 100 1440325 2.012834296
21 19 3 100 57037 2.012836807
7 2 3 100 78098 2.012847792
12 29 3 100 193 2.012849814
30 2 3 100 8536 2.012852524
17 31 3 100 6413 2.012860364
28 1 3 100 9817550 2.012868288
28 0 3 100 61125 2.012885079
2 9 3 100 7115739 2.012887964
6 12 3 100 3402766 2.012900813
24 3 3 100 23033 2.012905718
8 4 3 100 4166763 2.012944406
6 5 3 100 1548371 2.012999904
13 21 3 100 1207183 2.013001581
7 21 3 100 18443 2.013006252
5 30 3 100 45852 2.013006298
3 21 3 100 52242 2.013013199
23 2 3 100 4117089 2.013026848
21 12 3 100 31819 2.013032036
27 9 3 100 20602 2.013039215
4 27 3 100 966939 2.013050557
28 14 3 100 799530 2.013091049
31 2 3 100 6682774 2.013094813
8 14 3 100 35914 2.013116997
8 3 3 100 5070227 2.013136708
11 28 3 100 4297724 2.013146596
25 17 3 100 7491 2.013152233
5 21 3 100 57916 2.013154737
27 15 3 100 19799 2.013159401
13 29 3 100 19909 2.013170481
23 8 3 100 15107 2.013183740
25 8 3 100 26825 2.013196523
26 24 3 100 7596410 2.013202198
28 19 3 100 48488 2.013211331
14 18 3 100 8275654 2.013242014
24 6 3 100 35648 2.013255425
3 24 3 100 48655 2.013263897
18 12 3 100 201384 2.013280604
26 0 3 100 23337 2.013281563
27 30 3 100 1384 2.013310784
21 17 3 100 59129 2.013319619
22 24 3 100 5048 2.013322397
9 21 3 100 3074987 2.013331721
29 14 3 100 76714 2.013344771
2 17 3 100 565901 2.013351064
18 7 3 100 5396 2.013361349
10 23 3 100 523047 2.013364639
4 3 3 100 514871 2.013371465
18 9 3 100 117636 2.013380027
24 3 3 100 5155 2.013399056
8 20 3 100 46127 2.013413826
20 28 3 100 1109715 2.013415647
14 29 3 100 25345 2.013417275
4 24 3 100 825246 2.013423983
12 23 3 100 4276311 2.013430699
19 10 3 100 29406 2.013436433
23 10 3 100 8569728 2.013441666
3 24 3 100 6051509 2.013450089
27 19 3 100 54006 2.013452107
28 18 3 100 9797311 2.013454737
22 24 3 100 388680 2.013465606
22 5 3 100 24692 2.013480882
21 28 3 100 40916 2.013497464
14 13 3 100 53879 2.013503210
0 7 3 100 7009 2.013505433
4 1 3 100 1555316 2.013509391
5 16 3 100 2168302 2.013513193
18 0 3 100 70613 2.013518408
16 18 3 100 616405 2.013526467
21 5 3 100 5761787 2.013554000
10 25 3 100 1307895 2.013565290
6 30 3 100 4106622 2.013587116
17 8 3 100 2476513 2.013612607
16 31 3 100 30549 2.013641479
21 24 3 100 150360 2.013643176
14 11 3 100 3457092 2.013644282
2 21 3 100 20408 2.013671040
27 28 3 100 46381 2.013679076
22 7 3 100 1973984 2.013691868
23 7 3 100 35754 2.013695063
7 26 3 100 76847 2.013704044
22 21 3 100 5186116 2.013731892
31 0 3 100 811834 2.013734516
4 20 3 100 7165 2.013734970
13 11 3 100 96527 2.013738289
5 12 3 100 6233 2.013748045
12 31 3 100 24048 2.013748275
13 19 3 100 24056 2.013770361
12 2 3 100 187 2.013781737
9 22 3 100 1313 2.013788253
8 30 3 100 5077 2.013790649
12 18 3 100 45759 2.013837001
12 26 3 100 41993 2.013845112
0 31 3 100 34918 2.013848509
8 7 3 100 4816303 2.013868107
20 17 3 100 29237272 2.013894951
16 9 3 100 37169 2.013922345
14 29 3 100 47231 2.013930805
21 8 3 100 6607963 2.013932495
25 8 3 100 140060 2.013933901
0 4 3 100 150091 2.013937923
19 24 3 100 37017 2.013943110
27 19 3 100 33089 2.013967492
30 2 3 100 3012388 2.013974736
16 17 3 100 34069 2.014012926
21 24 3 100 3898322 2.014015702
22 11 3 100 5107640 2.014040475
15 29 3 100 156018 2.014053787
21 23 3 100 51028 2.014059149
20 1 3 100 69411 2.014075464
9 16 3 100 61586 2.014090755
26 27 3 100 69319 2.014100197
18 30 3 100 28426 2.014122283
12 2 3 100 47635 2.014155922
0 21 3 100 1486397 2.014157848
19 17 3 100 22269 2.014160845
18 17 3 100 53759 2.014183120
22 16 3 100 494256 2.014194622
28 11 3 100 1726 2.014199366
10 5 3 100 4807092 2.014214669
9 12 3 100 29465 2.014226766
15 22 3 100 1848112 2.014229358
1 20 3 100 8268 2.014231731
20 27 3 100 2283670 2.014238190
11 0 3 100 141877 2.014255228
23 3 3 100 185539 2.014256567
23 15 3 100 1851644 2.014272594
9 23 3 100 3215791 2.014302666
8 10 3 100 62291 2.014317978
19 27 3 100 67413 2.014356200
15 31 3 100 33736 2.014369323
4 13 3 100 14472 2.014411334
30 17 3 100 1930819 2.014424831
30 11 3 100 189002 2.014429612
31 25 3 100 1873474 2.014432132
26 16 3 100 531257 2.014484208
20 1 3 100 11127810 2.014497382
10 23 3 100 46837 2.014507113
23 8 3 100 7160 2.014517966
29 0 3 100 68269 2.014518266
4 6 3 100 33120 2.014541308
12 13 3 100 805976 2.014541899
10 19 3 100 150499 2.014542089
11 2 3 100 1754564 2.014545208
12 5 3 100 49763 2.014551074
19 14 3 100 50958 2.014594012
0 2 3 100 458 2.014598429
5 20 3 100 16102 2.014609312
27 3 3 100 75240 2.014629586
3 7 3 100 34700 2.014678908
8 3 3 100 1567537 2.014689088
15 22 3 100 7705 2.014692713
22 11 3 100 70408 2.014696189
3 16 3 100 26939 2.014699425
10 14 3 100 3073324 2.014716284
1 22 3 100 2049 2.014736584
12 19 3 100 50537 2.014756745
5 30 3 100 4237 2.014759707
6 20 3 100 34960 2.014760322
31 13 3 100 526649 2.014791387
16 5 3 100 21382 2.014818378
24 0 3 100 4824798 2.014826650
3 17 3 100 3180519 2.014858526
7 31 3 100 190743 2.014859018
3 24 3 100 4408645 2.014860817
3 8 3 100 9504689 2.014879526
23 12 3 100 2577 2.014891789
13 24 3 100 22481 2.014910044
7 25 3 100 59356 2.014913690
10 23 3 100 7121016 2.014925974
9 18 3 100 50774 2.014947049
4 10 3 100 30805 2.014971245
11 30 3 100 129388 2.014976750
19 12 3 100 543460 2.014992988
30 25 3 100 1692635 2.014995459
29 20 3 100 4365377 2.014996261
28 3 3 100 3254925 2.014996470
3 7 3 100 14859 2.015009454
1 0 3 100 906423 2.015041088
2 30 3 100 51320 2.015110373
13 16 3 100 33578 2.015113640
10 4 3 100 8002 2.015125330
18 7 3 100 21450 2.015126703
28 17 3 100 64676 2.015129726
11 17 3 100 7630194 2.015133747
15 9 3 100 1153097 2.015154816
19 15 3 100 17389 2.015157755
23 21 3 100 7141 2.015158136
23 24 3 100 74955 2.015182387
25 19 3 100 1267286 2.015185192
27 25 3 100 3974019 2.015187174
24 6 3 100 6804230 2.015190594
3 11 3 100 7267640 2.015220954
31 9 3 100 5157 2.015228106
29 5 3 100 146630 2.015240747
29 12 3 100 22069363 2.015251058
31 19 3 100 10950704 2.015266348
12 8 3 100 934253 2.015269587
21 16 3 100 9014573 2.015269683
31 24 3 100 33986 2.015287102
5 14 3 100 193166 2.015300259
23 2 3 100 1712834 2.015303252
23 15 3 100 4808760 2.015322835
18 14 3 100 7973211 2.015358841
27 17 3 100 2896 2.015384453
1 19 3 100 3804175 2.015393371
1 12 3 100 1704459 2.015453286
15 7 3 100 3884384 2.015458663
20 16 3 100 1633790 2.015472462
13 6 3 100 84053 2.015472503
29 20 3 100 4765160 2.015474918
2 14 3 100 23028 2.015526768
27 22 3 100 1349902 2.015531268
2 14 3 100 49749 2.015554482
5 7 3 100 7905575 2.015579492
6 20 3 100 21575 2.015580074
29 20 3 100 24068 2.015594951
10 18 3 100 27526 2.015612930
26 28 3 100 4230181 2.015614814
8 3 3 100 3137085 2.015623999
28 18 3 100 1102429 2.015642077
29 24 3 100 7506 2.015646605
12 23 3 100 12938 2.015646646
25 3 3 100 78388 2.015671379
24 22 3 100 32411 2.015672939
3 9 3 100 49347 2.015692124
18 16 3 100 54533 2.015711689
7 8 3 100 15161 2.015738150
3 20 3 100 141911 2.015741658
4 14 3 100 2125387 2.015747597
26 6 3 100 1600117 2.015758199
3 20 3 100 31427 2.015763805
18 26 3 100 1643542 2.015769722
15 23 3 100 59545 2.015772930
26 14 3 100 3242 2.015802173
13 26 3 100 25590 2.015808168
11 21 3 100 746 2.015824849
30 15 3 100 26826 2.015854653
28 4 3 100 57069 2.015868662
12 10 3 100 919127 2.015873378
2 24 3 100 3465027 2.015889458
25 9 3 100 8143 2.015897101
25 29 3 100 3263388 2.015914925
15 31 3 100 494456 2.015935333
15 23 3 100 452152 2.015939392
3 6 3 100 6764 2.015964647
13 22 3 100 9899 2.015971550
26 31 3 100 8872893 2.015979540
30 28 3 100 43373 2.015983045
9 29 3 100 1610090 2.016003841
26 1 3 100 4300 2.016019443
2 12 3 100 36114 2.016029295
9 16 3 100 1282346 2.016051120
7 28 3 100 1037189 2.016074138
18 31 3 100 23454 2.016081629
1 12 3 100 1821214 2.016093997
16 3 3 100 151809 2.016094568
3 22 3 100 6066 2.016097739
25 3 3 100 36509 2.016101064
17 1 3 100 5031 2.016120998
27 11 3 100 51631 2.016128620
17 8 3 100 5139482 2.016142375
7 4 3 100 460901 2.016149360
16 26 3 100 23872 2.016151594
30 29 3 100 4270184 2.016160272
19 6 3 100 24588 2.016163933
22 29 3 100 663540 2.016204511
2 3 3 100 189944 2.016223448
25 12 3 100 349001 2.016228787
0 31 3 100 63359 2.016232025
4 1 3 100 4071403 2.016257009
3 17 3 100 5259 2.016266862
3 9 3 100 1691499 2.016277448
24 15 3 100 9306 2.016279813
2 8 3 100 8472786 2.016281256
27 22 3 100 67658 2.016286845
14 8 3 100 92859 2.016309121
0 1 3 100 932914 2.016336297
5 20 3 100 710893 2.016343850
3 6 3 100 64194 2.016351671
6 19 3 100 1029716 2.016353265
5 13 3 100 173740 2.016358662
19 9 3 100 77705 2.016363012
28 6 3 100 66330 2.016368235
3 23 3 100 2362957 2.016371186
12 31 3 100 1673836 2.016386745
15 27 3 100 1686541 2.016389952
8 14 3 100 64080 2.016392732
6 30 3 100 3502091 2.016404090
15 10 3 100 38967 2.016416194
18 26 3 100 51629 2.016417043
10 1 3 100 1975692 2.016420857
27 18 3 100 4158 2.016423231
24 26 3 100 57490 2.016424392
15 21 3 100 7201520 2.016425280
28 20 3 100 1667283 2.016439122
9 18 3 100 4682737 2.016442426
21 12 3 100 1692582 2.016461261
21 28 3 100 3239298 2.016495275
23 31 3 100 23262 2.016514053
28 10 3 100 12025 2.016542082
29 8 3 100 8159536 2.016549829
11 4 3 100 813002 2.016556398
28 19 3 100 71392 2.016569184
3 18 3 100 46883 2.016572022
31 25 3 100 13440 2.016590435
13 14 3 100 144845 2.016610484
23 27 3 100 30749 2.016612429
15 22 3 100 58470 2.016615424
23 29 3 100 26231598 2.016640742
8 1 3 100 3851479 2.016687762
11 1 3 100 16239 2.016688086
9 2 3 100 1591806 2.016714048
17 13 3 100 16748 2.016718229
31 22 3 100 7389 2.016720152
17 8 3 100 746108 2.016739721
26 30 3 100 1983562 2.016765976
7 31 3 100 50927 2.016771611
16 25 3 100 104849 2.016775171
31 1 3 100 7039345 2.016777664
9 0 3 100 62105 2.016818994
12 10 3 100 904600 2.016834430
5 9 3 100 24342 2.016847298
7 29 3 100 1764013 2.016860223
8 27 3 100 167498 2.016869479
9 15 3 100 199741 2.016885385
25 15 3 100 18365976 2.016902255
2 25 3 100 8836 2.016919381
0 27 3 100 60395 2.016924100
6 4 3 100 2572947 2.016930340
9 25 3 100 181235 2.016934614
8 18 3 100 1857075 2.016965180
13 9 3 100 60616 2.016985986
28 4 3 100 65766 2.016998695
2 30 3 100 332913 2.017052825
14 27 3 100 36991 2.017058161
5 10 3 100 27682 2.017066873
19 28 3 100 357561 2.017085623
16 31 3 100 7569179 2.017086348
15 3 3 100 63476 2.017090667
24 6 3 100 65107 2.017118169
8 14 3 100 75689 2.017120986
16 22 3 100 3528569 2.017150715
16 6 3 100 1973635 2.017160158
24 28 3 100 164288 2.017176299
30 21 3 100 55286 2.017177541
1 28 3 100 2394217 2.017178449
25 9 3 100 189488 2.017180045
12 11 3 100 18878227 2.017182365
8 12 3 100 172764 2.017185490
2 5 3 100 229301 2.017211466
0 20 3 100 3894964 2.017211563
2 15 3 100 5079 2.017284168
11 19 3 100 33251 2.017292098
7 0 3 100 1628667 2.017310040
31 3 3 100 794093 2.017324805
18 10 3 100 9277 2.017343966
27 15 3 100 1350681 2.017344323
19 10 3 100 1894632 2.017356089
1 6 3 100 74038 2.017360964
3 4 3 100 61532 2.017406762
16 11 3 100 3405 2.017431234
28 20 3 100 9013311 2.017438537
21 5 3 100 74482 2.017448123
17 27 3 100 1898 2.017506200
8 27 3 100 7751222 2.017536051
3 16 3 100 3741991 2.017537033
20 4 3 100 31508 2.017547798
15 13 3 100 4855 2.017555885
20 31 3 100 1077034 2.017570585
12 15 3 100 7000 2.017576851
31 6 3 100 12044 2.017579893
0 24 3 100 1841112 2.017583686
24 27 3 100 9568635 2.017590892
19 21 3 100 57825 2.017608025
19 30 3 100 26433 2.017641743
11 4 3 100 1131725 2.017653615
2 15 3 100 54706 2.017654849
20 8 3 100 1383779 2.017662188
15 12 3 100 380779 2.017668979
14 9 3 100 2157356 2.017669933
29 25 3 100 1285994 2.017712293
14 3 3 100 3533796 2.017716667
14 24 3 100 25413 2.017748552
16 29 3 100 96805 2.017750033
8 29 3 100 62463 2.017751728
9 20 3 100 68442 2.017776593
15 22 3 100 30215 2.017776647
22 9 3 100 56723 2.017778226
23 11 3 100 2928937 2.017788049
23 15 3 100 991529 2.017793750
31 24 3 100 2947628 2.017800949
21 27 3 100 555486 2.017830966
25 11 3 100 6087 2.017859569
1 6 3 100 9079904 2.017862817
30 15 3 100 1491640 2.017874174
23 29 3 100 1132975 2.017880349
11 5 3 100 29880 2.017881587
18 21 3 100 3137445 2.017883354
0 10 3 100 1938790 2.017897239
2 27 3 100 607745 2.017899641
21 14 3 100 44051 2.017899899
2 1 3 100 59816 2.017936422
0 22 3 100 2548163 2.017940033
0 12 3 100 2786251 2.017941540
22 13 3 100 5525996 2.017947307
11 1 3 100 41916 2.017955430
24 19 3 100 674688 2.017956537
15 2 3 100 8999 2.017961335
24 7 3 100 4850 2.017962080
17 14 3 100 3101873 2.017974814
17 15 3 100 1088883 2.017977676
10 28 3 100 844836 2.017981527
15 25 3 100 53592 2.017982129
9 15 3 100 1607219 2.017996367
28 31 3 100 27525 2.018018070
25 0 3 100 52426 2.018031400
22 30 3 100 10837 2.018042344
19 17 3 100 29889 2.018052912
2 14 3 100 77827 2.018076665
6 31 3 100 76324 2.018080079
28 23 3 100 3082291 2.018088470
15 22 3 100 1674 2.018092932
19 15 3 100 59387 2.018106367
7 12 3 100 6103386 2.018111919
3 15 3 100 5009 2.018139197
7 28 3 100 14504687 2.018163033
30 27 3 100 18444 2.018195695
2 11 3 100 797 2.018197247
12 30 3 100 146487 2.018219346
4 14 3 100 947851 2.018223535
11 9 3 100 3193186 2.018225702
25 8 3 100 38389 2.018254994
15 28 3 100 7034 2.018270292
29 22 3 100 39244 2.018273426
26 24 3 100 1898416 2.018278052
24 0 3 100 31945 2.018300974
14 5 3 100 33832 2.018312645
19 2 3 100 40822 2.018318449
0 20 3 100 3640082 2.018358869
13 27 3 100 1089158 2.018367853
15 4 3 100 25134 2.018369093
6 29 3 100 179503 2.018369888
23 18 3 100 21200 2.018390170
4 10 3 100 23857468 2.018422034
7 16 3 100 56285 2.018441210
1 19 3 100 8225 2.018455463
7 20 3 100 10501612 2.018482334
2 29 3 100 14741 2.018491382
31 26 3 100 50725 2.018494517
5 29 3 100 22496 2.018517265
12 16 3 100 7628173 2.018561097
6 5 3 100 55397 2.018562387
1 31 3 100 27715 2.018577084
6 10 3 100 12333 2.018582372
1 29 3 100 53449 2.018589870
16 20 3 100 64027 2.018591274
3 10 3 100 24832 2.018597154
30 10 3 100 62988 2.018597211
15 30 3 100 1069612 2.018597767
23 28 3 100 4406788 2.018602890
6 12 3 100 122524 2.018608977
2 7 3 100 6920065 2.018620415
17 18 3 100 92625 2.018639491
13 17 3 100 140980 2.018660871
22 1 3 100 18990640 2.018664056
16 12 3 100 994809 2.018673102
5 26 3 100 1491581 2.018674016
21 24 3 100 24636 2.018688706
23 1 3 100 5380 2.018691948
4 14 3 100 65862 2.018697033
28 6 3 100 23392 2.018710867
27 4 3 100 1224710 2.018732445
12 8 3 100 6784 2.018735887
26 19 3 100 5979 2.018747092
20 28 3 100 37454 2.018767185
23 30 3 100 3096223 2.018768533
5 10 3 100 34272 2.018778244
7 31 3 100 17648 2.018788701
3 25 3 100 3493557 2.018798844
22 28 3 100 61810 2.018811233
1 4 3 100 60438 2.018837605
30 26 3 100 640662 2.018839290
22 20 3 100 700330 2.018847544
2 0 3 100 3082958 2.018848097
10 13 3 100 27482407 2.018851590
31 13 3 100 768747 2.018855956
25 9 3 100 20559679 2.018874358
12 20 3 100 301870 2.018878303
12 20 3 100 1281250 2.018879059
21 25 3 100 53802 2.018890980
24 2 3 100 136564 2.018891517
26 13 3 100 8770624 2.018910254
22 26 3 100 48041 2.018924188
29 2 3 100 27003280 2.018930358
18 24 3 100 3977762 2.018932233
16 3 3 100 25751 2.018934809
21 25 3 100 54380 2.018947529
20 28 3 100 37255 2.018971876
12 22 3 100 34988 2.018994340
6 8 3 100 1573562 2.018997852
20 4 3 100 32420 2.018998875
9 6 3 100 1084852 2.019010845
22 6 3 100 103793 2.019019753
22 30 3 100 110365 2.019021165
18 23 3 100 133660 2.019032579
26 16 3 100 22233 2.019050323
4 20 3 100 896297 2.019064650
11 16 3 100 11240567 2.019083880
14 30 3 100 32297 2.019088361
7 14 3 100 197929 2.019092525
7 9 3 100 3625339 2.019105472
5 21 3 100 603248 2.019120575
4 16 3 100 7904558 2.019126234
14 30 3 100 1865957 2.019134592
23 27 3 100 3529530 2.019140141
28 4 3 100 25235259 2.019143833
19 3 3 100 75476 2.019188483
13 1 3 100 45093 2.019204986
22 30 3 100 44291 2.019207014
11 15 3 100 22949 2.019219441
9 23 3 100 45326 2.019239769
25 22 3 100 93152 2.019244375
22 31 3 100 48907 2.019258461
6 1 3 100 72222 2.019261670
20 14 3 100 23281 2.019265838
7 16 3 100 72982 2.019269461
28 2 3 100 51744 2.019276044
30 10 3 100 63681 2.019298622
1 2 3 100 38800 2.019305241
2 13 3 100 21263823 2.019335066
24 10 3 100 6957 2.019354045
30 18 3 100 769584 2.019363297
26 28 3 100 3010517 2.019379493
9 22 3 100 67773 2.019417078
11 23 3 100 884908 2.019419276
9 30 3 100 25027 2.019464074
1 16 3 100 57331 2.019483363
15 29 3 100 10336 2.019487420
23 10 3 100 22489 2.019496228
21 0 3 100 1663 2.019508953
29 27 3 100 32642 2.019515135
29 11 3 100 1548453 2.019515658
19 31 3 100 1804740 2.019521591
18 16 3 100 58941 2.019559407
16 9 3 100 4598964 2.019562546
16 19 3 100 77606 2.019570909
21 8 3 100 250688 2.019572625
2 26 3 100 1546860 2.019596636
2 18 3 100 6185231 2.019609791
3 31 3 100 3223021 2.019622575
12 2 3 100 2432851 2.019622776
11 13 3 100 27904 2.019627384
21 27 3 100 1136443 2.019679528
1 28 3 100 495726 2.019718024
2 23 3 100 1548165 2.019720957
13 25 3 100 2152494 2.019721596
23 7 3 100 1729815 2.019734686
28 29 3 100 43775 2.019740031
1 5 3 100 4529859 2.019744091
8 10 3 100 873368 2.019765553
16 30 3 100 1212556 2.019786498
3 31 3 100 77724 2.019792961
28 8 3 100 9610111 2.019796527
13 2 3 100 15612 2.019827852
18 10 3 100 142241 2.019837530
30 23 3 100 57237 2.019874596
3 16 3 100 17085931 2.019884469
13 17 3 100 1109143 2.019886854
18 14 3 100 2575011 2.019928521
3 29 3 100 638451 2.019948687
27 19 3 100 48465 2.019953175
14 23 3 100 1131 2.019958937
29 22 3 100 50751 2.019961292
0 18 3 100 8178 2.019966005
14 23 3 100 21896 2.019970052
5 23 3 100 3261192 2.019973421
26 0 3 100 47665 2.019974553
12 31 3 100 41443 2.019975005
21 13 3 100 2759 2.020004389
9 0 3 100 63211 2.020014979
1 31 3 100 3243 2.020035836
20 15 3 100 1273 2.020041359
25 26 3 100 2936633 2.020043615
17 23 3 100 3722839 2.020048359
26 24 3 100 16237 2.020081085
28 19 3 100 1280130 2.020091530
10 8 3 100 20629 2.020116453
7 10 3 100 21892 2.020127062
25 20 3 100 2151375 2.020133774
16 21 3 100 43472 2.020157859
3 31 3 100 380464 2.020176228
16 10 3 100 30571 2.020192125
23 12 3 100 33441 2.020208996
27 31 3 100 26545 2.020232204
3 7 3 100 6913833 2.020254761
2 31 3 100 78902 2.020266303
14 8 3 100 20946 2.020292442
25 5 3 100 79258 2.020298098
27 7 3 100 1277190 2.020327225
8 25 3 100 29397 2.020364551
8 0 3 100 16874 2.020375168
24 27 3 100 59635 2.020376483
27 23 3 100 199429 2.020378346
28 5 3 100 63546 2.020396526
16 23 3 100 23307112 2.020424613
5 8 3 100 1060 2.020463757
22 14 3 100 375180 2.020467421
29 2 3 100 32350 2.020491843
13 1 3 100 26581 2.020501674
28 21 3 100 29307 2.020512832
20 22 3 100 67073 2.020533543
28 23 3 100 49845 2.020547199
21 12 3 100 2877032 2.020592607
10 0 3 100 976630 2.020597140
11 7 3 100 2508312 2.020645339
12 2 3 100 1794033 2.020649982
2 15 3 100 62968 2.020681943
4 26 3 100 1142857 2.020730286
0 10 3 100 15911484 2.020734856
23 31 3 100 8513 2.020742918
6 20 3 100 41474 2.020781691
16 28 3 100 30394 2.020818148
30 29 3 100 867457 2.020842220
7 12 3 100 28518 2.020848089
5 17 3 100 21033 2.020852361
29 4 3 100 228881 2.020854266
12 9 3 100 1938120 2.020859344
24 15 3 100 4076736 2.020871887
26 15 3 100 1405265 2.020876836
25 13 3 100 68005 2.020890455
26 8 3 100 6692 2.020892382
30 16 3 100 1717311 2.020908231
27 11 3 100 28308 2.020934812
6 5 3 100 10089 2.020941624
1 24 3 100 49879 2.020947239
26 14 3 100 11894 2.020971291
31 14 3 100 571916 2.020972928
26 14 3 100 6937500 2.021004939
5 17 3 100 6799 2.021025970
1 20 3 100 9906340 2.021037287
22 26 3 100 25140 2.021060349
16 2 3 100 66906 2.021065499
22 4 3 100 9525159 2.021114267
7 10 3 100 53053 2.021122565
26 20 3 100 18503004 2.021131746
2 16 3 100 1015673 2.021150397
16 27 3 100 10502677 2.021166347
14 23 3 100 1166363 2.021183275
31 13 3 100 48684 2.021261122
18 26 3 100 76838 2.021262688
2 20 3 100 3398377 2.021265282
0 24 3 100 1449360 2.021349640
5 7 3 100 1507798 2.021360981
20 27 3 100 74295 2.021366871
9 10 3 100 58221 2.021394163
18 13 3 100 755285 2.021397278
1 26 3 100 25428 2.021401628
23 15 3 100 1890269 2.021418436
18 22 3 100 751802 2.021428645
30 9 3 100 4433 2.021438814
9 18 3 100 3054 2.021440778
16 3 3 100 24986 2.021526182
13 29 3 100 20479 2.021560956
18 13 3 100 2285266 2.021612069
12 17 3 100 7693 2.021621877
16 22 3 100 1073044 2.021631078
17 28 3 100 20553 2.021639197
25 20 3 100 23539 2.021642302
17 22 3 100 1742836 2.021647602
13 25 3 100 3860339 2.021649167
13 29 3 100 463366 2.021653775
8 9 3 100 25264 2.021658186
1 30 3 100 36487 2.021661278
17 24 3 100 49016 2.021661637
14 13 3 100 1514 2.021681578
9 30 3 100 97378 2.021683042
19 18 3 100 29209 2.021691690
7 28 3 100 68253 2.021696494
18 21 3 100 4466609 2.021696951
4 13 3 100 3079298 2.021704057
10 17 3 100 8529 2.021721235
8 27 3 100 1664 2.021748286
11 19 3 100 4826798 2.021750333
3 8 3 100 3933141 2.021787196
6 20 3 100 7065637 2.021787682
8 20 3 100 49274 2.021805496
8 30 3 100 1809523 2.021810148
30 7 3 100 962485 2.021818469
4 14 3 100 4930266 2.021838352
9 1 3 100 3617 2.021842791
11 20 3 100 9261129 2.021861366
12 10 3 100 79914 2.021877660
25 23 3 100 760360 2.021883207
17 11 3 100 28702 2.021907250
30 26 3 100 39540 2.021926704
20 19 3 100 24921141 2.021941390
2 20 3 100 1288532 2.021959882
16 26 3 100 5102 2.021963519
5 29 3 100 41632 2.021964727
25 11 3 100 23540 2.021986853
9 1 3 100 2679893 2.021994023
23 27 3 100 9209 2.022009249
30 17 3 100 4996546 2.022011309
17 13 3 100 5307 2.022013043
3 9 3 100 62610 2.022018065
2 9 3 100 8840487 2.022021773
3 9 3 100 54507 2.022037989
30 18 3 100 26889 2.022038283
9 11 3 100 4418784 2.022071865
15 31 3 100 7707904 2.022081492
4 20 3 100 7869 2.022096287
2 8 3 100 814 2.022113919
3 12 3 100 6437503 2.022118369
2 5 3 100 915473 2.022139892
10 26 3 100 5927612 2.022154355
9 8 3 100 12406 2.022160650
26 18 3 100 3212 2.022195235
28 2 3 100 756836 2.022198526
2 12 3 100 4783935 2.022221156
15 31 3 100 74683 2.022238824
7 0 3 100 120642 2.022252266
1 24 3 100 20336 2.022254952
16 13 3 100 32268 2.022278134
31 20 3 100 6642 2.022303807
22 16 3 100 71659 2.022324318
30 17 3 100 22879 2.022325304
23 29 3 100 2207173 2.022352558
27 10 3 100 127618 2.022353479
24 25 3 100 54328 2.022381773
17 31 3 100 2618623 2.022388827
25 15 3 100 49352 2.022391073
7 5 3 100 4927372 2.022396064
20 31 3 100 5319513 2.022414039
1 8 3 100 1491232 2.022416721
5 25 3 100 198247 2.022454737
9 22 3 100 1989998 2.022477011
13 7 3 100 36712 2.022498801
18 14 3 100 47564 2.022500133
31 30 3 100 30472 2.022526787
1 8 3 100 1175115 2.022528304
16 9 3 100 112207 2.022534297
1 22 3 100 4215 2.022550851
0 9 3 100 39548 2.022554501
16 24 3 100 9123 2.022558710
4 18 3 100 3216 2.022567658
15 26 3 100 51770 2.022567705
20 1 3 100 1010143 2.022578294
22 27 3 100 8988157 2.022591163
20 26 3 100 3569911 2.022593843
25 9 3 100 1357261 2.022598864
24 25 3 100 1106510 2.022617482
17 5 3 100 2588736 2.022618299
9 11 3 100 114200 2.022620478
24 14 3 100 38119 2.022626106
9 0 3 100 29840 2.022631890
5 14 3 100 10044774 2.022666954
15 28 3 100 53420 2.022692395
16 22 3 100 4763 2.022701238
14 6 3 100 3644197 2.022709357
2 30 3 100 687 2.022720779
1 11 3 100 5325111 2.022728620
16 25 3 100 10898 2.022757667
6 24 3 100 40800 2.022762326
20 16 3 100 60958 2.022769475
18 13 3 100 1410468 2.022771202
8 27 3 100 1820 2.022773098
31 21 3 100 47040 2.022774596
12 29 3 100 7566916 2.022799274
20 13 3 100 1909689 2.022801026
13 15 3 100 9901711 2.022807102
24 21 3 100 29193 2.022811484
11 7 3 100 9355017 2.022820641
7 26 3 100 665256 2.022840206
16 3 3 100 68015 2.022869821
12 28 3 100 636007 2.022870631
28 6 3 100 103596 2.022887978
12 1 3 100 28552 2.022923916
29 3 3 100 122863 2.022926996
23 0 3 100 19571859 2.022937187
29 22 3 100 67003 2.022942480
9 5 3 100 197186 2.022987476
30 18 3 100 50966 2.023008373
22 23 3 100 1237170 2.023028947
4 3 3 100 91848 2.023030525
5 22 3 100 988690 2.023032233
11 7 3 100 71103 2.023053441
16 5 3 100 1700141 2.023081663
10 18 3 100 42928 2.023086833
24 11 3 100 1023893 2.023087130
13 5 3 100 26751 2.023094146
13 19 3 100 716 2.023101166
12 20 3 100 2855698 2.023102210
27 13 3 100 780265 2.023103467
26 15 3 100 63013 2.023116090
19 21 3 100 54697 2.023116647
14 21 3 100 1678970 2.023116762
16 1 3 100 1590477 2.023116872
8 13 3 100 7470896 2.023135783
30 12 3 100 21881 2.023138897
6 3 3 100 1426927 2.023178030
9 6 3 100 57936 2.023210938
29 9 3 100 77656 2.023212008
12 7 3 100 4949326 2.023220976
31 0 3 100 1758660 2.023257584
9 15 3 100 39548 2.023298215
24 12 3 100 9418481 2.023325498
31 12 3 100 2576 2.023353690
4 1 3 100 4293 2.023394064
27 16 3 100 28153 2.023403289
3 20 3 100 1557992 2.023422474
15 8 3 100 3481865 2.023427662
19 10 3 100 4430 2.023432035
15 11 3 100 29094 2.023437651
4 27 3 100 19572 2.023451384
9 20 3 100 3193670 2.023459241
4 25 3 100 651526 2.023469829
4 17 3 100 77181 2.023479030
6 27 3 100 60594 2.023506666
11 20 3 100 6891410 2.023510537
11 21 3 100 4205053 2.023540408
22 12 3 100 49860 2.023579968
8 26 3 100 25001 2.023582832
30 13 3 100 11382 2.023583324
14 8 3 100 35814 2.023589024
5 27 3 100 74506 2.023645375
7 29 3 100 67018 2.023647480
2 17 3 100 33376 2.023648352
2 0 3 100 168474 2.023666460
13 29 3 100 1217771 2.023678295
10 1 3 100 25944 2.023710842
14 19 3 100 5407663 2.023719556
11 14 3 100 1897466 2.023722205
25 16 3 100 47169 2.023736841
31 14 3 100 3637 2.023743830
30 29 3 100 1703227 2.023757540
1 15 3 100 1304399 2.023759841
26 2 3 100 1998 2.023766221
31 20 3 100 61120 2.023775837
23 13 3 100 9559898 2.023786464
22 8 3 100 194328 2.023786503
7 23 3 100 215281 2.023790240
7 0 3 100 477151 2.023791515
14 1 3 100 11067 2.023801908
12 7 3 100 622605 2.023821463
12 13 3 100 54572 2.023860525
28 23 3 100 74307 2.023901144
8 28 3 100 1731944 2.023904251
15 23 3 100 24890 2.023909366
12 1 3 100 8223 2.023996071
18 9 3 100 179631 2.023996811
16 29 3 100 280531 2.023997105
15 13 3 100 53923 2.024009595
19 12 3 100 1805679 2.024014629
28 25 3 100 21620 2.024024722
23 25 3 100 38464 2.024026716
24 7 3 100 16135 2.024069829
28 11 3 100 45182 2.024109548
19 5 3 100 13454 2.024111918
29 7 3 100 69708 2.024138165
23 26 3 100 205213 2.024152494
26 23 3 100 7166529 2.024157108
14 16 3 100 136884 2.024170045
7 18 3 100 38704 2.024198499
16 29 3 100 1843157 2.024217187
6 24 3 100 4350446 2.024218747
9 3 3 100 38510 2.024248055
29 1 3 100 1439913 2.024270053
5 15 3 100 556807 2.024274299
25 23 3 100 6889 2.024278083
11 15 3 100 36920 2.024285008
12 6 3 100 3151961 2.024302658
21 31 3 100 2256412 2.024305415
27 30 3 100 36649 2.024307552
25 22 3 100 19152 2.024322057
16 24 3 100 9490394 2.024327295
6 17 3 100 3478772 2.024346710
13 20 3 100 18933 2.024364158
18 25 3 100 33994 2.024366655
3 1 3 100 64053 2.024368093
21 22 3 100 19630 2.024369509
28 25 3 100 76214 2.024375648
22 30 3 100 8799 2.024377595
18 20 3 100 73127 2.024379848
1 29 3 100 1285273 2.024380751
4 18 3 100 179795 2.024385191
26 19 3 100 29130 2.024416930
17 5 3 100 1246 2.024424150
14 1 3 100 29598 2.024424182
31 25 3 100 21180 2.024457792
24 8 3 100 63901 2.024491864
31 25 3 100 9661717 2.024523170
16 5 3 100 9244 2.024533119
3 27 3 100 74637 2.024552516
1 20 3 100 18753325 2.024562208
26 11 3 100 51905 2.024570951
27 1 3 100 8397288 2.024584901
29 24 3 100 1591042 2.024596050
27 15 3 100 7506 2.024604279
17 3 3 100 6584014 2.024617596
2 12 3 100 856338 2.024649415
25 7 3 100 47671 2.024660297
20 12 3 100 4175421 2.024660851
18 2 3 100 5497749 2.024669590
1 12 3 100 75856 2.024701647
8 25 3 100 1637160 2.024712532
19 25 3 100 52788 2.024716167
2 29 3 100 56163 2.024724370
11 28 3 100 3512094 2.024747797
3 15 3 100 64240 2.024785958
24 12 3 100 6677485 2.024800408
27 17 3 100 30553 2.024802953
21 19 3 100 123672 2.024803427
3 8 3 100 654289 2.024808621
11 12 3 100 28333 2.024824942
25 30 3 100 42319 2.024826700
14 23 3 100 1071360 2.024829850
13 17 3 100 3966 2.024839162
11 4 3 100 1247114 2.024840228
0 10 3 100 4227 2.024842260
13 3 3 100 55909 2.024846947
26 31 3 100 3010 2.024858159
22 24 3 100 159062 2.024859518
2 30 3 100 1736867 2.024862167
14 15 3 100 1454543 2.024865164
9 31 3 100 384671 2.024878312
18 16 3 100 1639 2.024879413
16 27 3 100 9032 2.024881315
28 31 3 100 27500 2.024890792
6 30 3 100 1413397 2.024894740
16 6 3 100 4483164 2.024906459
30 29 3 100 48972 2.024912478
5 19 3 100 10279 2.024941815
8 13 3 100 34028 2.024962314
7 9 3 100 6788 2.024962603
12 26 3 100 28808 2.024977691
31 16 3 100 57333 2.024991804
17 14 3 100 9898 2.025003486
17 30 3 100 4565113 2.025035437
13 16 3 100 55856 2.025063477
10 28 3 100 8578573 2.025067992
5 7 3 100 42505 2.025073850
13 28 3 100 68980 2.025090609
19 8 3 100 20728 2.025093527
3 10 3 100 767737 2.025093601
29 24 3 100 17724 2.025102432
18 11 3 100 710288 2.025132031
6 9 3 100 580564 2.025140958
2 4 3 100 23038 2.025140993
25 17 3 100 51474 2.025142935
28 18 3 100 2660175 2.025154897
14 22 3 100 26525 2.025179707
21 26 3 100 808634 2.025201147
7 24 3 100 90471 2.025202830
14 0 3 100 1697955 2.025203455
23 14 3 100 74567 2.025212606
18 3 3 100 81668 2.025213970
6 2 3 100 9160550 2.025223231
5 23 3 100 11266 2.025236335
24 21 3 100 60716 2.025244199
27 6 3 100 29592 2.025246019
8 5 3 100 6664 2.025266033
3 19 3 100 9813481 2.025277673
30 16 3 100 179159 2.025278893
15 30 3 100 29639 2.025286129
18 21 3 100 46776 2.025299810
20 24 3 100 1313243 2.025300291
4 29 3 100 32414 2.025304226
10 8 3 100 3456 2.025304955
29 30 3 100 7222 2.025308378
13 15 3 100 24661 2.025332622
26 30 3 100 67380 2.025340177
30 18 3 100 6396 2.025351143
15 2 3 100 70517 2.025352120
4 30 3 100 44381 2.025358358
18 9 3 100 57649 2.025391234
5 19 3 100 7083 2.025396604
25 8 3 100 16536 2.025401386
10 12 3 100 4250057 2.025407804
5 13 3 100 1269272 2.025411623
14 0 3 100 29998 2.025414701
3 6 3 100 29361 2.025427972
31 24 3 100 5985057 2.025444427
30 21 3 100 9395 2.025474012
11 27 3 100 13623 2.025521288
23 2 3 100 1178774 2.025543110
29 21 3 100 145370 2.025548496
8 15 3 100 449403 2.025605512
5 17 3 100 4348 2.025607983
17 10 3 100 25367 2.025625047
30 4 3 100 67262 2.025643331
17 24 3 100 47637 2.025731838
25 7 3 100 1083594 2.025736963
15 22 3 100 1225793 2.025750011
17 24 3 100 709031 2.025760231
10 30 3 100 68817 2.025774227
30 25 3 100 30890 2.025814808
5 23 3 100 78861 2.025836113
20 13 3 100 22495 2.025836567
11 7 3 100 20793 2.025842319
10 15 3 100 7926808 2.025859146
15 19 3 100 26088 2.025859799
31 16 3 100 1145418 2.025878202
23 4 3 100 67489 2.025910443
31 28 3 100 76151 2.025934253
17 0 3 100 2518 2.025935299
17 15 3 100 2645244 2.025940908
22 23 3 100 118823 2.025962853
24 19 3 100 599621 2.025975654
23 26 3 100 259311 2.025979527
15 4 3 100 88154 2.025982549
28 13 3 100 77923 2.025994148
4 22 3 100 73279 2.026005806
8 12 3 100 129298 2.026007119
8 18 3 100 3293637 2.026024943
12 31 3 100 1003891 2.026025618
15 25 3 100 4410873 2.026033528
11 0 3 100 10467274 2.026034433
6 30 3 100 73187 2.026049710
9 24 3 100 29030 2.026063733
11 9 3 100 19981 2.026092061
14 24 3 100 1371682 2.026092992
31 20 3 100 275602 2.026098187
25 31 3 100 5445924 2.026112126
27 31 3 100 6623965 2.026136532
14 23 3 100 1173130 2.026165931
24 9 3 100 11553688 2.026196832
16 6 3 100 42082 2.026229617
6 15 3 100 416801 2.026231691
24 27 3 100 7235975 2.026232814
20 26 3 100 8350161 2.026234857
22 15 3 100 28989 2.026240083
22 29 3 100 597 2.026243767
18 6 3 100 42409 2.026244182
23 10 3 100 58109 2.026253910
13 2 3 100 72158 2.026260594
29 0 3 100 6332 2.026262684
25 27 3 100 8428 2.026263144
27 28 3 100 296374 2.026265672
24 31 3 100 66185 2.026267155
10 15 3 100 4681405 2.026310771
27 2 3 100 8187 2.026311742
26 20 3 100 164322 2.026329419
5 12 3 100 3441217 2.026331726
7 28 3 100 1670767 2.026336050
10 26 3 100 3657330 2.026338032
12 26 3 100 880938 2.026359048
12 0 3 100 2263120 2.026368730
4 9 3 100 25644 2.026386531
2 19 3 100 6431404 2.026388967
23 31 3 100 3797645 2.026421651
16 5 3 100 20360379 2.026439032
11 17 3 100 5828951 2.026442913
28 1 3 100 4208 2.026454526
19 18 3 100 1128975 2.026493949
3 8 3 100 28762 2.026551105
31 17 3 100 63350 2.026554350
19 3 3 100 71871 2.026557799
5 6 3 100 4170114 2.026584080
8 27 3 100 73257 2.026609762
16 9 3 100 16982826 2.026614593
20 24 3 100 147997 2.026641175
3 2 3 100 23433 2.026659992
1 30 3 100 58903 2.026666330
13 23 3 100 78711 2.026672324
5 16 3 100 22243 2.026705750
30 31 3 100 29828 2.026708657
17 15 3 100 285448 2.026742551
1 30 3 100 42946 2.026746195
22 28 3 100 44936 2.026748307
7 21 3 100 70444 2.026749290
19 1 3 100 13599 2.026770441
10 27 3 100 7212 2.026776452
25 7 3 100 45461 2.026793619
29 28 3 100 5230756 2.026797259
31 8 3 100 146144 2.026800027
0 29 3 100 3022 2.026839043
11 4 3 100 57320 2.026842028
6 31 3 100 131202 2.026854180
0 7 3 100 29228971 2.026891170
23 21 3 100 2331657 2.026895947
21 23 3 100 309 2.026897627
4 23 3 100 849511 2.026913393
8 3 3 100 1780041 2.026923394
8 30 3 100 25455 2.026924164
27 17 3 100 93306 2.026929305
23 27 3 100 1198494 2.026938262
7 23 3 100 5580986 2.026947362
28 22 3 100 1791573 2.026966869
8 28 3 100 5879507 2.026977618
22 27 3 100 1152515 2.026988609
6 24 3 100 8476 2.026991196
25 5 3 100 67706 2.026998808
28 21 3 100 71369 2.027012521
31 2 3 100 822783 2.027045951
25 16 3 100 844904 2.027051452
31 0 3 100 23452 2.027053784
15 0 3 100 29638 2.027069366
16 11 3 100 67982 2.027069476
16 18 3 100 10001 2.027085565
22 17 3 100 25478564 2.027115368
0 24 3 100 1304343 2.027118482
28 12 3 100 8150461 2.027164856
26 1 3 100 3380459 2.027173982
5 30 3 100 70614 2.027190881
3 8 3 100 8724 2.027244710
14 27 3 100 9496 2.027264535
18 10 3 100 53644 2.027272852
4 11 3 100 21645 2.027274028
12 26 3 100 374662 2.027304655
29 21 3 100 1047669 2.027311143
14 29 3 100 14736869 2.027341888
2 10 3 100 148 2.027346876
6 10 3 100 124929 2.027349796
19 8 3 100 9918 2.027353660
22 3 3 100 3499142 2.027364446
12 3 3 100 8324 2.027364638
25 1 3 100 61291 2.027413143
31 11 3 100 73579 2.027428721
16 20 3 100 7535477 2.027437328
1 12 3 100 8723 2.027458327
9 2 3 100 162994 2.027459107
8 12 3 100 9143611 2.027478188
2 13 3 100 1176579 2.027481782
20 1 3 100 785231 2.027487750
6 11 3 100 6951 2.027514013
7 12 3 100 5284535 2.027514707
3 21 3 100 67347 2.027517661
20 9 3 100 262988 2.027522028
19 6 3 100 5060906 2.027540833
18 12 3 100 1174503 2.027569199
24 9 3 100 58013 2.027602941
6 27 3 100 48010 2.027622704
19 11 3 100 1487453 2.027654881
4 7 3 100 20398001 2.027655751
5 21 3 100 52906 2.027662803
24 26 3 100 3525914 2.027672286
15 25 3 100 6301 2.027683978
29 8 3 100 1896608 2.027700460
29 9 3 100 5936 2.027702826
25 26 3 100 3173 2.027731381
30 18 3 100 74250 2.027734834
8 0 3 100 38678 2.027765559
17 0 3 100 16200 2.027774573
27 14 3 100 7865404 2.027775595
22 29 3 100 26608 2.027785062
20 31 3 100 29737467 2.027803462
14 20 3 100 30080 2.027821213
0 16 3 100 1002411 2.027841934
0 6 3 100 7506 2.027860344
0 10 3 100 452961 2.027877962
2 15 3 100 931395 2.027891227
24 13 3 100 834451 2.027891381
22 9 3 100 7933694 2.027892845
21 23 3 100 38657 2.027909068
9 27 3 100 9396 2.027922310
27 23 3 100 45444 2.027928028
12 23 3 100 29909639 2.027934162
16 21 3 100 3751440 2.027987714
16 7 3 100 1206 2.028002078
20 15 3 100 53653 2.028003211
4 18 3 100 5235220 2.028014072
3 1 3 100 2884020 2.028018450
20 25 3 100 4661 2.028040592
1 21 3 100 695049 2.028047345
3 23 3 100 9011 2.028054912
25 9 3 100 459783 2.028088275
2 7 3 100 22509 2.028096195
22 8 3 100 24821 2.028141067
2 20 3 100 19404866 2.028149710
26 18 3 100 980 2.028156563
3 1 3 100 42763 2.028177479
16 30 3 100 1111654 2.028178319
11 15 3 100 23619 2.028186782
5 26 3 100 58138 2.028191977
0 8 3 100 7094651 2.028214615
15 30 3 100 50773 2.028236323
19 21 3 100 71997 2.028238751
30 19 3 100 62800 2.028263404
6 30 3 100 69624 2.028283221
20 9 3 100 44286 2.028297247
6 25 3 100 27378 2.028312045
12 4 3 100 910524 2.028315616
28 24 3 100 26930 2.028318769
22 18 3 100 5041564 2.028323370
19 22 3 100 10984 2.028343544
2 0 3 100 1383150 2.028362468
19 5 3 100 77800 2.028374490
2 23 3 100 120918 2.028409988
0 3 3 100 46443 2.028414648
17 30 3 100 26145 2.028418508
27 21 3 100 2599 2.028435504
26 21 3 100 22185 2.028460698
11 20 3 100 413741 2.028461903
22 29 3 100 19580 2.028481561
19 22 3 100 4242350 2.028507962
1 0 3 100 849369 2.028522352
27 19 3 100 908 2.028529535
9 18 3 100 23955 2.028567341
19 16 3 100 57540 2.028576837
7 11 3 100 404688 2.028594834
19 25 3 100 51614 2.028607234
9 13 3 100 21983 2.028657484
16 10 3 100 2631378 2.028667207
13 10 3 100 57984 2.028670990
7 20 3 100 38009 2.028675350
22 0 3 100 307045 2.028711515
20 17 3 100 6157 2.028731354
14 8 3 100 8706 2.028741943
13 24 3 100 3111 2.028747608
7 4 3 100 674657 2.028753326
12 21 3 100 2124266 2.028774099
20 7 3 100 26233 2.028779779
19 21 3 100 1505074 2.028798135
8 23 3 100 44029 2.028799595
21 9 3 100 32009 2.028830051
29 22 3 100 5787 2.028869334
11 6 3 100 891 2.028877432
8 31 3 100 172007 2.028881021
18 2 3 100 2903 2.028900883
15 30 3 100 5251955 2.028914425
19 27 3 100 78434 2.028942343
9 0 3 100 1377766 2.028961106
8 23 3 100 68243 2.028962314
1 4 3 100 7535 2.028962354
31 4 3 100 7991 2.028974610
29 5 3 100 4776677 2.028981415
3 19 3 100 10273 2.028982582
11 1 3 100 1775585 2.029003304
25 21 3 100 49861 2.029008796
26 20 3 100 403500 2.029018611
25 16 3 100 923036 2.029079605
20 0 3 100 26702 2.029100162
29 12 3 100 27465 2.029107895
13 22 3 100 7888734 2.029112029
22 3 3 100 27057 2.029115302
8 16 3 100 1655843 2.029152723
1 27 3 100 25881 2.029164643
9 8 3 100 1630491 2.029180992
13 5 3 100 23272 2.029182073
0 18 3 100 29668 2.029221014
0 10 3 100 355786 2.029235352
6 14 3 100 331428 2.029241649
0 12 3 100 29205 2.029305863
22 18 3 100 1690429 2.029315284
13 26 3 100 46546 2.029320644
4 25 3 100 28135 2.029323505
18 23 3 100 21743 2.029341842
17 4 3 100 333342 2.029355505
4 23 3 100 27839 2.029360151
0 1 3 100 53420 2.029370712
24 20 3 100 72525 2.029388700
5 24 3 100 8865302 2.029401965
7 30 3 100 27357 2.029428830
1 9 3 100 1680978 2.029468827
12 7 3 100 1627322 2.029479065
5 15 3 100 9607357 2.029556186
7 2 3 100 5954890 2.029573996
17 18 3 100 40479 2.029580925
17 8 3 100 8176474 2.029583471
4 11 3 100 903799 2.029590369
4 14 3 100 4186612 2.029600503
1 6 3 100 52738 2.029613453
17 27 3 100 7040 2.029636726
1 27 3 100 70762 2.029638085
28 0 3 100 3421513 2.029653833
7 22 3 100 37762 2.029696594
17 0 3 100 18145 2.029703609
9 20 3 100 1528 2.029717462
29 0 3 100 7897 2.029719325
28 8 3 100 1483660 2.029724814
0 25 3 100 970670 2.029799096
2 10 3 100 135181 2.029805974
1 8 3 100 1991988 2.029863387
