1154 
30 17 3 100 5628 2.000004751
9 29 3 100 13905 2.000019571
31 18 3 100 816671 2.000030021
8 28 3 100 9566420 2.000031420
11 27 3 100 25250452 2.000034417
22 25 3 100 56070 2.000037253
6 23 3 100 170017 2.000038598
9 29 3 100 9528440 2.000042551
17 28 3 100 339939 2.000042859
22 23 3 100 1175228 2.000048723
12 26 3 100 124242 2.000049617
31 18 3 100 1711537 2.000056368
8 22 3 100 141648 2.000056669
11 18 3 100 6535806 2.000058055
14 26 3 100 67420 2.000064867
4 18 3 100 738 2.000068163
27 18 3 100 197509 2.000068577
3 20 3 100 3950 2.000069834
29 18 3 100 57295 2.000072695
22 30 3 100 59242 2.000076209
19 25 3 100 7335838 2.000094536
0 26 3 100 122915 2.000105946
21 29 3 100 22618 2.000106681
4 24 3 100 39367 2.000107874
29 23 3 100 1044000 2.000110823
19 17 3 100 8063 2.000116246
13 29 3 100 481648 2.000116590
8 26 3 100 51823 2.000122555
23 26 3 100 429160 2.000124574
22 30 3 100 66651 2.000124803
6 30 3 100 6670 2.000125592
9 27 3 100 3653 2.000138519
16 25 3 100 12950 2.000143578
6 21 3 100 2576 2.000144260
27 31 3 100 4070247 2.000146363
7 17 3 100 3007158 2.000157361
18 22 3 100 1172831 2.000162991
5 29 3 100 566 2.000164490
29 30 3 100 2193 2.000166676
8 19 3 100 24857762 2.000181665
12 29 3 100 7271293 2.000191829
12 17 3 100 4791 2.000193083
22 23 3 100 1984576 2.000207705
4 28 3 100 50010 2.000208592
6 22 3 100 24379 2.000212941
29 19 3 100 32451 2.000216713
19 16 3 100 29062 2.000234151
30 28 3 100 56641 2.000237496
28 19 3 100 1740019 2.000238272
31 17 3 100 2338793 2.000239738
24 16 3 100 24192 2.000246293
26 31 3 100 67706 2.000249827
7 24 3 100 69312 2.000250676
7 23 3 100 53000 2.000253239
0 27 3 100 4778679 2.000258323
22 23 3 100 3293748 2.000260935
27 23 3 100 37709 2.000261443
21 16 3 100 27006 2.000265018
25 19 3 100 7112970 2.000271201
23 18 3 100 40786 2.000271675
25 27 3 100 4004 2.000273473
0 26 3 100 5370 2.000274840
20 25 3 100 1101 2.000276850
4 17 3 100 13940 2.000282060
5 20 3 100 53625 2.000285290
8 21 3 100 65574 2.000292692
12 22 3 100 113997 2.000294306
18 16 3 100 8164401 2.000296297
27 18 3 100 751 2.000306607
30 19 3 100 957194 2.000306946
8 21 3 100 9580 2.000310768
25 30 3 100 75512 2.000311418
23 20 3 100 6110748 2.000315070
5 24 3 100 5869762 2.000321275
31 25 3 100 28136 2.000322096
4 17 3 100 281275 2.000329405
24 26 3 100 79522 2.000339532
17 18 3 100 186958 2.000343844
6 21 3 100 4927384 2.000348224
15 26 3 100 2628658 2.000348760
6 17 3 100 7641 2.000353092
18 16 3 100 175470 2.000355142
13 17 3 100 5568403 2.000365515
11 19 3 100 8400 2.000370101
26 19 3 100 28882 2.000372633
25 31 3 100 38943 2.000380190
26 21 3 100 1878253 2.000380378
23 16 3 100 1661489 2.000383178
21 30 3 100 73508 2.000390911
27 16 3 100 661028 2.000410131
27 20 3 100 64211 2.000410403
2 22 3 100 24107 2.000421114
8 29 3 100 115358 2.000423998
25 26 3 100 24555205 2.000425469
23 17 3 100 266 2.000426572
8 30 3 100 21880 2.000429013
4 18 3 100 56022 2.000429696
24 28 3 100 1555688 2.000432923
15 22 3 100 9125 2.000433601
15 16 3 100 68124 2.000436097
27 16 3 100 5736 2.000436983
5 24 3 100 65355 2.000443670
31 21 3 100 2652981 2.000451726
19 26 3 100 5730 2.000456898
15 28 3 100 73074 2.000461030
8 18 3 100 1527511 2.000467807
18 30 3 100 1662778 2.000486022
16 20 3 100 500255 2.000486639
18 30 3 100 11263 2.000491324
10 25 3 100 18991 2.000494106
13 26 3 100 180282 2.000495273
28 16 3 100 13905 2.000498852
14 24 3 100 4986 2.000503224
18 19 3 100 66121 2.000518622
21 28 3 100 4318 2.000522390
18 31 3 100 470449 2.000530475
10 28 3 100 2876 2.000531237
23 29 3 100 4944883 2.000532281
10 19 3 100 169892 2.000534268
11 16 3 100 77614 2.000548045
23 16 3 100 5079033 2.000550797
8 22 3 100 5227095 2.000555946
1 19 3 100 184399 2.000559483
29 20 3 100 165475 2.000563770
27 24 3 100 1003381 2.000567653
18 21 3 100 4909584 2.000578633
25 21 3 100 31376 2.000580642
26 21 3 100 9049116 2.000584302
3 24 3 100 3846556 2.000587036
0 30 3 100 1774446 2.000587831
29 22 3 100 7631 2.000590652
27 19 3 100 8227755 2.000591798
26 23 3 100 2743 2.000593786
5 17 3 100 1531721 2.000597702
27 25 3 100 72453 2.000602726
0 16 3 100 17152 2.000607026
16 27 3 100 8621 2.000608219
29 21 3 100 24755 2.000608699
21 22 3 100 21066 2.000610452
26 16 3 100 610779 2.000611162
23 28 3 100 2692397 2.000616760
8 26 3 100 15465 2.000624821
27 17 3 100 4737170 2.000629262
29 21 3 100 2704512 2.000631619
16 18 3 100 78508 2.000635958
0 28 3 100 4330060 2.000637072
31 23 3 100 399392 2.000646432
2 23 3 100 40564 2.000651196
17 21 3 100 27422 2.000655448
2 22 3 100 22634176 2.000658463
10 16 3 100 301 2.000658797
22 21 3 100 97556 2.000663720
22 19 3 100 51248 2.000677568
19 24 3 100 4276912 2.000702274
6 30 3 100 8 2.000703954
6 25 3 100 44667 2.000706564
31 18 3 100 1505583 2.000714582
11 26 3 100 3826 2.000718813
5 28 3 100 37410 2.000722050
15 23 3 100 28639070 2.000729400
18 29 3 100 1834162 2.000733889
12 24 3 100 25654 2.000737417
24 25 3 100 9390 2.000739885
5 20 3 100 357954 2.000767001
9 25 3 100 18881 2.000767054
9 26 3 100 9193 2.000768009
14 18 3 100 8233368 2.000768121
18 24 3 100 32837 2.000768412
7 29 3 100 769079 2.000770645
4 24 3 100 25028715 2.000772861
31 29 3 100 1841262 2.000775512
6 27 3 100 31444 2.000778128
9 28 3 100 1676 2.000780869
13 20 3 100 1450255 2.000787165
0 23 3 100 4924814 2.000788941
31 18 3 100 4782974 2.000789005
31 17 3 100 8658 2.000805573
19 24 3 100 25821 2.000807415
17 24 3 100 79282 2.000813768
2 20 3 100 27773 2.000816828
1 23 3 100 21873 2.000817990
0 27 3 100 123883 2.000821638
26 20 3 100 50657 2.000826908
15 18 3 100 1965781 2.000829010
13 23 3 100 577208 2.000830285
21 17 3 100 75835 2.000837775
6 20 3 100 322188 2.000842918
1 29 3 100 38784 2.000854669
26 28 3 100 70876 2.000860484
10 30 3 100 25358 2.000874194
2 20 3 100 3576487 2.000875157
13 26 3 100 77504 2.000877283
22 29 3 100 18709324 2.000877712
6 29 3 100 150866 2.000881998
1 22 3 100 6605159 2.000886708
31 27 3 100 48339 2.000899093
6 22 3 100 375720 2.000914520
7 22 3 100 6921982 2.000925383
13 26 3 100 80552 2.000933376
15 22 3 100 17202 2.000935035
4 16 3 100 51361 2.000936749
30 25 3 100 3802527 2.000941484
1 28 3 100 27262 2.000945363
16 27 3 100 144734 2.000946185
18 20 3 100 148827 2.000946360
10 25 3 100 2801357 2.000952471
15 21 3 100 14527555 2.000956240
4 27 3 100 740021 2.000957395
13 31 3 100 1550 2.000966667
24 20 3 100 2659066 2.000971491
1 29 3 100 3533823 2.000974568
0 18 3 100 58625 2.000975243
10 21 3 100 1153772 2.000976079
22 29 3 100 33038 2.000981875
30 18 3 100 6580 2.000985446
23 16 3 100 13442 2.000986465
29 26 3 100 67130 2.000988711
14 31 3 100 53641 2.000989970
24 29 3 100 129646 2.000995516
18 31 3 100 7799551 2.000995616
27 26 3 100 314641 2.000998548
29 28 3 100 1059842 2.001000283
18 23 3 100 6340 2.001002378
0 28 3 100 1957214 2.001003433
23 26 3 100 4697882 2.001003810
4 22 3 100 8513 2.001008838
4 30 3 100 13195 2.001009435
0 25 3 100 31039 2.001020584
24 23 3 100 45623 2.001021881
8 22 3 100 3850 2.001026858
11 22 3 100 21734 2.001032400
22 26 3 100 40119 2.001035404
7 26 3 100 30508 2.001039824
6 28 3 100 42493 2.001044550
13 30 3 100 24158 2.001045096
23 30 3 100 55066 2.001045349
17 19 3 100 25603 2.001046701
21 23 3 100 4318 2.001048819
16 19 3 100 44850 2.001058379
8 22 3 100 46896 2.001059470
4 17 3 100 121013 2.001062388
15 23 3 100 2023 2.001064574
22 19 3 100 47265 2.001064948
0 20 3 100 40034 2.001067387
29 26 3 100 5852 2.001069026
11 31 3 100 28439 2.001072017
16 30 3 100 1114998 2.001072692
18 20 3 100 4447727 2.001076804
23 17 3 100 8941526 2.001084462
11 25 3 100 590187 2.001089449
21 31 3 100 2336947 2.001089836
1 31 3 100 9750159 2.001092084
30 24 3 100 7382059 2.001097833
9 22 3 100 1464777 2.001100641
23 21 3 100 28716 2.001107656
23 26 3 100 51330 2.001109520
19 18 3 100 23926 2.001117875
27 20 3 100 333 2.001121256
16 26 3 100 1895805 2.001127323
3 18 3 100 1268830 2.001132424
25 28 3 100 122115 2.001133107
21 18 3 100 1858 2.001133512
26 28 3 100 2872481 2.001138807
21 31 3 100 68836 2.001141041
20 27 3 100 317219 2.001158624
16 29 3 100 7873356 2.001161173
11 19 3 100 456945 2.001165563
27 28 3 100 47383 2.001169508
19 27 3 100 35087 2.001171352
12 18 3 100 1289797 2.001173452
1 17 3 100 24690 2.001179327
0 20 3 100 14225 2.001182738
31 28 3 100 79866 2.001187267
14 20 3 100 22043 2.001188001
21 28 3 100 4207196 2.001191026
14 24 3 100 23241 2.001192064
20 28 3 100 62766 2.001195461
3 29 3 100 2817555 2.001196732
3 28 3 100 1620306 2.001200247
7 21 3 100 1477359 2.001203024
8 16 3 100 79534 2.001204911
1 31 3 100 24102 2.001205721
27 16 3 100 76442 2.001212298
9 18 3 100 76914 2.001221049
25 21 3 100 23646 2.001240702
30 23 3 100 20595903 2.001242577
23 24 3 100 28425 2.001247452
15 22 3 100 23585 2.001255545
30 18 3 100 160780 2.001257087
1 24 3 100 11624 2.001259865
2 21 3 100 83185 2.001263988
19 18 3 100 43214 2.001267893
28 24 3 100 882916 2.001270364
8 23 3 100 38815 2.001278852
21 25 3 100 232837 2.001279445
30 20 3 100 60313 2.001280976
1 18 3 100 42587 2.001288278
5 29 3 100 27065 2.001292614
14 24 3 100 88248 2.001301292
13 21 3 100 6545843 2.001312667
4 29 3 100 23929 2.001316684
15 28 3 100 36604 2.001319768
20 19 3 100 67976 2.001320602
4 29 3 100 9445 2.001321767
31 26 3 100 36319 2.001324719
12 25 3 100 4805207 2.001329154
21 25 3 100 737254 2.001332252
5 29 3 100 41956 2.001336641
10 31 3 100 14899212 2.001337346
31 25 3 100 7620 2.001348256
18 30 3 100 38514 2.001351932
13 30 3 100 55463 2.001354276
22 23 3 100 69943 2.001361156
7 26 3 100 50500 2.001362956
3 27 3 100 3564793 2.001366899
19 30 3 100 19813 2.001369088
17 21 3 100 4509366 2.001371347
0 28 3 100 584183 2.001374194
0 18 3 100 20738 2.001376243
1 28 3 100 28166 2.001379328
0 20 3 100 13559 2.001394867
10 30 3 100 72257 2.001399298
27 28 3 100 4974 2.001404973
23 26 3 100 27432 2.001409197
16 17 3 100 9648086 2.001411346
5 16 3 100 83584 2.001417431
17 27 3 100 1933 2.001419906
29 25 3 100 15610 2.001429334
28 18 3 100 2998957 2.001431936
17 25 3 100 5577 2.001435358
2 24 3 100 12430068 2.001443803
25 29 3 100 9684152 2.001446632
4 28 3 100 4963 2.001455490
13 31 3 100 171163 2.001463342
12 18 3 100 69119 2.001463540
1 28 3 100 33295 2.001463555
27 16 3 100 64497 2.001466931
27 20 3 100 5906680 2.001467188
10 24 3 100 56218 2.001469465
18 16 3 100 3594038 2.001469604
21 20 3 100 1506 2.001477265
22 28 3 100 2522619 2.001480312
2 26 3 100 15848 2.001484495
28 23 3 100 174002 2.001489777
13 23 3 100 14017 2.001490569
1 19 3 100 1129715 2.001494859
25 29 3 100 16877 2.001499878
17 24 3 100 100567 2.001503047
11 31 3 100 6692244 2.001505178
2 29 3 100 26340 2.001507238
10 20 3 100 1476055 2.001510490
24 18 3 100 6631680 2.001512791
31 29 3 100 54293 2.001514066
16 22 3 100 4104 2.001522403
6 21 3 100 212409 2.001525226
17 20 3 100 6884 2.001525449
27 21 3 100 1091364 2.001530351
14 17 3 100 19033 2.001534631
4 17 3 100 9124295 2.001539245
11 28 3 100 2716488 2.001541625
17 23 3 100 4930832 2.001542055
5 18 3 100 154152 2.001542451
0 23 3 100 1126003 2.001542713
25 20 3 100 65697 2.001546063
19 29 3 100 18944 2.001550944
30 23 3 100 76853 2.001553263
6 19 3 100 35997 2.001558459
5 22 3 100 1431431 2.001558943
5 28 3 100 7922 2.001559829
9 28 3 100 1666327 2.001561389
26 17 3 100 21611 2.001563287
4 16 3 100 2515060 2.001569046
4 25 3 100 1767442 2.001574194
20 16 3 100 2026300 2.001576567
3 17 3 100 28032 2.001577172
9 29 3 100 9207829 2.001582425
7 24 3 100 58285 2.001593659
27 29 3 100 316540 2.001604442
31 27 3 100 3089 2.001608526
7 26 3 100 42320 2.001613421
5 23 3 100 46334 2.001614109
0 19 3 100 623523 2.001614658
21 29 3 100 1566048 2.001626460
11 26 3 100 21018 2.001626846
18 20 3 100 75171 2.001636692
3 18 3 100 4353208 2.001638101
23 20 3 100 56982 2.001638313
21 20 3 100 7035 2.001647336
26 21 3 100 67645 2.001649098
22 24 3 100 67222 2.001649508
16 29 3 100 6258371 2.001653410
30 16 3 100 31842 2.001653936
29 16 3 100 50587 2.001654121
16 17 3 100 3998604 2.001655405
21 20 3 100 622458 2.001675387
24 23 3 100 869305 2.001675965
27 16 3 100 867752 2.001690466
20 31 3 100 421963 2.001692127
20 18 3 100 3153047 2.001697629
22 24 3 100 67374 2.001701692
17 24 3 100 67126 2.001704221
22 16 3 100 29902 2.001718878
30 26 3 100 117285 2.001721048
30 21 3 100 3329775 2.001722720
30 22 3 100 7865 2.001730850
16 19 3 100 36389 2.001732944
21 27 3 100 8156 2.001743533
16 31 3 100 77522 2.001746380
16 29 3 100 22285 2.001747887
23 27 3 100 105185 2.001757533
24 25 3 100 5804352 2.001758962
26 24 3 100 6873 2.001762228
25 17 3 100 308447 2.001764250
18 16 3 100 3738637 2.001772072
28 19 3 100 1489639 2.001773331
26 29 3 100 24790 2.001779960
22 30 3 100 71188 2.001783084
16 19 3 100 8208842 2.001791866
25 24 3 100 37153 2.001791911
16 19 3 100 174545 2.001792548
23 16 3 100 1978245 2.001800594
23 24 3 100 6605 2.001816184
30 23 3 100 39087 2.001817762
31 27 3 100 674 2.001822269
16 23 3 100 363345 2.001822917
25 22 3 100 23238 2.001826191
16 25 3 100 72579 2.001833848
25 30 3 100 4535547 2.001836467
30 26 3 100 234458 2.001839350
25 19 3 100 310831 2.001855968
30 22 3 100 129478 2.001861150
28 26 3 100 26411 2.001861989
17 30 3 100 6353866 2.001867006
16 27 3 100 555179 2.001870769
16 22 3 100 2573 2.001873229
28 16 3 100 38691 2.001874856
16 21 3 100 22455 2.001878723
19 26 3 100 59264 2.001881492
25 20 3 100 293010 2.001894058
20 24 3 100 132543 2.001894772
25 16 3 100 42202 2.001894826
29 30 3 100 36084 2.001896218
19 22 3 100 74439 2.001902543
22 21 3 100 62205 2.001903875
29 25 3 100 6305297 2.001904018
20 18 3 100 104513 2.001908038
29 24 3 100 302440 2.001915434
16 20 3 100 21211 2.001918303
22 28 3 100 1124751 2.001920420
26 17 3 100 4894935 2.001921381
28 27 3 100 3829082 2.001925945
29 18 3 100 57002 2.001928572
16 20 3 100 7307 2.001929949
23 18 3 100 35381 2.001934518
16 23 3 100 16884 2.001940019
25 23 3 100 17201211 2.001945359
16 28 3 100 1836233 2.001951427
18 17 3 100 162421 2.001954167
20 16 3 100 24499 2.001955233
29 16 3 100 28335 2.001956931
25 24 3 100 102361 2.001966401
26 17 3 100 3387 2.001968280
28 21 3 100 9058 2.001970516
29 31 3 100 31611 2.001979618
21 30 3 100 9758 2.001988516
17 29 3 100 1539 2.001993824
23 25 3 100 14363 2.001998626
16 19 3 100 552633 2.002007357
29 18 3 100 96767 2.002011058
22 19 3 100 699159 2.002012276
16 23 3 100 5963 2.002013869
28 24 3 100 20192 2.002016942
16 19 3 100 12043 2.002017900
22 21 3 100 939106 2.002020931
25 16 3 100 74056 2.002035156
20 18 3 100 1844728 2.002041895
19 17 3 100 143061 2.002048007
30 31 3 100 3695 2.002048594
29 18 3 100 981973 2.002050801
29 31 3 100 1135128 2.002052950
27 19 3 100 962954 2.002053524
29 24 3 100 73721 2.002055349
16 27 3 100 657848 2.002063463
30 29 3 100 5347 2.002072409
20 19 3 100 2029879 2.002078780
26 18 3 100 16672318 2.002079328
16 29 3 100 425585 2.002092744
20 17 3 100 735418 2.002099638
25 31 3 100 26266 2.002101387
26 25 3 100 3843427 2.002104437
24 31 3 100 2497947 2.002108333
23 16 3 100 279368 2.002112773
19 26 3 100 3416282 2.002113264
23 26 3 100 4099397 2.002123093
27 17 3 100 38384 2.002132509
20 26 3 100 5864415 2.002139136
20 16 3 100 57910 2.002141842
29 25 3 100 62870 2.002145185
23 31 3 100 95129 2.002149518
24 29 3 100 3557739 2.002150784
22 20 3 100 372881 2.002151068
21 27 3 100 9630149 2.002158654
30 26 3 100 8264 2.002160843
16 26 3 100 750376 2.002161913
31 23 3 100 128778 2.002163532
22 31 3 100 78924 2.002163682
29 23 3 100 1347174 2.002170478
16 21 3 100 1122 2.002177939
19 17 3 100 130975 2.002180191
29 26 3 100 253 2.002183764
24 19 3 100 47821 2.002185352
25 22 3 100 3905 2.002187760
20 30 3 100 35917 2.002190587
21 16 3 100 4936193 2.002195245
30 17 3 100 24536 2.002197259
16 27 3 100 28966 2.002198620
16 26 3 100 20013 2.002212181
25 17 3 100 23509934 2.002220717
16 19 3 100 4339 2.002222709
16 31 3 100 7166 2.002223950
29 25 3 100 310629 2.002229463
30 20 3 100 10565 2.002230934
16 21 3 100 15357 2.002237075
26 18 3 100 86905 2.002241069
26 27 3 100 54258 2.002244339
24 18 3 100 17908 2.002246590
18 20 3 100 565 2.002264682
31 16 3 100 64606 2.002264695
16 23 3 100 611727 2.002268924
16 19 3 100 1256908 2.002273140
30 18 3 100 1205144 2.002273869
16 17 3 100 2786556 2.002277162
30 28 3 100 994298 2.002286526
31 29 3 100 78693 2.002295483
30 21 3 100 6070 2.002296463
30 16 3 100 328753 2.002296593
28 29 3 100 33363 2.002297266
21 26 3 100 9018 2.002298245
30 26 3 100 18310226 2.002299489
16 21 3 100 26842 2.002301501
30 19 3 100 7248313 2.002303310
16 27 3 100 25618401 2.002305740
21 22 3 100 131866 2.002317345
19 20 3 100 2532354 2.002327691
24 18 3 100 613450 2.002327716
27 21 3 100 37851 2.002329260
23 31 3 100 2368 2.002353264
21 29 3 100 32795 2.002358920
16 29 3 100 1418405 2.002359556
24 18 3 100 16927 2.002362360
26 21 3 100 1014474 2.002362585
31 27 3 100 283863 2.002363759
16 23 3 100 12184 2.002369016
26 25 3 100 27278 2.002371801
30 26 3 100 728309 2.002374586
29 17 3 100 222201 2.002374590
18 30 3 100 95284 2.002381961
22 18 3 100 5097143 2.002383583
23 21 3 100 635544 2.002405020
16 25 3 100 4443033 2.002409965
29 25 3 100 2961935 2.002421385
24 27 3 100 8744 2.002421454
30 26 3 100 98378 2.002424183
18 28 3 100 29156 2.002425419
29 24 3 100 51969 2.002439597
18 25 3 100 26905 2.002440003
30 25 3 100 7114 2.002443931
21 25 3 100 1677556 2.002451084
22 30 3 100 193910 2.002451368
25 22 3 100 67083 2.002451667
27 29 3 100 29010 2.002452414
29 28 3 100 26777 2.002454678
29 22 3 100 1012417 2.002456123
23 29 3 100 5266364 2.002461620
27 26 3 100 1535963 2.002464693
20 19 3 100 796491 2.002469815
16 21 3 100 29559 2.002473856
29 27 3 100 1244288 2.002490358
30 29 3 100 60698 2.002491197
20 26 3 100 272201 2.002492136
20 26 3 100 688996 2.002498762
16 19 3 100 114353 2.002506629
20 30 3 100 736364 2.002508187
24 18 3 100 14083 2.002512865
20 16 3 100 176272 2.002518337
29 24 3 100 79890 2.002519767
21 18 3 100 9734053 2.002522496
17 18 3 100 486644 2.002527152
20 24 3 100 33046 2.002527671
21 31 3 100 71132 2.002528189
31 27 3 100 4285017 2.002533268
25 22 3 100 58405 2.002537308
20 31 3 100 57516 2.002537360
28 24 3 100 1013777 2.002538351
30 26 3 100 5067713 2.002539770
17 16 3 100 3703119 2.002566504
30 28 3 100 72130 2.002566645
17 16 3 100 24438 2.002574150
26 20 3 100 45117 2.002575035
22 29 3 100 15723 2.002577902
29 18 3 100 55372 2.002583971
20 22 3 100 48367 2.002585697
24 23 3 100 106652 2.002587446
23 25 3 100 8893167 2.002598291
24 19 3 100 3015 2.002598584
30 21 3 100 161122 2.002599200
16 31 3 100 60477 2.002603270
16 23 3 100 44693 2.002609078
22 28 3 100 20176 2.002621593
30 29 3 100 406133 2.002632231
23 16 3 100 1322768 2.002636960
24 17 3 100 159678 2.002644769
21 16 3 100 188899 2.002646019
16 20 3 100 34644 2.002649771
31 28 3 100 8455573 2.002650085
22 27 3 100 375352 2.002650165
31 22 3 100 24937300 2.002672006
27 22 3 100 56086 2.002680828
24 26 3 100 9385674 2.002683747
16 30 3 100 46582 2.002694046
16 27 3 100 3503041 2.002694975
16 26 3 100 8625118 2.002700474
26 16 3 100 7478961 2.002700656
25 24 3 100 29425 2.002702430
24 26 3 100 79473 2.002720577
19 17 3 100 2802250 2.002722135
22 29 3 100 1847159 2.002728795
24 22 3 100 991167 2.002729975
16 29 3 100 1788828 2.002738964
27 25 3 100 2564 2.002740776
27 19 3 100 72051 2.002742339
20 26 3 100 26006 2.002747215
22 29 3 100 2479 2.002750342
29 18 3 100 8953072 2.002752000
27 30 3 100 39220 2.002759083
30 16 3 100 3290 2.002760982
29 17 3 100 629836 2.002768136
20 19 3 100 21805 2.002776887
29 16 3 100 1778130 2.002779206
30 25 3 100 21561 2.002781073
25 28 3 100 58280 2.002783915
29 22 3 100 3538084 2.002785203
24 17 3 100 764338 2.002785622
27 16 3 100 58435 2.002786037
26 30 3 100 21023 2.002793031
20 22 3 100 1872636 2.002794196
25 31 3 100 944 2.002796205
29 24 3 100 471902 2.002796907
30 29 3 100 651877 2.002804285
24 17 3 100 399881 2.002807275
20 29 3 100 128645 2.002809027
27 17 3 100 1939929 2.002815263
28 16 3 100 47544 2.002815810
24 25 3 100 1515805 2.002819219
26 27 3 100 1314663 2.002820105
26 28 3 100 1416800 2.002823020
24 17 3 100 60069 2.002824572
20 27 3 100 7911621 2.002825187
22 24 3 100 49326 2.002827326
18 24 3 100 29737 2.002829021
29 24 3 100 781081 2.002829296
16 23 3 100 1684212 2.002840537
26 27 3 100 2084475 2.002846193
25 21 3 100 6913996 2.002850320
20 16 3 100 1196994 2.002856814
30 28 3 100 5247 2.002862440
16 23 3 100 60295 2.002868267
25 21 3 100 3482 2.002870783
29 31 3 100 23606 2.002874377
23 24 3 100 155679 2.002882378
16 18 3 100 2550800 2.002884381
23 19 3 100 622040 2.002891384
29 25 3 100 3814689 2.002893169
31 30 3 100 4323270 2.002893332
16 23 3 100 1869534 2.002893365
20 24 3 100 71244 2.002893951
26 16 3 100 74749 2.002902992
16 24 3 100 5573 2.002903207
26 22 3 100 21173 2.002906272
26 30 3 100 14487334 2.002906535
30 23 3 100 8529 2.002910997
16 22 3 100 28121 2.002916979
26 22 3 100 988028 2.002928368
21 19 3 100 61511 2.002934873
29 23 3 100 22731 2.002936739
27 29 3 100 563367 2.002945027
29 16 3 100 37123 2.002945260
26 27 3 100 14653 2.002946463
30 24 3 100 2782595 2.002948292
29 16 3 100 18719 2.002949972
26 23 3 100 922372 2.002954378
30 26 3 100 4168 2.002955651
25 21 3 100 28687 2.002961031
25 26 3 100 57890 2.002965466
26 24 3 100 17043371 2.002970997
26 31 3 100 1701132 2.002975123
23 16 3 100 23129 2.002976814
26 24 3 100 36094 2.002984185
16 24 3 100 432865 2.002987191
20 27 3 100 243 2.002989663
20 27 3 100 23158 2.002993725
26 18 3 100 3636112 2.002996204
25 27 3 100 29235 2.003000021
23 26 3 100 1308198 2.003010564
25 16 3 100 358741 2.003013959
30 16 3 100 2985 2.003015745
25 24 3 100 34703 2.003023278
25 21 3 100 7907 2.003029001
24 25 3 100 52872 2.003029116
30 21 3 100 8239 2.003030850
17 22 3 100 2289091 2.003033937
22 18 3 100 42160 2.003035052
21 24 3 100 6562788 2.003037115
30 24 3 100 1959439 2.003043038
31 23 3 100 1488775 2.003046621
18 17 3 100 28306 2.003048238
25 28 3 100 8487040 2.003050146
29 21 3 100 2684897 2.003051502
16 23 3 100 1390 2.003056423
25 19 3 100 5009 2.003059992
20 23 3 100 2589912 2.003060279
29 21 3 100 173158 2.003077090
25 21 3 100 902011 2.003081651
24 19 3 100 11859281 2.003086446
26 30 3 100 28352 2.003088426
23 25 3 100 465722 2.003090372
23 26 3 100 15908 2.003095787
26 20 3 100 26939 2.003105218
20 31 3 100 504239 2.003108002
20 19 3 100 137002 2.003109811
22 16 3 100 1054660 2.003113769
16 18 3 100 34464 2.003121288
16 28 3 100 10577223 2.003121668
22 30 3 100 1746282 2.003123792
18 26 3 100 21108 2.003136462
21 31 3 100 1285 2.003140146
24 16 3 100 3684628 2.003149477
16 20 3 100 87825 2.003149764
31 24 3 100 229073 2.003158917
26 19 3 100 27728337 2.003165408
16 25 3 100 428686 2.003165704
29 30 3 100 2655 2.003172449
30 28 3 100 5862 2.003174803
25 18 3 100 656845 2.003180885
31 28 3 100 11801 2.003185591
25 19 3 100 52663 2.003187860
31 16 3 100 12986648 2.003196098
25 17 3 100 72629 2.003196535
31 27 3 100 15494 2.003202045
31 25 3 100 115 2.003202344
24 17 3 100 876302 2.003203608
23 20 3 100 20883 2.003213341
26 29 3 100 25598 2.003215662
22 21 3 100 1744413 2.003220754
22 20 3 100 38459 2.003223176
24 28 3 100 29753 2.003229850
29 20 3 100 56128 2.003231035
29 25 3 100 3682551 2.003232097
27 23 3 100 342833 2.003234524
28 18 3 100 20199 2.003240728
26 30 3 100 1959404 2.003241237
29 30 3 100 71066 2.003246117
25 27 3 100 24766 2.003254037
29 25 3 100 705777 2.003255033
16 17 3 100 772605 2.003257086
20 28 3 100 26569 2.003262217
21 25 3 100 284826 2.003271639
27 22 3 100 7563 2.003284859
30 28 3 100 8131 2.003287035
22 25 3 100 1843432 2.003291162
22 28 3 100 7607 2.003291552
20 21 3 100 8547 2.003296057
30 23 3 100 38434 2.003297509
30 29 3 100 9918548 2.003307240
20 23 3 100 6664369 2.003311694
16 25 3 100 5940 2.003315869
27 16 3 100 1116273 2.003331292
25 29 3 100 81479 2.003334289
26 31 3 100 45223 2.003334479
29 26 3 100 62171 2.003338556
24 30 3 100 4425 2.003346346
31 19 3 100 6297 2.003356472
29 23 3 100 9531 2.003357182
18 24 3 100 3722504 2.003360287
22 17 3 100 4291405 2.003369738
21 18 3 100 7976 2.003372275
19 16 3 100 189854 2.003376267
31 23 3 100 1962631 2.003381375
24 31 3 100 1496587 2.003389645
22 26 3 100 1954 2.003390554
23 25 3 100 5570 2.003393870
29 17 3 100 24328 2.003419937
30 22 3 100 8423 2.003424687
27 18 3 100 2123537 2.003425359
31 22 3 100 49437 2.003429128
29 16 3 100 157421 2.003437218
23 19 3 100 1711447 2.003437551
17 20 3 100 39609 2.003438844
16 27 3 100 285246 2.003442687
30 21 3 100 2552 2.003445478
20 21 3 100 744500 2.003446934
20 22 3 100 1967639 2.003460054
29 22 3 100 60689 2.003463587
22 26 3 100 3649647 2.003478038
25 31 3 100 26226 2.003487959
17 22 3 100 7450 2.003492691
25 30 3 100 2979572 2.003494597
16 19 3 100 729828 2.003496880
17 26 3 100 16990752 2.003498667
21 18 3 100 3552082 2.003501028
21 28 3 100 302080 2.003506329
21 25 3 100 59148 2.003509783
30 20 3 100 21396 2.003509798
30 19 3 100 1152198 2.003510969
19 27 3 100 92721 2.003515868
19 24 3 100 1773614 2.003515971
30 28 3 100 64133 2.003515971
29 17 3 100 4219 2.003521262
26 28 3 100 24454 2.003521652
26 29 3 100 1787763 2.003525074
20 19 3 100 4371650 2.003528078
26 28 3 100 152627 2.003540974
16 23 3 100 4230 2.003545533
21 19 3 100 4983462 2.003550136
23 20 3 100 46209 2.003552302
22 17 3 100 30115 2.003555552
29 24 3 100 48859 2.003568091
29 16 3 100 142342 2.003571719
22 21 3 100 39939 2.003575990
29 18 3 100 24216 2.003577949
26 18 3 100 7832056 2.003584157
16 18 3 100 36099 2.003587479
19 31 3 100 1462158 2.003593464
29 18 3 100 784 2.003594045
16 31 3 100 843200 2.003594895
24 27 3 100 1041788 2.003595122
16 19 3 100 898514 2.003595873
22 24 3 100 1180994 2.003601869
25 17 3 100 36747 2.003607589
28 22 3 100 28777438 2.003611191
30 20 3 100 9116333 2.003613817
22 17 3 100 42138 2.003616221
25 20 3 100 5541058 2.003617496
30 21 3 100 87861 2.003621053
29 21 3 100 4354421 2.003624061
20 21 3 100 9386 2.003626094
18 29 3 100 8279 2.003627433
23 25 3 100 24218 2.003629634
19 30 3 100 3179372 2.003630424
30 26 3 100 24059 2.003631700
17 20 3 100 9600286 2.003633543
25 16 3 100 65707 2.003643885
24 21 3 100 75424 2.003645579
30 27 3 100 3852252 2.003646086
25 23 3 100 544343 2.003647583
24 19 3 100 41342 2.003651364
27 16 3 100 39399 2.003662208
21 24 3 100 20743 2.003672591
16 18 3 100 4142 2.003682121
18 30 3 100 1788720 2.003683310
25 27 3 100 70400 2.003686538
24 17 3 100 8500510 2.003687128
22 27 3 100 29018 2.003688409
26 25 3 100 1770178 2.003691104
16 26 3 100 540977 2.003691378
16 17 3 100 43821 2.003693699
24 19 3 100 772351 2.003700116
23 20 3 100 5327719 2.003707345
26 25 3 100 81906 2.003720193
16 24 3 100 2741790 2.003723995
30 16 3 100 3118 2.003732584
30 31 3 100 60445 2.003733396
21 20 3 100 8978783 2.003738628
21 18 3 100 24418 2.003738967
21 19 3 100 51742 2.003741171
26 21 3 100 24351 2.003744386
26 29 3 100 266904 2.003744728
16 28 3 100 180496 2.003745991
23 26 3 100 674350 2.003750524
17 20 3 100 4873 2.003760484
22 17 3 100 21337 2.003763779
30 31 3 100 5411 2.003781839
23 16 3 100 4647217 2.003790307
25 31 3 100 1066 2.003799063
29 17 3 100 918279 2.003799518
30 16 3 100 77832 2.003802498
20 27 3 100 1772354 2.003805468
16 26 3 100 17687 2.003808285
22 23 3 100 27054 2.003812434
19 28 3 100 1050560 2.003813206
20 17 3 100 80506 2.003824469
22 27 3 100 1341861 2.003825205
30 16 3 100 148497 2.003828919
18 22 3 100 42688 2.003829174
22 21 3 100 27654897 2.003829914
16 20 3 100 40060 2.003830901
30 25 3 100 28957 2.003831245
26 16 3 100 832920 2.003839426
17 21 3 100 2272377 2.003839917
17 26 3 100 29859873 2.003842928
21 27 3 100 25561512 2.003850240
26 17 3 100 7715836 2.003855914
29 22 3 100 834187 2.003873924
25 23 3 100 1171636 2.003877735
18 21 3 100 1761705 2.003877978
25 23 3 100 11771 2.003878469
22 27 3 100 972992 2.003886409
16 22 3 100 112162 2.003889697
23 22 3 100 3135157 2.003894852
20 17 3 100 7735 2.003897404
20 18 3 100 1891128 2.003897758
23 26 3 100 36797 2.003898575
30 25 3 100 4708271 2.003902231
29 31 3 100 39619 2.003903109
24 30 3 100 40108 2.003904979
22 16 3 100 44082 2.003907875
24 21 3 100 1531559 2.003915825
31 30 3 100 34691 2.003916032
16 25 3 100 7328693 2.003927629
29 23 3 100 1423724 2.003929946
24 28 3 100 93032 2.003931824
18 30 3 100 9961444 2.003934124
27 28 3 100 1178473 2.003935476
26 22 3 100 23324 2.003937083
24 18 3 100 13214 2.003943020
30 16 3 100 4132228 2.003945644
16 31 3 100 590456 2.003946221
21 19 3 100 1272596 2.003953240
29 28 3 100 835114 2.003954864
19 26 3 100 1191888 2.003961099
22 26 3 100 1941769 2.003964767
31 24 3 100 7560709 2.003964925
30 22 3 100 2555205 2.003967561
19 26 3 100 517220 2.003969175
27 17 3 100 284 2.003982870
25 19 3 100 45899 2.003983147
21 24 3 100 67258 2.003992026
29 21 3 100 1843924 2.004003284
16 24 3 100 23096 2.004004794
27 31 3 100 1522605 2.004014445
18 31 3 100 678 2.004014570
29 25 3 100 3588006 2.004017592
26 16 3 100 19510046 2.004018789
28 29 3 100 4097 2.004024640
23 24 3 100 47640 2.004027513
16 22 3 100 2578588 2.004029432
24 20 3 100 125171 2.004029663
29 24 3 100 29729 2.004030676
29 23 3 100 3106977 2.004034001
25 26 3 100 905 2.004042348
29 26 3 100 57193 2.004045420
25 16 3 100 736445 2.004047650
26 20 3 100 384866 2.004051830
26 25 3 100 1940738 2.004057028
16 22 3 100 8266171 2.004057888
16 28 3 100 79646 2.004058211
29 28 3 100 41586 2.004061613
30 26 3 100 27549 2.004066790
26 18 3 100 1715839 2.004068436
26 23 3 100 73154 2.004078762
29 22 3 100 1324755 2.004079582
29 17 3 100 3349248 2.004080222
25 26 3 100 73154 2.004082016
23 27 3 100 8026 2.004083573
26 23 3 100 2270 2.004084508
30 25 3 100 52033 2.004088129
26 29 3 100 29042 2.004106257
16 25 3 100 3000 2.004108010
20 26 3 100 26716 2.004110348
18 28 3 100 1142495 2.004110730
17 20 3 100 867043 2.004111900
20 30 3 100 735251 2.004115855
26 22 3 100 22250 2.004116533
22 28 3 100 7407 2.004119017
16 22 3 100 2400125 2.004119638
16 28 3 100 780442 2.004119996
30 19 3 100 115726 2.004122981
20 31 3 100 20389 2.004127933
30 27 3 100 2817156 2.004128382
21 18 3 100 23955 2.004133885
25 20 3 100 9623 2.004140934
27 20 3 100 2726856 2.004146430
26 16 3 100 41816 2.004153242
25 22 3 100 1219815 2.004154533
16 18 3 100 917190 2.004157040
23 17 3 100 50094 2.004159201
18 22 3 100 8652653 2.004163001
29 24 3 100 206827 2.004163877
29 31 3 100 3715 2.004168555
30 17 3 100 8716009 2.004175042
23 24 3 100 1520536 2.004178391
30 25 3 100 28817 2.004179408
16 19 3 100 197546 2.004186549
30 22 3 100 1804403 2.004203264
23 30 3 100 232592 2.004213149
19 21 3 100 694228 2.004217062
26 29 3 100 120692 2.004227343
16 28 3 100 28479 2.004227350
23 24 3 100 17679 2.004240291
16 31 3 100 4055979 2.004242367
24 22 3 100 131676 2.004242882
16 21 3 100 21281248 2.004254368
26 18 3 100 13499 2.004256011
24 31 3 100 1852922 2.004258686
22 19 3 100 24671 2.004263671
27 19 3 100 29277 2.004266108
18 26 3 100 38060 2.004266957
25 23 3 100 28431 2.004267710
26 29 3 100 26500 2.004267896
24 19 3 100 70075 2.004269265
27 24 3 100 7260624 2.004273040
20 27 3 100 623798 2.004275024
22 20 3 100 791434 2.004283093
16 25 3 100 364117 2.004283913
29 18 3 100 1677208 2.004285698
20 21 3 100 29625 2.004286513
16 24 3 100 52968 2.004288779
24 25 3 100 971444 2.004295251
29 24 3 100 1234104 2.004300227
24 30 3 100 1949746 2.004311293
25 31 3 100 20778484 2.004315706
24 20 3 100 73606 2.004316679
29 30 3 100 1005278 2.004318164
16 21 3 100 6902171 2.004318667
24 26 3 100 1126396 2.004324660
20 27 3 100 920540 2.004325702
25 27 3 100 61718 2.004326279
29 24 3 100 6336 2.004327913
16 18 3 100 68362 2.004330085
24 31 3 100 60079 2.004331525
25 23 3 100 29979 2.004335037
31 29 3 100 1664813 2.004354099
25 17 3 100 18177 2.004354475
25 30 3 100 3954037 2.004357358
26 27 3 100 19740 2.004357405
29 19 3 100 31815 2.004364724
30 20 3 100 1703837 2.004370997
26 31 3 100 14541 2.004374043
30 27 3 100 63169 2.004374998
16 31 3 100 14941 2.004387638
20 16 3 100 3707283 2.004387654
23 30 3 100 18197881 2.004389769
20 31 3 100 61930 2.004392666
16 27 3 100 26324 2.004399512
26 27 3 100 9145609 2.004406696
18 22 3 100 1936790 2.004417300
31 23 3 100 37030 2.004427832
28 16 3 100 1114169 2.004429015
16 31 3 100 42329 2.004441543
21 25 3 100 3255 2.004450544
26 25 3 100 34885 2.004452337
17 16 3 100 27689 2.004454170
20 19 3 100 8733 2.004454835
24 23 3 100 198974 2.004470092
29 31 3 100 5412 2.004470853
16 18 3 100 365 2.004478155
20 27 3 100 75760 2.004483655
20 22 3 100 1236 2.004494338
26 20 3 100 1270922 2.004503091
16 19 3 100 20599 2.004506082
29 23 3 100 26273970 2.004507686
30 28 3 100 78362 2.004509711
17 24 3 100 12362 2.004514364
31 24 3 100 597848 2.004517525
30 25 3 100 40242 2.004519384
29 21 3 100 75250 2.004520098
25 28 3 100 1319508 2.004522465
25 20 3 100 11467 2.004524814
20 29 3 100 54806 2.004526004
25 26 3 100 1946726 2.004528722
31 23 3 100 23265 2.004546362
29 31 3 100 48386 2.004551072
20 16 3 100 6342 2.004552755
29 16 3 100 58474 2.004554571
20 23 3 100 44711 2.004560479
25 26 3 100 10604 2.004565005
29 19 3 100 2994581 2.004567695
29 21 3 100 6066692 2.004569234
16 17 3 100 50141 2.004576595
29 27 3 100 19521 2.004577158
25 27 3 100 992974 2.004584911
19 18 3 100 9633849 2.004586691
23 27 3 100 109816 2.004602910
22 23 3 100 591241 2.004611068
16 17 3 100 35002 2.004623470
23 20 3 100 369689 2.004632772
26 16 3 100 2053 2.004636008
19 30 3 100 19530675 2.004637137
30 27 3 100 33726 2.004642069
25 28 3 100 789165 2.004648011
29 19 3 100 26673 2.004648349
16 23 3 100 61705 2.004649679
16 21 3 100 1071164 2.004649731
26 21 3 100 11461 2.004651314
17 30 3 100 28286 2.004651682
29 28 3 100 1871358 2.004658286
19 26 3 100 71412 2.004662733
29 18 3 100 1599058 2.004664867
26 30 3 100 31524 2.004670645
28 20 3 100 28970 2.004671621
28 20 3 100 14299 2.004675197
16 20 3 100 37598 2.004684899
16 18 3 100 70445 2.004696418
26 29 3 100 55364 2.004696484
23 20 3 100 100782 2.004696866
30 17 3 100 7096054 2.004701354
24 20 3 100 148713 2.004704378
29 24 3 100 9845 2.004711760
25 20 3 100 69899 2.004720625
25 29 3 100 21741 2.004723374
22 31 3 100 42689 2.004733352
25 18 3 100 1505619 2.004734226
24 17 3 100 22971 2.004734452
19 30 3 100 35195 2.004735303
24 18 3 100 7661666 2.004741784
21 18 3 100 65704 2.004742876
16 31 3 100 635397 2.004753697
24 20 3 100 4833498 2.004770286
24 22 3 100 20517 2.004771328
21 29 3 100 6775 2.004779774
29 23 3 100 44758 2.004779803
16 19 3 100 2464161 2.004783307
25 20 3 100 53009 2.004787842
31 30 3 100 892052 2.004791070
30 22 3 100 27330 2.004795333
29 30 3 100 6309 2.004796117
17 19 3 100 37017 2.004797311
24 23 3 100 965780 2.004799343
21 20 3 100 2480908 2.004804719
30 16 3 100 1204846 2.004806153
22 26 3 100 16731 2.004807129
26 28 3 100 57192 2.004820099
29 23 3 100 23672 2.004821189
30 19 3 100 926369 2.004845136
30 19 3 100 699514 2.004851423
23 20 3 100 4452117 2.004854370
16 22 3 100 69751 2.004856627
19 30 3 100 32242 2.004858991
24 26 3 100 4855182 2.004859994
26 18 3 100 4605 2.004862112
16 31 3 100 1926987 2.004871120
19 25 3 100 78854 2.004880074
26 27 3 100 14868 2.004888236
29 28 3 100 8229 2.004895440
28 22 3 100 26288 2.004907663
16 19 3 100 4458 2.004908816
21 26 3 100 10976 2.004910080
31 24 3 100 35887 2.004914397
19 16 3 100 1585 2.004931743
21 30 3 100 7029455 2.004946966
28 21 3 100 2270432 2.004947559
21 26 3 100 13711 2.004955258
26 16 3 100 21143 2.004955287
30 23 3 100 53551 2.004978059
