0b000c01 0b000401 10000 100 61846 2000012674 13399 13505
0b000601 0b000801 10000 100 196944 2000014294 24612 24832
0b000b01 0b000801 10000 100 9921 2000040398 4915 4992
0b001b01 0b001f01 10000 100 4202 2000042944 8682 8675
0b000f01 0b000301 10000 100 9101 2000053841 9039 9086
0b001b01 0b001a01 10000 100 25696 2000092368 6386 6315
0b001001 0b001601 10000 100 27211 2000101197 10526 10604
0b000301 0b000a01 10000 100 18801 2000106120 11354 9897
0b000d01 0b000201 10000 100 172478 2000105089 22652 22782
0b001b01 0b001901 10000 100 20582 2000125531 6042 5887
0b000301 0b000f01 10000 100 26106 2000129862 10573 10512
0b001801 0b001e01 10000 100 43051 2000136032 19472 11933
0b001e01 0b001a01 10000 100 100430 2000140228 29112 16742
0b000b01 0b000801 10001 100 626318 2000139712 56078 56673
0b001e01 0b001901 10000 100 6504 2000193175 9816 8867
0b000b01 0b000e01 10000 100 10278 2000196208 23955 9184
0b000b01 0b000301 10000 100 41085 2000216235 11682 11768
0b000501 0b000801 10000 100 67926 2000233187 13903 14015
0b001801 0b001201 10000 100 39051 2000230004 18858 11597
0b001b01 0b001001 10000 100 20095 2000251550 10178 10008
0b001c01 0b001001 10000 100 682 2000260631 8265 8378
0b001201 0b001101 10000 100 1349860 2000172062 116290 117332
0b001901 0b001501 10000 100 24695 2000293624 11497 10391
0b000101 0b000001 10000 100 77304 2000315974 16673 10643
0b000d01 0b000a01 10000 100 9376 2000326960 9069 9108
0b001601 0b001201 10000 100 11022 2000309384 31096 9247
0b001401 0b001b01 10000 100 222829 2000296018 48723 27002
0b000201 0b000f01 10000 100 1002897 2000273033 96108 92403
0b001001 0b001b01 10000 100 72133 2000350244 22642 14370
0b001b01 0b001201 10000 100 61684 2000353674 22922 13492
0b001d01 0b001701 10000 100 78188 2000378405 18130 14878
0b001b01 0b001001 10001 100 25661 2000391607 18019 10472
0b001801 0b001c01 10000 100 2401 2000398167 12497 8523
0b000801 0b000a01 10000 100 22365 2000452338 6026 6037
0b001801 0b001501 10000 100 3829 2000439495 24667 8641
0b001201 0b001f01 10000 100 53703 2000432416 33034 12823
0b001c01 0b001801 10000 100 4081757 2000114808 356094 350535
0b001001 0b001401 10000 100 40102 2000485524 14447 11685
0b000e01 0b000801 10000 100 332519 2000435710 65053 36200
0b000b01 0b000a01 10000 100 137271 2000509918 15564 15671
0b001f01 0b001b01 10000 100 16336 2000489903 43583 9692
0b001601 0b001a01 10000 100 382862 2000478677 63467 40419
0b001301 0b001f01 10000 100 2484428 2000178440 367965 216616
0b001801 0b001f01 10000 100 835824 2000367112 182408 78396
0b000a01 0b000701 10000 100 513 2000539610 14635 8364
0b001901 0b001d01 10000 100 18640 2000515006 39845 9884
0b001401 0b001301 10000 100 759976 2000491071 75017 72036
0b001e01 0b001b01 10001 100 24663 2000563045 14925 10389
0b001401 0b001601 10000 100 60865 2000568305 10311 9263
0b001201 0b001801 10000 100 820865 2000500789 82447 77141
0b001301 0b001901 10000 100 9795 2000582569 12417 9142
0b001201 0b001701 10000 100 55146 2000590117 19456 12946
0b000701 0b000501 10000 100 5808 2000616609 5559 4647
0b001d01 0b001b01 10000 100 39976 2000631174 12927 11671
0b000e01 0b000a01 10000 100 29711 2000588166 67173 10812
0b001e01 0b001501 10000 100 26523 2000657073 21772 10545
0b001b01 0b001401 10000 100 3863537 2000256194 422939 332240
0b000401 0b000e01 10001 100 6542 2000680743 10295 8870
0b000401 0b000101 10000 100 124830 2000678122 39285 18786
0b001e01 0b001101 10001 100 69745 2000697412 31292 14168
0b000d01 0b000101 10000 100 66530 2000674585 57906 13899
0b000701 0b000101 10000 100 53218 2000703110 30713 12784
0b000901 0b000b01 10000 100 28809 2000729440 7288 6576
0b000401 0b000801 10000 100 1079681 2000620925 148637 98841
0b001001 0b001101 10000 100 48805 2000759237 17256 8252
0b000301 0b000101 10000 100 47318 2000819641 11996 8129
0b001a01 0b001f01 10000 100 762235 2000738026 143437 72228
0b001401 0b001101 10000 100 77677 2000830324 65424 14833
0b000901 0b000101 10000 100 1271915 2000787325 119060 114957
0b001901 0b001701 10000 100 1834555 2000726535 214641 162130
0b001f01 0b001a01 10000 100 5089 2000932537 9105 8750
0b000e01 0b000201 10000 100 4916 2000932601 9438 8732
0b001501 0b001701 10000 100 1723850 2000489555 487728 148688
0b000001 0b000101 10000 100 109924 2000951010 27701 13376
0b001001 0b001601 10001 100 119020 2000861691 121952 18302
0b000001 0b000301 10000 100 22215 2000993903 7007 6025
0b001501 0b001201 10000 100 65687 2000898568 113132 13828
0b000801 0b000101 10000 100 33482 2001004346 11736 11129
0b000e01 0b000d01 10000 100 9541 2001018114 6483 4961
0b000401 0b000901 10000 100 127328 2000967328 67572 18997
0b000301 0b001601 10000 100 3638 2000024711 1012669 1012671
0b000401 0b000b01 10000 100 941753 2000905776 148850 87277
0b001b01 0b001f01 10001 100 61755 2001005763 52036 13498
0b000801 0b001b01 10000 100 36421 2000046026 1020551 1015420
0b000301 0b000b01 10000 100 46426 2001008425 59123 12214
0b000201 0b001c01 10000 100 3630 2000066540 1012615 1012670
0b001201 0b000901 10000 100 21825 2000006792 1079939 1014195
0b000201 0b001b01 10000 100 26392 2000070120 1019990 1014580
0b000001 0b000701 10000 100 486053 2001013788 78918 49074
0b001501 0b000101 10000 100 23945 2000081343 1014493 1014372
0b000501 0b001101 10000 100 105197 2000074664 1029793 1021187
0b001d01 0b001101 10000 100 140453 2001077947 42882 20097
0b001d01 0b001601 10000 100 96543 2001095579 27925 16415
0b001001 0b001d01 10000 100 25484 2000976340 147594 10458
0b001e01 0b000e01 10000 100 11421 2000093811 1032299 1013324
0b000001 0b001d01 10000 100 5981 2000116431 1015493 1012866
0b001701 0b000e01 10000 100 66073 2000105875 1028820 1017908
0b001901 0b000001 10000 100 349421 2000042152 1099316 1041662
0b000401 0b001501 10000 100 16953 2000124978 1017089 1013786
0b000001 0b001d01 10001 100 71798 2000117991 1026090 1018385
0b001b01 0b001701 10000 100 1419208 2000989444 159918 127309
0b001801 0b001301 10000 100 29179 2001083119 72537 10769
0b001d01 0b000c01 10000 100 3286 2000147414 1012943 1012643
0b000d01 0b000301 10000 100 4801 2001155504 10451 8723
0b000301 0b000501 10000 100 383441 2001127993 42784 40469
0b001e01 0b000201 10000 100 20354 2000134415 1046087 1014073
0b000601 0b000801 10001 100 27026 2001173654 10655 10589
0b000301 0b000f01 10001 100 32517 2001170597 20226 11048
0b001e01 0b000f01 10000 100 8485 2000170558 1026993 1013078
0b000c01 0b000701 10000 100 59335 2001185556 23313 13297
0b001301 0b000d01 10000 100 60287 2000183905 1027285 1017422
0b000801 0b000a01 10001 100 721199 2001025897 185396 64628
0b001701 0b000601 10000 100 66901 2000169243 1045085 1017974
0b000101 0b001801 10000 100 6213 2000203425 1014042 1012888
0b000c01 0b001b01 10000 100 56452 2000214505 1018355 1017100
0b000a01 0b000601 10000 100 31074 2000990929 242607 10928
0b001a01 0b001b01 10000 100 419245 2001151843 82465 39312
0b000601 0b001001 10000 100 119396 2000194199 1043507 1022377
0b000101 0b000f01 10000 100 184326 2001143238 122503 23776
0b001401 0b001c01 10000 100 52889 2001231243 41924 12754
0b000401 0b001601 10000 100 10001 2000259783 1016040 1013207
0b001601 0b000301 10000 100 16450 2000275514 1021302 1013746
0b001901 0b000f01 10000 100 2073339 2000081837 1217975 1186196
0b001e01 0b001f01 10000 100 18328 2001301161 20458 5699
0b001101 0b000401 10000 100 67172 2000310306 1018053 1017999
0b001d01 0b000401 10000 100 3765 2000319581 1012657 1012681
0b000b01 0b000901 10000 100 59034 2001334941 9114 9113
0b000d01 0b000b01 10000 100 16614 2001314668 39601 9714
0b000001 0b001b01 10000 100 8784 2000314765 1040228 1013102
0b000e01 0b001a01 10000 100 3508 2000273550 1084042 1012661
0b000f01 0b000c01 10000 100 24858 2001360792 8576 6244
0b001801 0b000201 10000 100 1379654 2000135220 1244362 1128036
0b000701 0b000a01 10000 100 7390 2001294478 88413 8941
0b001301 0b000201 10000 100 45163 2000359415 1023926 1016154
0b000001 0b001e01 10000 100 228956 2000322184 1061523 1031560
0b000a01 0b000701 10001 100 7794 2001329020 60779 8974
0b001001 0b000d01 10000 100 562807 2000321812 1068284 1059551
0b001f01 0b000401 10000 100 30708 2000371707 1020614 1014940
0b001701 0b000e01 10001 100 117836 2000339842 1068313 1022245
0b001501 0b000d01 10000 100 146182 2000376095 1036571 1024624
0b001801 0b000c01 10000 100 20516 2000395743 1017847 1014086
0b001901 0b001b01 10000 100 14327 2001407429 7074 5363
0b001901 0b000201 10000 100 216925 2000370617 1045171 1030552
0b001d01 0b000301 10000 100 14971 2000409601 1014400 1013620
0b000001 0b001901 10000 100 63026 2000366763 1058864 1017652
0b000501 0b000201 10000 100 24168 2001334297 96366 10349
0b000901 0b000501 10001 100 39954 2001367650 63536 11669
0b000401 0b001a01 10000 100 1154547 2000316671 1121931 1109163
0b000b01 0b000101 10000 100 33899 2001410846 35734 11162
0b001a01 0b001501 10002 100 52479 2001419793 26947 12721
0b001c01 0b001e01 10000 100 1232207 2001220487 240857 107471
0b000601 0b000301 10000 100 10557 2001433259 31633 9206
0b000901 0b001f01 10000 100 2675 2000458628 1016513 1012590
0b001301 0b000101 10000 100 52888 2000430693 1053317 1016799
0b001101 0b001a01 10000 100 21312 2001473171 11136 10109
0b001a01 0b000001 10000 100 4037 2000459964 1025360 1012707
0b000201 0b000301 10000 100 47916 2001477829 12524 8177
0b001401 0b000e01 10000 100 2704 2000381056 1112633 1012592
0b001701 0b000a01 10000 100 47578 2000410165 1091250 1016355
0b000701 0b000d01 10000 100 75273 2001464643 40391 14633
0b000f01 0b000601 10000 100 4687 2001498460 9317 8714
0b000201 0b000601 10000 100 558786 2001404813 117600 55169
0b000701 0b000801 10000 100 140817 2001466064 58386 20126
0b000201 0b000501 10000 100 695348 2001460291 73340 66620
0b000001 0b000f01 10000 100 191353 2001394318 143737 24365
0b001b01 0b000901 10000 100 599491 2000404969 1134823 1062628
0b001e01 0b001701 10001 100 9095 2001492470 50380 9086
0b000201 0b001b01 10001 100 179318 2000445602 1098508 1027401
0b000d01 0b000e01 10000 100 519050 2001391148 157582 47680
0b001901 0b000c01 10000 100 78040 2000524218 1029171 1018911
0b001701 0b000d01 10000 100 674 2000519192 1037848 1012422
0b000001 0b001801 10000 100 8039 2000419544 1137533 1013042
0b000f01 0b000e01 10000 100 163254 2001486345 77423 17850
0b000101 0b001701 10000 100 430267 2000399862 1165712 1048441
0b001401 0b001a01 10000 100 18062 2001487178 79631 9837
0b001901 0b001801 10000 100 63074 2001556644 15378 9451
0b000101 0b001e01 10000 100 129437 2000472977 1104499 1023219
0b001201 0b001a01 10000 100 9958 2001566368 12273 9155
0b000101 0b001601 10000 100 4679 2000452794 1130774 1012758
0b000601 0b000101 10000 100 603127 2001356798 226865 58889
0b001901 0b001701 10001 100 79342 2001538109 52509 14974
0b000301 0b000701 10000 100 1747273 2000416957 1182915 154814
0b001001 0b000401 10000 100 186176 2000509103 1091107 1027977
0b000401 0b001a01 10001 100 27683 2000582947 1019011 1014687
0b001801 0b001701 10000 100 2762285 2000175838 1427371 239912
0b001901 0b000201 10001 100 35564 2000578963 1025209 1015348
0b001f01 0b001b01 10001 100 15460 2001587038 30329 9618
0b001401 0b001c01 10001 100 1948574 2001306544 317876 171690
0b000501 0b000901 10000 100 6164 2001603686 32405 8840
0b000801 0b001e01 10000 100 52890 2000615969 1022621 1016799
0b000201 0b000601 10001 100 13526 2001621726 22404 9455
0b001e01 0b001701 10000 100 838077 2001458233 186978 78587
0b000d01 0b000801 10000 100 50811 2001583629 63353 12580
0b000401 0b000601 10000 100 41725 2001644483 9314 7659
0b000c01 0b001101 10000 100 405414 2000456520 1197460 1046357
0b001b01 0b001501 10000 100 21462 2001645579 12347 10121
0b000d01 0b001501 10000 100 7340 2000637751 1022205 1012982
0b000801 0b000901 10000 100 2192 2001662131 4358 4346
0b001801 0b000d01 10000 100 543985 2000573983 1093423 1057972
0b000601 0b001301 10000 100 712789 2000490269 1182282 1072126
0b000a01 0b000001 10000 100 62740 2001347115 334947 13581
0b000e01 0b000d01 10001 100 62731 2001662727 19899 9420
0b001f01 0b000301 10000 100 26744 2000671585 1015783 1014608
0b000801 0b001b01 10001 100 71491 2000665441 1030995 1018360
0b001601 0b001801 10000 100 406994 2001638059 59166 42442
0b000801 0b000701 10000 100 72701 2001688837 17849 14416
0b001401 0b001e01 10000 100 32395 2001692851 27105 11038
0b001a01 0b001901 10000 100 65176 2001707587 16006 9627
0b000101 0b001e01 10001 100 4250 2000659945 1064494 1012724
0b000101 0b000601 10000 100 40538 2001505322 221461 11720
0b001f01 0b001a01 10001 100 77809 2001694044 34841 14844
0b000801 0b000201 10000 100 14023 2001722643 11292 9499
0b001801 0b001901 10000 100 2611785 2001056129 684023 223132
0b001601 0b001201 10001 100 313 2001728148 15918 8348
0b001b01 0b000601 10000 100 73658 2000677132 1068175 1018541
0b001401 0b001b01 10001 100 9880 2001737875 10267 9148
0b001401 0b001901 10000 100 154140 2001686048 62794 21246
0b001a01 0b001501 10000 100 3872904 2000594142 1155553 333024
0b000901 0b000501 10000 100 1461708 2000592877 1163368 130870
0b000c01 0b000501 10000 100 20113 2001600272 159386 10009
0b000701 0b000501 10002 100 23504 2001742429 20617 6132
0b001d01 0b001301 10000 100 38529 2001748506 15514 11552
0b001b01 0b001701 10001 100 38293 2001751596 14977 11533
0b001001 0b001f01 10000 100 133846 2001698032 74795 19542
0b001801 0b000f01 10000 100 722318 2000615712 1159031 1072926
0b000f01 0b001b01 10000 100 60911 2000742106 1042308 1017472
0b000c01 0b001401 10000 100 3719 2000651804 1138206 1012677
0b000301 0b000c01 10000 100 28469 2001653357 137897 10708
0b001301 0b001101 10000 100 65431 2001698875 96388 9647
0b000001 0b000201 10000 100 1719223 2000663358 1132110 148302
0b000701 0b000a01 10001 100 5471 2001635638 180260 8780
0b001f01 0b000c01 10000 100 27725 2000757650 1065025 1014690
0b001901 0b001e01 10000 100 409253 2001694851 134017 42634
0b001e01 0b001001 10000 100 15868 2001784248 46938 9650
0b000c01 0b001801 10000 100 32554 2000690891 1142952 1015096
0b001f01 0b000101 10000 100 7438 2000809094 1027783 1012990
0b001101 0b001701 10000 100 5373 2001674606 165900 8772
0b000801 0b000101 10001 100 4193 2001775362 70366 8674
0b000901 0b000301 10000 100 44332 2001829155 17705 12039
0b000101 0b000e01 10000 100 1665632 2000421708 1427936 147968
0b001801 0b001e01 10001 100 24545 2001804860 46934 10379
0b000501 0b000601 10000 100 36194 2001840587 12944 7197
0b001a01 0b001901 10001 100 5538 2001849867 4722 4626
0b001501 0b001901 10001 100 810188 2001364367 492992 76249
0b001301 0b000c01 10000 100 43900 2000677279 1182346 1016045
0b000301 0b000001 10001 100 833394 2001760523 104456 74034
0b000101 0b000001 10002 100 22755 2001794708 70885 6068
0b001401 0b001f01 10000 100 15367 2001839869 32216 9610
0b001e01 0b001c01 10000 100 1750677 2001595876 280918 150938
0b000601 0b000001 10001 100 44946 2001830549 48542 12088
0b000501 0b000701 10000 100 27944 2001872361 7544 6503
0b001601 0b001001 10000 100 57372 2001857992 34733 13132
0b000601 0b000a01 10000 100 68410 2001657461 237199 14057
0b000201 0b000001 10000 100 33000 2001875595 19127 6926
0b000201 0b001201 10000 100 9429 2000873454 1023995 1013157
0b000301 0b001a01 10000 100 22892 2000733242 1165269 1014284
0b000001 0b001401 10000 100 315096 2000585473 1316195 1038786
0b001001 0b001601 10002 100 979306 2001783791 123075 90427
0b001e01 0b000001 10000 100 3279176 2000161588 1746854 1287294
0b000201 0b000e01 10001 100 71421 2001820359 104480 14310
0b001701 0b001301 10000 100 69144 2001908640 17634 14120
0b001901 0b001e01 10001 100 41483 2001909346 17615 11799
0b000001 0b001f01 10000 100 1105569 2000833581 1112280 1105057
0b000601 0b000201 10000 100 78264 2001852960 102537 14884
0b000a01 0b000001 10001 100 233532 2001599816 356328 27901
0b001901 0b000b01 10001 100 24628 2000942407 1017214 1014431
0b000601 0b001901 10000 100 141293 2000899700 1065786 1024213
0b000701 0b000601 10000 100 1905392 2001773583 196043 163910
0b001601 0b001201 10002 100 66444 2001940267 31228 13892
0b000001 0b000601 10000 100 111281 2001924051 56116 17652
0b001401 0b001b01 10002 100 116081 2001932909 47449 18055
0b001301 0b000101 10001 100 2540497 2000598119 1383626 1225362
0b001401 0b001a01 10001 100 3689 2001961237 23287 8630
0b001f01 0b001501 10001 100 198812 2001838966 149220 24989
0b000a01 0b000801 10000 100 35458 2001773415 226682 7134
0b000401 0b000d01 10000 100 3590 2001913062 87524 8622
0b001f01 0b001b01 10003 100 42459 2001968279 33889 11881
0b001301 0b001201 10000 100 1028889 2001906541 97928 90422
0b000b01 0b000a01 10001 100 872075 2001613276 391408 77278
0b001401 0b000701 10000 100 145971 2000955642 1054947 1024603
0b000201 0b000c01 10000 100 32500 2001663506 351375 11046
0b000b01 0b000d01 10000 100 15688 2001904632 118407 9636
0b001101 0b001301 10000 100 42340 2001848471 183107 7712
0b000801 0b001101 10000 100 14919 2000995635 1036247 1013616
0b001901 0b000f01 10001 100 17511 2001002514 1032449 1013835
0b000101 0b000e01 10001 100 9191 2001938425 99658 9093
0b000601 0b000d01 10000 100 13959 2001964479 74627 9490
0b000c01 0b000701 10001 100 16784 2001759752 280026 9728
0b000c01 0b000b01 10000 100 52574 2001817473 224108 12729
0b001301 0b001a01 10000 100 74169 2002042551 16281 14541
0b000101 0b000001 10001 100 1490234 2000834241 1238990 129104
0b000701 0b000f01 10000 100 25323 2001914682 166073 10445
0b001f01 0b000a01 10000 100 23921 2000955106 1135058 1014370
0b000601 0b001901 10001 100 28000 2001070420 1019833 1014712
0b001f01 0b000601 10000 100 70501 2001063235 1029882 1018277
0b001801 0b001301 10002 100 16555 2001997326 99614 9709
0b001701 0b000001 10000 100 47998 2000882933 1215177 1016389
0b001001 0b000501 10000 100 2969 2000835455 1264278 1012614
0b000c01 0b001b01 10001 100 29195 2001070646 1036248 1014815
0b000301 0b001d01 10000 100 19988 2001093480 1016578 1014040
0b000701 0b000601 10001 100 6568 2002116479 4856 4712
0b000401 0b000b01 10001 100 386777 2001768229 353415 40748
0b000801 0b000e01 10000 100 30441 2001960387 163943 10874
0b001b01 0b001a01 10001 100 5582 2002121455 7377 4629
0b001101 0b000a01 10000 100 68712 2000860577 1270111 1018126
0b001201 0b001001 10000 100 71729 2002121664 26484 10174
0b001801 0b001301 10001 100 610 2001860922 288311 8372
0b001001 0b000c01 10000 100 463394 2000947775 1205921 1051218
0b001e01 0b001701 10002 100 1944657 2001550178 606557 171361
0b000b01 0b001401 10000 100 73688 2000999178 1164699 1018544
0b000d01 0b000b01 10001 100 56335 2002056867 107865 13045
0b001701 0b000d01 10001 100 3227 2001142788 1026858 1012638
0b001301 0b001001 10000 100 7328 2002165837 4975 4776
0b000b01 0b001101 10000 100 72026 2001088471 1083997 1018407
0b000b01 0b001901 10000 100 72720 2001097332 1075761 1018462
0b001801 0b000001 10000 100 26891 2000994718 1180165 1014619
0b001901 0b000b01 10000 100 1188628 2000555385 1624081 1112021
0b001801 0b000f01 10001 100 6021 2001102621 1079269 1012873
0b000401 0b001401 10000 100 310252 2000878365 1306026 1038379
0b000b01 0b000301 10001 100 31678 2002100163 85346 10977
0b001101 0b001c01 10000 100 39806 2001950857 247553 11658
0b001a01 0b001701 10000 100 13402 2002191138 18389 9445
0b001801 0b001b01 10000 100 693 2002143529 70041 4219
0b001601 0b000e01 10000 100 2954 2000991635 1224271 1012612
0b001d01 0b001101 10001 100 321426 2001945815 272753 35270
0b000601 0b000f01 10000 100 1775744 2000506190 1717790 157199
0b001701 0b001c01 10000 100 50811 2002162592 66579 12580
0b001301 0b001901 10001 100 4180 2002124993 104522 8673
0b001f01 0b001b01 10004 100 65877 2002214057 17763 13843
0b001f01 0b001b01 10002 100 1752290 2001597230 635991 155234
0b000901 0b000601 10000 100 660132 2002120435 116019 63668
0b001a01 0b001001 10000 100 60070 2002153525 83551 13359
0b000301 0b001001 10001 100 25916 2001008056 1229052 1014538
0b000b01 0b000701 10000 100 69852 2002191637 52430 14176
0b000501 0b000f01 10000 100 34448 2002019078 226381 11210
0b001501 0b001d01 10001 100 79102 2002149351 99325 14955
0b001201 0b001d01 10000 100 77442 2002205659 44094 14814
0b001901 0b001301 10000 100 3089403 2000981338 1270296 267337
0b001c01 0b001701 10000 100 543264 2002127623 125957 53870
0b000a01 0b000301 10001 100 886881 2001710209 549542 82676
0b001001 0b001401 10001 100 1061066 2002021022 245674 97283
0b000901 0b000c01 10000 100 53498 2002251794 27204 12807
0b001101 0b000701 10000 100 135454 2001022665 1257127 1023723
0b001601 0b000101 10000 100 199773 2001139112 1143793 1029114
0b000a01 0b000801 10001 100 38924 2002113957 173341 7423
0b001101 0b000101 10000 100 80444 2000960391 1332644 1019111
0b001101 0b001a01 10001 100 9522 2002033262 260623 9120
0b001401 0b001e01 10001 100 891848 2002195175 99039 83093
0b001101 0b001801 10000 100 46513 2001842850 463793 12221
0b000501 0b001301 10000 100 39329 2001132037 1177670 1015664
0b000901 0b000801 10001 100 2532 2002262498 48032 4374
0b000401 0b001801 10000 100 591660 2000925006 1386708 1061971
0b000601 0b000301 10001 100 21327 2001910887 405667 10110
0b000d01 0b000501 10000 100 7553 2002311354 9297 8954
0b001a01 0b001c01 10000 100 27009 2002259287 64426 10588
0b000f01 0b000301 10001 100 1768565 2001823869 502566 156598
0b000e01 0b000901 10000 100 30777 2002303513 34467 10901
0b001001 0b000501 10001 100 2331 2001327805 1012641 1012563
0b001b01 0b001601 10000 100 44228 2002146514 195161 12031
0b000801 0b000901 10002 100 76950 2002293070 64784 10611
0b000401 0b001701 10000 100 74306 2001100168 1275767 1018597
0b000601 0b000401 10000 100 72353 2002138690 239234 10228
0b001501 0b000801 10000 100 109625 2001205672 1176840 1021557
0b001601 0b001101 10000 100 14638 2002121901 268679 9548
0b000201 0b000f01 10001 100 65296 2002105917 289742 13797
0b001001 0b001e01 10000 100 260739 2002354997 40755 30181
0b000e01 0b000101 10000 100 845369 2002024221 371684 79198
0b000901 0b001601 10000 100 34687 2001374629 1024002 1015274
0b001201 0b001d01 10001 100 47443 2002375435 38251 12299
0b001501 0b001d01 10000 100 383667 2002030210 383565 40487
0b001b01 0b001c01 10000 100 70201 2002391631 26142 14208
0b000d01 0b001f01 10000 100 1362902 2001180097 1239379 1126631
0b000a01 0b001f01 10000 100 68529 2001303620 1124402 1018112
0b000a01 0b000301 10002 100 21563 2002342867 85745 10129
0b000601 0b000501 10000 100 3675528 2001892086 541835 312318
0b000401 0b000b01 10002 100 67587 2002183499 252626 13988
0b000401 0b001f01 10000 100 24267 2001193806 1243371 1014402
0b000401 0b000801 10001 100 60602 2002179812 264311 13402
0b001f01 0b001701 10000 100 702530 2001367005 1081204 67221
0b001901 0b001801 10001 100 3573 2002438693 14165 4461
0b001501 0b001101 10001 100 61715 2002079264 381716 13495
0b000e01 0b000701 10000 100 26221 2002427012 34906 10521
0b001601 0b001201 10003 100 62134 2002375042 88351 13532
0b000c01 0b000701 10002 100 374 2002449293 17113 8353
0b000801 0b000001 10001 100 134457 2002379730 89227 19594
0b000801 0b000901 10001 100 2016168 2002076156 393985 173198
0b001d01 0b001b01 10001 100 17133 2002439728 39015 9759
0b000b01 0b000701 10001 100 46829 2002463112 26229 12246
0b000d01 0b000001 10000 100 3082 2002183781 312207 8581
0b001401 0b001801 10000 100 22583 2002485501 11075 10214
0b001801 0b000101 10000 100 44099 2001341566 1157942 1016065
0b001a01 0b001501 10001 100 2836661 2001112984 1390893 246146
0b000301 0b001301 10000 100 21069 2001486127 1018049 1014135
0b001c01 0b001501 10000 100 130 2002300008 207113 8334
0b001d01 0b001a01 10000 100 465215 2002343562 164217 47326
0b000a01 0b000601 10001 100 45074 2002468014 43680 12102
0b001c01 0b001501 10001 100 9103 2002442380 71475 9086
0b001e01 0b001201 10001 100 51706 2002446336 68420 12656
0b000e01 0b000a01 10001 100 37407 2002463590 52389 11458
0b000101 0b001601 10001 100 57918 2001185957 1334278 1017221
0b000b01 0b001001 10000 100 159215 2001287361 1237062 1025716
0b000a01 0b000f01 10001 100 75997 2002147572 378467 14691
0b001801 0b000401 10000 100 142656 2001433599 1100357 1024326
0b000401 0b000201 10000 100 197196 2002303796 232797 24856
0b000d01 0b001101 10000 100 7203 2001353363 1193890 1012971
0b000201 0b001c01 10001 100 4598 2001526050 1030838 1012752
0b001c01 0b001d01 10000 100 3561907 2002162355 394820 302790
0b000c01 0b001a01 10000 100 519923 2001465458 1098931 1055955
0b001801 0b001201 10002 100 7385 2002543091 22216 8941
0b001301 0b001b01 10000 100 317210 2002486028 79743 34917
0b000801 0b000501 10000 100 23382 2002557395 11837 10282
0b001d01 0b001e01 10002 100 56243 2002556591 13892 8878
0b001201 0b001001 10001 100 56726 2002561034 9879 8916
0b001401 0b001b01 10003 100 43798 2002491754 83870 11992
0b000b01 0b000201 10000 100 27605 2002566138 11839 10635
0b001c01 0b000c01 10000 100 4477890 2000868566 1715826 1387791
0b001901 0b000301 10000 100 712711 2000485863 2101402 1072119
0b000601 0b000e01 10000 100 1849055 2002208822 383761 163348
0b001001 0b001b01 10001 100 9951 2002551034 42437 9154
0b001201 0b001c01 10000 100 3525 2002551833 43399 8617
0b000601 0b000101 10001 100 66432 2002019005 580855 13891
0b000c01 0b001101 10001 100 2880513 2001059795 1540885 1253869
0b000701 0b000801 10001 100 52768 2002572600 32979 12744
0b001701 0b000101 10000 100 13668 2001315186 1293009 1013512
0b000201 0b001f01 10000 100 26961 2001307381 1301519 1014625
0b000401 0b000e01 10002 100 76076 2002436150 175487 14701
0b001301 0b001901 10002 100 6714 2002559022 55236 8884
0b001501 0b001a01 10000 100 864327 2002192913 425499 80787
0b000701 0b000401 10000 100 173554 2002432681 191081 18712
0b000401 0b001d01 10000 100 42812 2001483597 1141184 1015955
0b001401 0b000301 10000 100 51664 2001390649 1238182 1016697
0b000201 0b000601 10002 100 58841 2002608808 21006 13253
0b001401 0b001201 10000 100 5777 2002620653 9762 8805
0b000801 0b001c01 10000 100 3327 2001599271 1031560 1012646
0b000b01 0b001b01 10000 100 655214 2001501889 1138763 1067301
0b001901 0b001001 10000 100 65451 2002626371 18496 13809
0b001901 0b000901 10000 100 28517 2001581799 1063086 1014757
0b001701 0b001901 10000 100 44343 2002631662 15370 12040
0b000401 0b000e01 10003 100 2041 2002493170 159450 8494
0b000101 0b000b01 10000 100 20433 2002294207 358746 10035
0b001601 0b001c01 10000 100 5716144 2000960325 1699924 487564
0b000701 0b000201 10000 100 9135 2002354143 307467 9089
0b000001 0b001c01 10000 100 38911 2001551910 1113942 1015627
0b001a01 0b001601 10000 100 217827 2002535330 131476 26583
0b001901 0b001f01 10000 100 1006685 2002494626 173197 92721
0b001e01 0b001201 10000 100 1532396 2001275289 1393556 136798
0b000701 0b001c01 10000 100 1452086 2001289622 1379466 1134111
0b001901 0b001701 10002 100 1859766 2002379133 291749 164243
0b000001 0b000f01 10001 100 72771 2002254911 425327 14422
0b000901 0b000f01 10000 100 9747 2002283188 406156 9138
0b001f01 0b001401 10000 100 73592 2002673442 20606 14491
0b001301 0b000b01 10000 100 4989618 2000075804 2620540 1430696
0b001401 0b001001 10000 100 4531 2002692972 8869 8701
0b000901 0b001401 10000 100 78291 2001579970 1124798 1018931
0b001801 0b001d01 10000 100 7131 2002696580 9453 8921
0b000001 0b000101 10001 100 58261 2002309000 398900 9047
0b001e01 0b001901 10001 100 4281 2002652639 55769 8681
0b000801 0b001401 10000 100 491258 2001474122 1236665 1053554
0b000301 0b000001 10000 100 5432957 2001204105 1508556 459659
0b001501 0b001401 10000 100 3646 2002710828 4962 4467
0b001901 0b001801 10002 100 50998 2002715106 8535 8435
0b000801 0b001901 10000 100 23245 2001603907 1125052 1014316
0b000501 0b000e01 10001 100 29201 2002574709 154521 10771
0b001401 0b001b01 10004 100 40571 2002728515 13279 11723
0b001b01 0b001301 10000 100 28662 2002263616 496248 10724
0b001301 0b000f01 10000 100 1223377 2001247532 1513312 1114935
0b001d01 0b000a01 10000 100 551304 2001326449 1435514 1058589
0b000101 0b001901 10000 100 416147 2001046697 1725847 1047258
0b001001 0b000001 10000 100 1395033 2000196072 2576711 1129328
0b000901 0b000c01 10001 100 1359032 2002596857 178180 122264
0b001001 0b001401 10002 100 9168 2002761099 17122 9091
0b000601 0b001601 10000 100 1476259 2001511349 1273980 1136137
0b001001 0b001c01 10000 100 42286 2002773808 14221 11868
0b001701 0b001f01 10000 100 899929 2001725068 1066420 83770
0b001801 0b001c01 10001 100 41910 2002786892 16997 11834
0b000001 0b000901 10000 100 16349 2002795052 9812 9693
0b000e01 0b000c01 10000 100 8710313 2000284884 2520779 734435
0b001c01 0b001301 10000 100 62759 2002785140 23416 13582
0b000801 0b001101 10001 100 18328 2001577430 1231623 1013904
0b001501 0b001701 10001 100 88777 2002783364 26137 11603
0b000101 0b001301 10000 100 15161 2001219513 1591331 1013639
0b001801 0b001601 10002 100 45880 2002791214 22625 12167
0b000a01 0b000301 10003 100 39856 2002676054 141236 11662
0b000701 0b000601 10002 100 10968 2002809864 7950 5079
0b001801 0b001201 10001 100 62091 2002312387 506985 13529
0b001a01 0b001d01 10000 100 18337 2002810248 11201 9859
0b000001 0b000b01 10001 100 24985 2002713548 108300 10414
0b000501 0b000e01 10002 100 59691 2002695296 136612 13325
0b000001 0b000601 10001 100 61326 2002744255 92307 13464
0b000901 0b000401 10001 100 500885 2002739705 98391 50314
0b000b01 0b000a01 10002 100 64059 2002828292 11427 9534
0b001a01 0b001d01 10001 100 44178 2002842289 13818 12027
0b001101 0b001e01 10000 100 143746 2002436669 421282 20372
0b000e01 0b001501 10000 100 42823 2001564543 1293849 1015955
0b000601 0b000f01 10001 100 6230 2002471290 387581 8845
0b001101 0b000b01 10000 100 938412 2001226636 1639226 1091043
0b000b01 0b000401 10000 100 125297 2002819480 52775 18827
0b000301 0b000001 10002 100 291180 2002826284 46213 28575
0b001b01 0b001401 10001 100 786855 2002796802 77368 74290
0b000201 0b000e01 10002 100 59753 2002732326 147606 13330
0b000401 0b000a01 10000 100 18691 2002840318 41361 9888
0b000f01 0b001d01 10000 100 26464 2001491611 1399941 1014585
0b000701 0b000e01 10000 100 3044168 2000791070 2101623 263546
0b001b01 0b001801 10000 100 3506 2002889638 4421 4455
0b000401 0b000e01 10000 100 3234851 2000531073 2366904 279530
0b001101 0b001a01 10002 100 24902 2002545903 364390 10408
0b001e01 0b001801 10000 100 9217 2002864441 48022 9095
0b001101 0b000d01 10000 100 1635 2001559236 1354893 1012503
0b000601 0b001b01 10000 100 772329 2000822609 2092523 1077119
0b001701 0b001e01 10000 100 43947 2002865898 51457 12004
0b001601 0b001f01 10000 100 102494 2002863152 54742 16915
0b001d01 0b001501 10000 100 25299 2002906639 12588 10443
0b000f01 0b001601 10000 100 5464 2001524803 1395024 1012825
0b000a01 0b000401 10000 100 1132381 2002665818 261776 103261
0b000101 0b000201 10000 100 98385 2002726077 207739 12410
0b001c01 0b001001 10001 100 20976 2002892800 43181 10078
0b000101 0b000601 10001 100 22231 2002746285 197548 10186
0b000c01 0b000701 10003 100 1421 2002925954 24372 8441
0b001701 0b001201 10000 100 8430 2002950214 9186 9028
0b001001 0b001301 10000 100 32996 2002908978 52913 6926
0b000001 0b000601 10002 100 78750 2002935064 28784 14923
0b001501 0b001401 10001 100 77714 2002934837 30171 10676
0b000201 0b000501 10001 100 9305 2002948448 16894 9102
0b000001 0b000501 10001 100 30892 2002939503 26583 10910
0b000101 0b000f01 10002 100 1744784 2002084497 884273 154603
0b001a01 0b001901 10003 100 4366 2002928355 41985 4528
0b000401 0b000201 10001 100 987 2002959764 13003 8402
0b000801 0b000b01 10000 100 602 2002970003 4160 4212
0b000101 0b000601 10002 100 3668 2002812641 168450 8628
0b000901 0b000e01 10001 100 66505 2002973228 20837 13897
0b001701 0b001601 10000 100 35354 2002987706 8594 7126
0b001c01 0b001801 10002 100 13204 2002928366 68463 9430
0b001a01 0b001201 10000 100 4764 2002501180 496679 8720
0b001301 0b000201 10001 100 27965 2001527974 1477707 1014709
0b001801 0b001a01 10000 100 95 2003005803 4166 4171
0b001701 0b001101 10001 100 30007 2002233513 783493 10839
0b000301 0b000a01 10001 100 1316763 2002847814 172396 118718
0b000501 0b000d01 10000 100 74804 2002991490 30134 14592
0b001b01 0b001d01 10000 100 35358 2002961353 61230 11286
0b000e01 0b000d01 10002 100 75174 2003014174 10561 10465
0b001a01 0b001901 10004 100 66068 2003021930 17744 9702
0b000d01 0b000201 10001 100 3608974 2001278076 1762680 310896
0b001d01 0b001c01 10000 100 31315 2003022527 20156 6788
0b000d01 0b000901 10000 100 8525 2003031972 12486 9036
0b001701 0b001a01 10000 100 32041 2003043989 11088 11010
0b001b01 0b001801 10001 100 563 2003052332 4253 4208
0b001d01 0b001001 10000 100 10537 2003005295 63606 9205
0b001201 0b001e01 10000 100 108316 2002968210 103191 17403
0b000f01 0b000c01 10001 100 49666 2002650961 420950 8325
0b000101 0b000b01 10001 100 67998 2003023997 55612 14020
0b000301 0b000a01 10002 100 47208 2003069582 14853 12280
0b000301 0b000601 10000 100 6232 2003093314 9002 8845
0b001e01 0b001d01 10001 100 6765 2003034559 68546 4728
0b001f01 0b001a01 10002 100 5603 2003079468 31872 8791
0b000601 0b000b01 10000 100 9462 2003102295 10227 9115
0b001e01 0b001501 10001 100 638113 2002909385 207901 61822
0b001301 0b001601 10000 100 29279 2002612671 507846 10777
0b001201 0b001c01 10002 100 34312 2003063377 57883 11199
0b001901 0b001401 10000 100 188274 2003053632 69997 24107
0b000601 0b001101 10000 100 1091193 2001612356 1515754 1103853
0b000e01 0b000501 10000 100 29675 2003100260 35259 10809
0b001201 0b001c01 10001 100 805557 2003006703 129354 75859
0b000d01 0b000a01 10001 100 1481952 2000843614 2293104 132567
0b001e01 0b001c01 10001 100 487603 2002129545 1009219 45042
0b001401 0b001f01 10001 100 44754 2003105311 37326 12073
0b001f01 0b001501 10002 100 13898 2003140609 11950 9485
0b000c01 0b000501 10001 100 65532 2003115683 38142 13816
0b000501 0b000c01 10000 100 56035 2003119240 36018 13021
0b001c01 0b001901 10000 100 508069 2002985687 171655 50920
0b000f01 0b000601 10001 100 3173039 2002334450 832537 274351
0b001a01 0b001101 10000 100 617809 2002730399 438892 60117
0b001c01 0b001701 10001 100 149072 2003135658 34133 20821
0b001501 0b001201 10001 100 207579 2003097605 80221 25725
0b000c01 0b000d01 10000 100 22334 2003181243 9288 6035
0b000d01 0b000f01 10000 100 6709 2002803606 389606 4723
0b001301 0b001101 10001 100 995167 2002653087 570871 87598
0b000001 0b000201 10001 100 6771 2003222473 4994 4728
0b001501 0b001401 10002 100 12304 2003214449 13209 5194
0b000b01 0b000c01 10000 100 2226743 2001667635 1562523 195011
0b001f01 0b001801 10000 100 1469084 2001801529 1429955 131491
0b001901 0b001601 10000 100 511736 2003154578 84973 51224
0b001901 0b001201 10000 100 36767 2002764995 486701 11403
0b001301 0b001901 10003 100 36947 2003203403 54502 11417
0b001701 0b001901 10001 100 9262 2003234015 25637 9099
0b001601 0b001e01 10000 100 17168 2003258794 12973 9762
0b000001 0b000801 10000 100 162688 2003225569 47099 21960
0b000f01 0b000b01 10000 100 2140 2002915124 359691 8502
0b001f01 0b001101 10000 100 9732 2002431232 858705 9136
0b000301 0b000101 10001 100 22302 2003282819 7719 6032
0b000101 0b000301 10000 100 27046 2003283536 7841 6431
0b001a01 0b001e01 10001 100 42295 2003275583 16010 11868
0b000f01 0b000d01 10000 100 164695 2002912150 380670 17969
0b000a01 0b001a01 10000 100 835084 2001096843 2204024 1082381
0b000c01 0b000701 10004 100 34826 2003283802 17541 11240
0b000701 0b000d01 10001 100 75402 2003248730 53021 14644
0b000901 0b000401 10002 100 3644 2003260228 43857 8626
0b000401 0b000501 10000 100 38325 2003269068 48225 7375
0b001801 0b001901 10001 100 26877 2003304860 13199 6413
0b000f01 0b000101 10001 100 8415 2002989367 330667 9027
0b000f01 0b000c01 10002 100 3924 2002996054 324016 4489
0b001301 0b001601 10002 100 45921 2003295840 25194 12170
0b001e01 0b001d01 10000 100 1418665 2002908028 415323 123102
0b001e01 0b001401 10000 100 1871545 2001517660 1809332 165232
0b001101 0b001401 10000 100 162945 2002904721 422745 21981
0b000201 0b000f01 10002 100 49920 2003026763 301992 12505
0b001701 0b001101 10002 100 65475 2002928665 400267 13811
0b001601 0b001401 10000 100 3327145 2001779088 1551568 283111
0b001801 0b001401 10000 100 23105 2003236858 94349 10260
0b000701 0b000501 10001 100 3845908 2001614641 1720825 326601
0b001201 0b001801 10001 100 43018 2002911752 431106 11930
0b000101 0b000c01 10000 100 7236 2003335850 12044 8929
0b001a01 0b001801 10000 100 159551 2003338900 24503 17538
0b000201 0b000d01 10000 100 77367 2003326307 46632 14808
0b001501 0b000101 10001 100 3993599 2000449238 2923707 1347189
0b000f01 0b000e01 10001 100 8595 2003209550 163453 4882
0b001201 0b001401 10000 100 5531 2002962990 415434 8785
0b001301 0b001d01 10000 100 4182700 2001570738 1814243 358998
0b001501 0b001701 10002 100 30001 2003386305 9359 6679
0b000501 0b000d01 10001 100 75528 2003374117 24574 14654
0b000e01 0b000301 10000 100 21353 2003337378 61385 10112
0b000a01 0b000301 10000 100 4264621 2001326318 2073281 365867
0b001701 0b001401 10000 100 157126 2003353600 47252 17336
0b001301 0b001601 10001 100 299825 2003283387 125315 33458
0b001201 0b001401 10001 100 3149 2003380082 32876 8587
0b000e01 0b000801 10001 100 2187 2003346147 66928 8506
0b000a01 0b000c01 10000 100 33473 2003344713 69009 11128
0b001101 0b001801 10001 100 44517 2002971661 449698 12054
0b001301 0b001001 10002 100 50670 2003321853 99984 8409
0b000f01 0b000301 10003 100 43909 2003338121 87005 12001
0b000f01 0b000601 10002 100 29700 2003341344 84067 10811
0b000b01 0b000501 10000 100 42366 2003326915 104507 11874
0b000b01 0b000301 10002 100 602774 2003148350 290830 58857
0b001001 0b001201 10000 100 43934 2003402256 41352 7843
0b001001 0b001401 10003 100 49044 2003378865 67851 12435
0b000001 0b000401 10000 100 79695 2003400044 51428 15002
0b000501 0b000101 10001 100 60113 2003428592 26577 13363
0b000301 0b000401 10001 100 27207 2003369220 86372 10604
0b000301 0b000401 10000 100 1029076 2001968436 1488309 94601
0b001101 0b001c01 10001 100 9695 2003000845 457397 9134
0b000f01 0b000301 10002 100 104 2003327403 137283 8332
0b001c01 0b001f01 10000 100 44545 2003461710 10426 7896
0b001e01 0b001c01 10002 100 22214 2003453153 20892 6025
0b000101 0b000f01 10003 100 59836 2003080873 402020 13337
0b001601 0b001401 10001 100 1945010 2003175741 307633 167233
0b001c01 0b001001 10002 100 70705 2003253051 234282 14249
0b001601 0b001501 10000 100 4022697 2001826680 1666037 341424
0b001901 0b001a01 10000 100 2637334 2002180329 1314217 225276
0b001601 0b000b01 10000 100 650940 2001434989 2065777 1066940
0b001701 0b001501 10000 100 178036 2003459530 42765 19090
0b000301 0b000201 10000 100 4569 2003488636 24978 4544
0b000301 0b000a01 10003 100 26130 2003408850 105108 10514
0b000201 0b000c01 10001 100 83913 2003326807 188928 15355
0b000901 0b000801 10002 100 5882 2003513025 6481 4653
0b001401 0b001f01 10002 100 59796 2003501084 19195 13334
0b001b01 0b000401 10000 100 1886681 2001261497 2260308 1170545
0b001e01 0b001701 10003 100 29347 2003510122 13515 10782
0b000001 0b000701 10001 100 39502 2003510003 13861 11633
0b001701 0b001801 10000 100 1826476 2002003070 1524782 161453
0b000001 0b000301 10001 100 429589 2003456637 71415 40178
0b000a01 0b000001 10002 100 26615 2003452282 78253 10552
0b000f01 0b000801 10000 100 103300 2003478775 54971 16983
0b001c01 0b001101 10000 100 1276241 2002918253 616694 115322
0b001e01 0b001801 10001 100 6130 2003517055 18273 8837
0b000b01 0b000501 10001 100 28977 2003422027 118442 10749
0b001101 0b001e01 10002 100 91623 2002998325 547082 16003
0b000201 0b000301 10001 100 32797 2003524484 26336 6910
0b001801 0b000801 10000 100 8492638 2000765583 2786671 1724389
0b000901 0b000e01 10000 100 4089144 2000046846 3510264 351157
0b001a01 0b001701 10001 100 133439 2003536447 32411 19509
0b000601 0b000e01 10001 100 20126 2003532815 41548 10010
0b001e01 0b001b01 10000 100 13940864 2000013576 3560801 1177122
0b000a01 0b000901 10000 100 7254 2003566343 14234 4771
0b000a01 0b000f01 10003 100 18005 2003369956 211976 9833
0b001101 0b001b01 10000 100 51 2003135926 451098 8327
0b000101 0b000601 10003 100 37223 2003572560 17652 11443
0b001501 0b001f01 10001 100 3798 2003512141 88513 8639
0b000401 0b000701 10000 100 240354 2003518984 89645 24313
0b000e01 0b000c01 10001 100 33891 2003559102 67890 7001
0b000b01 0b000401 10002 100 55306 2003401989 228249 12959
0b001b01 0b001501 10001 100 2215673 2001912374 1719784 194083
0b000e01 0b000101 10001 100 1579377 2003434084 199102 140737
0b001b01 0b001d01 10001 100 41398 2003535064 99487 11793
0b000201 0b000801 10001 100 15754 2003607016 31272 9641
0b000101 0b000b01 10002 100 124905 2003488646 157738 18792
0b001301 0b001e01 10001 100 16180 2003617171 31418 9679
0b001201 0b001d01 10002 100 87740 2003455470 201926 15677
0b000501 0b000301 10000 100 76704 2003642854 26467 14752
0b001201 0b001f01 10002 100 4399 2003669131 10592 8691
0b000601 0b000b01 10001 100 158687 2003620503 62318 21625
0b001401 0b001801 10002 100 167641 2003449551 236528 22376
0b001801 0b001101 10000 100 78797 2003180872 505532 14927
0b000101 0b000701 10000 100 4194 2003688515 12078 8674
0b000f01 0b000201 10000 100 2807 2003697387 8590 8556
0b001e01 0b001301 10000 100 72814 2003584735 124856 14425
0b001901 0b001a01 10001 100 23606 2003648931 61037 6140
0b000801 0b000c01 10000 100 688 2003627915 82225 8378
0b000801 0b000f01 10001 100 12928 2003660116 59693 9404
0b001b01 0b001201 10001 100 49989 2003586741 136401 12511
0b001101 0b001001 10001 100 27911 2003163220 560642 6500
0b001501 0b001601 10000 100 3651 2003719166 5058 4467
0b000601 0b000401 10002 100 17141 2003658000 66580 5600
0b001301 0b001701 10000 100 7437 2003713238 13048 8945
0b001d01 0b001c01 10001 100 9767 2003712591 19710 4979
0b001b01 0b001001 10002 100 182724 2003563885 177596 23640
0b001001 0b001101 10001 100 3772 2003300524 458118 4477
0b000901 0b000801 10000 100 2352081 2002187815 1576432 201362
0b001501 0b001b01 10001 100 30332 2003749195 17411 10865
0b000201 0b000601 10003 100 2499 2003768626 12005 8531
0b000801 0b000001 10002 100 2202530 2003105523 677727 192981
0b001201 0b001f01 10001 100 640160 2003178238 611653 61994
0b000b01 0b000601 10000 100 122216 2003768519 22367 18569
0b001001 0b001e01 10001 100 31534 2003655134 140126 10965
0b000901 0b000a01 10000 100 192250 2003734865 68026 20281
0b001301 0b001b01 10001 100 653526 2003268126 546627 63113
0b000601 0b000d01 10001 100 26379 2003803400 11975 10534
0b000601 0b000201 10001 100 194570 2003768291 47255 24634
0b001101 0b001e01 10001 100 45521 2002877559 940008 12138
0b000201 0b000301 10002 100 12885 2003782865 35241 5240
0b000901 0b000401 10000 100 1610453 2002022608 1798051 143342
0b001701 0b001001 10000 100 27719 2003637867 184170 10645
0b001101 0b001f01 10000 100 857232 2003228507 596518 80193
0b001501 0b001b01 10000 100 741783 2003559485 267729 70511
0b001301 0b001801 10000 100 36840 2003730513 101564 11409
0b000701 0b000601 10003 100 1680593 2003159104 673004 145062
0b000001 0b000801 10001 100 43329 2003650373 185874 11955
0b001401 0b001301 10001 100 81480 2003824759 15468 15153
0b001101 0b001001 10000 100 3881850 2002866358 975645 329614
0b001b01 0b001201 10002 100 241598 2003785489 56698 28577
0b001001 0b001701 10000 100 849 2003838452 12724 8391
0b001a01 0b001d01 10002 100 41902 2003799372 52085 11833
0b001801 0b001c01 10002 100 70618 2003567545 297436 14242
0b000201 0b000e01 10000 100 1617443 2001655943 2215500 143928
0b001d01 0b001e01 10000 100 3409054 2001691935 2185648 289978
0b000501 0b000101 10000 100 1305701 2001615918 2273503 117791
0b001f01 0b001501 10000 100 3152795 2001777311 2116298 272651
0b000201 0b000f01 10003 100 620582 2003796914 97720 60351
0b000701 0b000501 10003 100 2423751 2002978113 916993 207368
0b000301 0b000501 10001 100 3125 2003885882 12314 8585
0b001a01 0b001501 10003 100 35958 2003860657 40632 11334
0b001601 0b001801 10001 100 1135114 2002499327 1404864 103491
0b001d01 0b001601 10001 100 58775 2003909766 18547 13248
0b001401 0b001901 10001 100 10790 2003891751 37278 9225
0b001e01 0b001801 10002 100 3813 2003759151 187522 8640
0b000b01 0b000001 10000 100 217315 2003790781 156747 26542
0b001901 0b001e01 10003 100 39500 2003783948 174718 11633
0b001401 0b001801 10001 100 1908424 2002489823 1471290 168324
0b001901 0b001401 10001 100 37338 2003936705 25310 11452
0b000601 0b000001 10002 100 1927663 2002083820 1878335 169936
0b001201 0b001901 10000 100 1929466 2002693473 1272818 170088
0b000601 0b000101 10002 100 8457 2003882890 89646 9031
0b001c01 0b001f01 10001 100 77673 2003952383 20180 10673
0b000101 0b001b01 10000 100 4161998 2001087774 2885905 1361306
0b001a01 0b001401 10000 100 75900 2003899375 79645 14683
0b001401 0b001b01 10005 100 372406 2003854190 126296 39544
0b001701 0b001101 10003 100 46907 2003054131 938532 12253
0b001f01 0b001c01 10002 100 42892 2003973960 21868 7756
0b000501 0b001001 10000 100 2892726 2001318948 2677256 1254892
0b001801 0b001f01 10002 100 29139 2003907368 99922 10766
0b001b01 0b001d01 10002 100 3741 2004000013 8997 8634
0b001501 0b001701 10003 100 43999 2004000281 15877 7848
0b001801 0b001a01 10001 100 570718 2003875134 143821 52010
0b000f01 0b000c01 10003 100 4520486 2003221776 799162 383159
0b001201 0b001001 10002 100 1020248 2003794087 238126 89700
0b000b01 0b000101 10001 100 3703292 2001966878 2069697 318806
0b000101 0b000d01 10000 100 78198 2003973242 65063 14879
0b000401 0b000601 10001 100 15352 2004041233 6317 5449
0b001801 0b001401 10001 100 2085203 2003732208 318202 183146
0b001601 0b001801 10002 100 78828 2004034605 19338 14929
0b000601 0b000c01 10000 100 11325 2004012825 49032 9272
0b000c01 0b000101 10000 100 1695467 2001233119 2828897 150470
0b000701 0b000001 10000 100 49582 2004002768 63334 12478
0b001701 0b001b01 10000 100 50530 2004081436 13627 12558
0b001d01 0b001601 10002 100 19643 2004086705 11584 9968
0b000701 0b000201 10001 100 52177 2004082499 17859 12697
0b001d01 0b001501 10001 100 7897 2004097685 10310 8982
0b001401 0b001101 10001 100 1356262 2003390911 718154 122031
0b001f01 0b001901 10000 100 32842 2004067805 43111 11074
0b001b01 0b001c01 10002 100 9918 2004091512 23129 9151
0b000701 0b000c01 10000 100 1502201 2003674053 450249 134267
0b001401 0b001c01 10002 100 22575 2004126947 10933 10214
0b000701 0b000f01 10001 100 1814917 2002299316 1840841 160482
0b001c01 0b001301 10001 100 62642 2004120402 21021 13573
0b001001 0b001801 10000 100 36892 2004130194 28457 11413
0b001101 0b001a01 10004 100 530366 2003425780 750384 52788
0b001001 0b001701 10001 100 4797 2004171032 10292 8722
0b000601 0b000b01 10002 100 1573949 2003964344 217333 140280
0b001c01 0b001f01 10002 100 1957 2004167640 14105 4324
0b000d01 0b000301 10003 100 2109 2004122673 62042 8500
0b001801 0b001d01 10002 100 39538 2004175302 12698 11636
0b000501 0b000e01 10000 100 2095879 2002229327 1959190 184038
0b000201 0b000501 10002 100 1048619 2004033574 159712 96237
0b001101 0b001a01 10003 100 30583 2003204602 995585 10885
0b001a01 0b001901 10005 100 712778 2003995396 222270 63920
0b001001 0b001e01 10002 100 69944 2004200110 20404 14184
0b000101 0b000301 10002 100 32514 2004221008 12456 6887
0b001f01 0b001c01 10001 100 2792197 2002441548 1794705 238260
0b000601 0b000e01 10002 100 29671 2004182478 55595 10808
0b000a01 0b000e01 10000 100 151755 2004174331 65353 21044
0b001a01 0b001501 10004 100 22903 2004209996 35893 10240
0b001f01 0b001e01 10000 100 24140 2004216008 31876 6187
0b001101 0b001501 10000 100 77882 2003686430 566782 14850
0b001e01 0b001501 10002 100 40069 2004242060 11912 11682
0b000301 0b000801 10000 100 26197 2004207532 62514 10519
0b000601 0b000001 10004 100 9341 2004184502 105540 9105
0b000c01 0b000801 10002 100 1623147 2003848205 442277 144407
0b001f01 0b001701 10001 100 2963019 2002490422 1804894 256743
0b000001 0b000c01 10000 100 2427304 2002632838 1662621 211827
0b000d01 0b000f01 10001 100 73951 2004278119 18007 10360
0b000e01 0b000901 10001 100 57305 2004246939 52342 13127
0b001201 0b001601 10000 100 3420872 2001840143 2463132 295126
0b001501 0b001c01 10000 100 48367 2004280957 25678 12377
0b000c01 0b000201 10000 100 28030 2004295008 12451 10673
0b000601 0b000701 10000 100 322261 2004214757 93240 31181
0b000901 0b000c01 10002 100 59520 2004107363 203894 13312
0b000a01 0b000f01 10000 100 1521112 2002012661 2311602 135853
0b001c01 0b001301 10002 100 140601 2004306156 22939 20109
0b001101 0b001d01 10000 100 751335 2003658063 675995 71314
0b000101 0b000401 10001 100 3829 2004307196 28373 8641
0b000901 0b000701 10002 100 70458 2004236788 101446 14229
0b001701 0b001e01 10001 100 3674 2004321249 17894 8629
0b000b01 0b000601 10001 100 1829979 2004088870 259311 161745
0b001401 0b001201 10001 100 22009 2004301748 47507 10169
0b001201 0b001101 10001 100 43784 2003796846 555745 7831
0b000901 0b000d01 10000 100 1207970 2003950163 406328 109596
0b001901 0b001201 10001 100 400597 2004206855 151694 41907
0b001401 0b001d01 10000 100 56269 2004343614 16078 13040
0b001301 0b001a01 10001 100 65853 2004342895 22859 13841
0b001201 0b001e01 10001 100 9675 2004322886 56278 9132
0b001301 0b001501 10000 100 8967 2004294660 85040 9071
0b000901 0b000301 10001 100 32966 2004335987 49972 11084
0b000201 0b000401 10001 100 4522 2004352440 41317 8700
0b000801 0b000d01 10000 100 365639 2004268886 129497 38976
0b001a01 0b001701 10002 100 32505 2004341500 60468 11047
0b001601 0b001801 10003 100 4458 2004371872 32377 8695
0b000401 0b000501 10001 100 3448 2004368921 37283 4451
0b001b01 0b001c01 10003 100 22968 2004397237 14147 10245
0b001501 0b001901 10002 100 17553 2004375964 39844 9793
0b000701 0b000f01 10002 100 1740227 2002360437 2055637 154223
0b000901 0b000701 10001 100 4826460 2002004224 2412954 412972
0b000a01 0b000b01 10001 100 41660 2004410834 9275 7654
0b001201 0b001b01 10001 100 70911 2004381176 44578 14265
0b001301 0b001f01 10001 100 82875 2004354371 82002 15268
0b000201 0b000401 10000 100 49223 2004281674 160636 12449
0b001701 0b001601 10001 100 79588 2004443710 12524 10834
0b001701 0b001f01 10001 100 3122590 2004095643 365539 270119
0b001f01 0b001a01 10003 100 77295 2004366859 98406 14803
0b001c01 0b001f01 10003 100 110323 2004408215 58325 13412
0b000601 0b000d01 10002 100 406956 2004305410 161190 42439
0b001801 0b001701 10001 100 9156 2004456826 10527 9090
0b000201 0b000901 10001 100 43777 2004449482 21767 11991
0b001501 0b001801 10000 100 42103 2004454234 23365 11853
0b001f01 0b001201 10000 100 46698 2004434802 47065 12236
0b001f01 0b001c01 10000 100 6467075 2001612006 2876617 546363
0b000d01 0b000801 10001 100 1651 2004446828 45788 8459
0b001f01 0b001401 10001 100 667989 2004256831 242089 64324
0b001201 0b001f01 10003 100 37926 2004467918 31504 11500
0b000b01 0b000601 10002 100 11978 2004490328 10135 9324
0b001901 0b001601 10001 100 119 2004428579 77807 8333
0b000101 0b000701 10001 100 42799 2004499060 16735 11909
0b001e01 0b001f01 10001 100 7681 2004511207 5129 4805
0b001301 0b001001 10001 100 2602228 2002681302 1840035 222333
0b000801 0b000f01 10002 100 74044 2004472309 50271 14531
0b001001 0b001c01 10001 100 76386 2004450052 85408 14726
0b001001 0b001f01 10001 100 33855 2004442078 97021 11158
0b001701 0b001d01 10000 100 42927 2004503237 38068 11919
0b000301 0b000c01 10001 100 30055 2004383274 160290 10843
0b001d01 0b001a01 10001 100 69695 2004496894 50420 14164
0b001f01 0b001401 10002 100 43052 2004532970 15629 11933
0b000d01 0b000401 10000 100 18877 2004482890 67455 9903
0b000401 0b000501 10002 100 62246 2004500633 51847 9381
0b001801 0b001e01 10002 100 46958 2004520383 32386 12257
0b000801 0b000201 10001 100 9054 2004349055 204322 9082
0b000801 0b000b01 10001 100 5144 2004526695 32705 4594
0b001c01 0b001801 10001 100 6124710 2001827180 2741102 521816
0b001d01 0b001901 10001 100 3606 2004508143 67428 8623
0b001801 0b001701 10002 100 176650 2004513493 63801 23131
0b001801 0b001d01 10003 100 1187 2004573447 8556 8422
0b001801 0b001d01 10001 100 447679 2003466329 1116067 45854
0b000601 0b000201 10002 100 28576 2004567472 14959 10717
0b000f01 0b000701 10001 100 1235 2004567817 16079 8426
0b001801 0b001301 10004 100 1151086 2004388071 200069 104830
0b001701 0b001801 10001 100 296340 2004529329 62678 33167
0b001f01 0b001901 10001 100 6848 2004520863 78325 8894
0b000d01 0b000201 10002 100 1083203 2003265111 1337278 99138
0b001e01 0b001b01 10002 100 72116 2004584636 21428 14369
0b001f01 0b001401 10003 100 6141 2004571862 34649 8838
0b001e01 0b001b01 10003 100 8362 2004619915 10243 9023
0b000501 0b000d01 10002 100 72522 2004574440 56192 14402
0b000701 0b000d01 10002 100 659997 2004286882 346494 63654
0b000f01 0b000101 10000 100 2864071 2001448906 3201633 248447
0b001801 0b001f01 10003 100 161951 2004617656 41522 21898
0b001801 0b001001 10000 100 4608624 2001605474 3054831 394708
0b000001 0b000201 10002 100 5299512 2003762059 899576 448472
0b000a01 0b000301 10004 100 45117 2004575556 87967 12106
0b000c01 0b000901 10000 100 48043 2004660225 17597 12351
0b001d01 0b001301 10001 100 828364 2004514277 165842 77772
0b001a01 0b001b01 10001 100 261 2004630028 50600 4184
0b000f01 0b000101 10002 100 36760 2004670715 17774 11402
0b000901 0b000001 10000 100 151975 2004597936 98162 21061
0b000801 0b000601 10000 100 46855 2004615827 82833 12248
0b001801 0b001f01 10001 100 2460620 2003670839 1029161 214619
0b000801 0b001e01 10001 100 5678153 2001386620 3316375 1488424
0b001801 0b001201 10003 100 21705 2004677998 27472 10140
0b000e01 0b000d01 10004 100 8627 2004694793 15232 4884
0b000e01 0b000c01 10002 100 78045 2004673249 41066 10706
0b000c01 0b000b01 10001 100 1572738 2002593166 2130157 140179
0b000801 0b000f01 10003 100 1093 2004676229 55779 8415
0b001501 0b001b01 10003 100 3898 2004707116 38171 8647
0b000601 0b000701 10001 100 14256 2004744984 6699 5358
0b001a01 0b001301 10000 100 905678 2001493867 3258114 84253
0b001e01 0b001101 10003 100 150695 2004083854 668305 20955
0b001901 0b001b01 10001 100 20620 2004756124 7455 5890
0b000f01 0b000901 10000 100 39216 2004752642 15435 11610
0b000b01 0b000f01 10000 100 62724 2004597441 174755 13579
0b000a01 0b000701 10002 100 72905 2004662719 111802 14432
0b001901 0b001f01 10001 100 42263 2004770222 12650 11866
0b001601 0b001401 10002 100 21339 2004760832 24798 5951
0b001a01 0b001801 10002 100 2492282 2004028981 767903 213115
0b000001 0b000401 10001 100 830661 2004436968 364395 77963
0b000201 0b000501 10004 100 44388 2004722683 82565 12043
0b001201 0b001501 10000 100 54131 2004749277 56422 12861
0b000c01 0b000b01 10002 100 28253 2004684123 123222 10691
0b000c01 0b000101 10002 100 47752 2004787616 23185 12324
0b001401 0b001601 10002 100 10855 2004785678 26186 5070
0b001401 0b001b01 10006 100 48549 2004784862 43253 12392
0b000501 0b000a01 10000 100 5935716 2000857719 3972713 505971
0b001101 0b001e01 10003 100 166284 2004031272 805972 22264
0b000601 0b000801 10003 100 50003 2004821504 49124 12516
0b000401 0b000d01 10001 100 78555 2004744338 128761 14907
0b000c01 0b000601 10000 100 21531 2004864421 15089 10126
0b000401 0b000b01 10003 100 3860 2004697756 194676 8644
0b001601 0b001101 10001 100 3253785 2003520473 1372238 281118
0b001901 0b001201 10002 100 492116 2004781044 120281 49582
0b001c01 0b001101 10001 100 3916962 2003658479 1262468 336718
0b001a01 0b001c01 10001 100 96189 2004881956 39750 16387
0b000001 0b000101 10003 100 27214 2004910023 12465 6444
0b000e01 0b000401 10000 100 2307548 2003077561 1845129 201786
0b000501 0b000f01 10001 100 797285 2003679089 1247284 75167
0b001101 0b001901 10000 100 74416 2004436003 503713 14561
0b001301 0b001801 10002 100 95037 2004866960 80237 16291
0b001a01 0b001101 10001 100 69646 2004475198 475972 14160
0b001001 0b001101 10002 100 44163 2004693846 261678 7865
0b000b01 0b000a01 10003 100 2630559 2003228099 1728931 224707
0b001601 0b001501 10001 100 1182875 2004787746 171984 103332
0b000b01 0b000401 10001 100 1406793 2003159880 1803806 126266
0b000b01 0b000c01 10002 100 34087 2004854958 111171 11181
0b001301 0b001101 10002 100 70857 2004786091 180405 10101
0b000001 0b000b01 10002 100 9373 2004805542 165611 9108
0b001101 0b001a01 10005 100 204465 2004853357 119205 25464
0b001101 0b001201 10000 100 977998 2004755734 217523 86155
0b001301 0b001501 10001 100 251096 2004865066 109039 29375
0b000e01 0b000b01 10000 100 2024962 2003081646 1905892 178092
0b001801 0b001001 10001 100 1075892 2004736809 264143 98523
0b000601 0b000001 10000 100 7014089 2000075653 4945977 596384
0b001101 0b001c01 10002 100 59063 2004932768 94426 13275
0b000b01 0b000801 10002 100 1495069 2004739815 307596 129510
0b000001 0b000101 10002 100 2018633 2004667167 384585 173403
0b001a01 0b001301 10001 100 96992 2004918389 136334 16451
0b000901 0b000601 10002 100 1911611 2004375175 681552 168590
0b000101 0b000f01 10001 100 8784899 2001772831 3289344 744846
0b000601 0b000f01 10003 100 3826 2004964005 104970 8641
0b000601 0b000f01 10002 100 148325 2004949943 136636 20758
0b000001 0b000201 10003 100 3421799 2004532848 584149 291044
0b000201 0b000e01 10003 100 1056305 2004599463 521755 96883
0b000601 0b000801 10002 100 1738440 2003359693 1773121 154072
0b001b01 0b001c01 10001 100 2664858 2003399397 1762046 231742
0b001801 0b001601 10000 100 4160612 2001050805 4117170 357147
0b000801 0b000a01 10002 100 3617332 2003242971 1953696 307439
0b001401 0b001501 10000 100 653019 2004841172 371129 58912
0b000401 0b000701 10001 100 3183033 2003591177 1644179 271029
0b000f01 0b000c01 10004 100 1099689 2004025166 1223591 96359
0b000601 0b000501 10001 100 1108536 2004638943 612685 97101
0b000101 0b000301 10001 100 1324736 2004016193 1256758 115226
0b000901 0b000601 10001 100 3199708 2004319161 957264 276584
0b001301 0b001801 10001 100 2491526 2003806625 1487814 217211
0b001001 0b001601 10003 100 3899488 2003406378 1893984 335255
0b000701 0b000801 10002 100 1976697 2003961825 1359580 174047
0b000c01 0b000b01 10003 100 1139494 2004916672 523344 103857
0b000c01 0b000101 10003 100 867108 2004946771 497456 81021
0b001001 0b001401 10004 100 3204231 2004291042 1170994 276965
0b001e01 0b001101 10002 100 4825733 2003066389 2397421 412910
0b000001 0b000d01 10000 100 807398 2004351596 1139193 76014
0b000e01 0b000601 10000 100 3074507 2003945054 1562868 266088
0b000601 0b000c01 10001 100 1020298 2004030665 1481210 93864
0b000a01 0b000d01 10000 100 5003885 2001262253 4297666 427846
0b000201 0b000901 10000 100 1238615 2004273957 1349467 112166
0b000201 0b000801 10000 100 2369522 2003571899 2059775 206982
0b001f01 0b001d01 10000 100 1304806 2003430112 2206708 113555
0b001a01 0b001801 10001 100 4529977 2003659617 2046582 383953
0b000f01 0b000701 10000 100 2947652 2004175174 1533551 255452
0b001b01 0b001a01 10002 100 3096349 2004342521 1376541 263760
0b000a01 0b000c01 10002 100 2278846 2003946290 1787195 199379
0b000c01 0b000101 10001 100 7310761 2003005229 2734967 621255
0b001601 0b001a01 10001 100 1796873 2004552444 1211006 158970
0b001001 0b001901 10000 100 4069620 2004043536 1752176 349518
0b000201 0b000501 10003 100 1779327 2004146506 1718535 157501
0b000d01 0b000e01 10001 100 4596476 2002571935 3297454 389530
0b001501 0b001101 10002 100 3104583 2002244993 3634326 268609
0b001e01 0b001a01 10001 100 817754 2004736607 1146312 76881
0b000601 0b000001 10003 100 8755558 2002805240 3080420 742387
0b001e01 0b001101 10000 100 1655747 2000567529 5322792 147138
0b000901 0b000b01 10001 100 1553954 2003099134 2808530 134443
0b000801 0b000a01 10003 100 989437 2004600260 1363715 87116
0b001301 0b001e01 10000 100 3336174 2003598434 2459228 288028
0b000301 0b000e01 10000 100 2435650 2003314100 2767036 212526
0b000301 0b000501 10002 100 2667395 2004675290 1412891 231956
0b000e01 0b000d01 10003 100 3457046 2004454364 1635711 294002
0b000c01 0b000801 10001 100 5424737 2003181999 2925249 463130
0b001701 0b001101 10000 100 4167692 2002204482 3910599 357740
0b000c01 0b000801 10000 100 3771591 2002329624 3814125 324531
0b000a01 0b000b01 10000 100 4285943 2002908126 3356815 363493
0b001a01 0b001e01 10000 100 3217051 2003189518 3087406 278041
0b001a01 0b001201 10001 100 4691446 2003953204 2351819 401652
0b000a01 0b000f01 10002 100 7954016 2002493648 3828563 675188
0b000c01 0b000d01 10001 100 2953554 2004787304 1553668 251787
0b000f01 0b000a01 10000 100 3316413 2004609089 1732390 286370
0b001501 0b001b01 10002 100 3730437 2004342687 2060317 321082
0b000801 0b000001 10000 100 8270192 2002094742 4403157 701696
0b001801 0b001301 10003 100 8442791 2002915855 3600451 716164
0b001201 0b001601 10001 100 7436741 2003662277 2930211 631817
0b001701 0b001901 10002 100 4191498 2004512060 2086581 359737
0b001301 0b001201 10001 100 11210674 2004090015 2516080 944064
0b001501 0b001b01 10004 100 3160148 2004816073 1963077 273270
0b000001 0b000b01 10000 100 4878373 2001311673 5554114 417325
0b001d01 0b001b01 10002 100 6405430 2003070034 3868745 545353
0b001501 0b001101 10000 100 4579047 2001688977 5318220 392230
0b001201 0b001401 10002 100 5677399 2004901734 2184793 484315
0b000001 0b000501 10000 100 6428628 2002897439 4232245 547297
0b000f01 0b000e01 10002 100 4580066 2004492063 2655766 388156
0b001d01 0b001e01 10001 100 8743361 2002331181 4829093 737205
0b000201 0b000001 10001 100 7312666 2002477578 4735613 617255
0b001f01 0b001001 10001 100 3922775 2004692857 2557071 337206
0b001a01 0b001901 10002 100 9478794 2001967096 5308023 798862
0b000201 0b000b01 10000 100 4373638 2001949837 5425450 375007
0b000501 0b000b01 10001 100 3408344 2004265752 3115212 294078
0b001e01 0b001d01 10002 100 4117310 2004373998 3063308 349357
0b000901 0b000801 10003 100 8667272 2004058879 3485115 730826
0b000801 0b000f01 10000 100 9666967 2003073643 4547437 818798
0b000601 0b000d01 10003 100 10004898 2004987317 2677828 847131
0b001a01 0b001d01 10004 100 5424822 2004278511 3431256 463137
0b001d01 0b001201 10000 100 9424803 2001976148 5746879 798496
0b001f01 0b001001 10000 100 5714770 2003923433 3876345 487447
0b000101 0b000401 10000 100 5000806 2002959693 5021963 427588
0b000401 0b000f01 10000 100 7058995 2003727167 4294354 600146
0b000301 0b000401 10002 100 3876380 2004162916 4048874 333318
0b001a01 0b001d01 10003 100 7895365 2004231599 3988799 670269
0b001d01 0b001001 10001 100 8099535 2003078028 5195690 687386
0b000901 0b000701 10000 100 19659272 2001861772 6446348 1656556
0b001001 0b001d01 10001 100 7383345 2003363341 5046607 627342
0b000e01 0b000401 10001 100 6321155 2003834982 4601087 538288
0b001901 0b001e01 10002 100 14917579 2002771121 5760941 1259011
0b001b01 0b001901 10002 100 4219817 2004409440 4138883 357950
0b000701 0b000e01 10001 100 13017747 2000963848 7643506 1099728
0b001401 0b001601 10001 100 9822507 2004529123 4127662 827680
0b001401 0b001901 10002 100 5919361 2004366395 4359770 504601
0b000301 0b000801 10001 100 9739636 2004439277 4313336 824892
0b001101 0b001701 10001 100 29699788 2004507886 4419425 2498351
0b000301 0b000d01 10000 100 8980075 2003172396 5758458 761213
0b001301 0b001d01 10001 100 9515367 2003310535 5665467 806090
0b001a01 0b001001 10001 100 12213070 2004305868 4783644 1032267
0b000501 0b000401 10000 100 8306879 2001941004 7209994 700609
0b000501 0b000b01 10002 100 9417669 2004465804 4689957 797898
0b000501 0b000b01 10000 100 7746910 2003429007 5821620 657821
0b000601 0b000401 10001 100 7964770 2003223204 6134415 671927
0b000d01 0b000301 10001 100 23104338 2001215468 8228015 1945390
0b001b01 0b001901 10001 100 8691079 2003022982 7098062 732823
0b000b01 0b000301 10003 100 21818945 2003422003 7455410 1837620
0b001201 0b001b01 10000 100 20911400 2001824941 9481014 1761534
0b000001 0b000e01 10000 100 17504150 2000021802 11364655 1475871
0b000d01 0b000301 10002 100 23172017 2003945941 7736696 1951065
0b000a01 0b000c01 10001 100 4639517 2003512488 8225441 397298
0b000b01 0b000c01 10001 100 15942076 2003981211 7760235 1344907
0b000201 0b000b01 10001 100 5858651 2004884275 7140246 499510
0b001c01 0b001e01 10001 100 7001887 2002580959 10395503 591198
0b000401 0b000e01 10004 100 24314130 2003497765 9931961 2046820
0b000701 0b000401 10001 100 13902327 2003088437 10516857 1169733
0b000c01 0b000401 10001 100 21351957 2001789757 12255730 1798468
0b000701 0b000c01 10001 100 23965083 2004409804 12036394 2017556
0b001501 0b001f01 10000 100 17820260 2002905032 14550533 1502373
0b001f01 0b001601 10000 100 16092758 2004076851 14735591 1357537
0b001d01 0b001901 10000 100 20259915 2002424068 17879687 1706911
0b001501 0b001901 10000 100 26049756 2000833167 21030736 2192332
0b001801 0b001601 10001 100 27564742 2001207401 26449135 2319348
0b001101 0b000b01 10001 100 2779201 2001268143 31479947 1245376
0b001201 0b000801 10000 100 3028405 2001404187 32204878 1266268
0b000f01 0b001301 10000 100 2987929 2001518787 37856640 1262873
0b001e01 0b000f01 10001 100 3992590 2001069290 38992219 1347105
0b001b01 0b000401 10001 100 4750330 2001509404 39248390 1410635
0b000501 0b001401 10000 100 4379468 2000691547 40128774 1379541
0b000a01 0b001001 10000 100 6043320 2000251550 40777806 1519039
0b000501 0b001601 10000 100 1887196 2001545260 40304873 1170590
0b000101 0b001101 10000 100 3930523 2000877993 41140590 1341901
0b000e01 0b001801 10000 100 7467240 2001092456 42515746 1638421
0b001f01 0b000101 10001 100 8214437 2001061335 69332748 1701065
