0b001301 0b001901 10000 100 75208 2000022090 14510 14628
0b001701 0b001401 10000 100 14900 2000045260 5328 5409
0b001f01 0b001401 10000 100 155338 2000046989 21160 21346
0b001601 0b001a01 10000 100 9600 2000071178 9063 9126
0b001901 0b001001 10000 100 59158 2000166563 20017 13283
0b001f01 0b001201 10000 100 630842 2000129799 68055 61210
0b001101 0b001b01 10000 100 2352 2000259098 8584 8519
0b001001 0b001b01 10000 100 25813 2000277633 12497 10484
0b001d01 0b001401 10000 100 7224 2000295861 9426 8928
0b001f01 0b001c01 10000 100 46561 2000320152 7957 8065
0b001a01 0b001201 10000 100 69117 2000422927 25403 14118
0b001a01 0b001001 10000 100 2305772 2000299571 220650 201636
0b001101 0b001501 10000 100 5695753 2000077699 483542 485852
0b001901 0b001d01 10000 100 24982 2000555219 10436 10414
0b001b01 0b001001 10000 100 188592 2000540965 29499 24133
0b001101 0b001b01 10001 100 1962 2000577459 8565 8484
0b001001 0b001e01 10000 100 9805 2000583669 12247 9142
0b001501 0b001001 10000 100 8526 2000608591 9223 9036
0b001c01 0b001301 10000 100 113220 2000615452 31664 17815
0b001a01 0b001f01 10000 100 415067 2000688503 43007 43122
0b001f01 0b001801 10000 100 124280 2000746196 18843 18742
0b001401 0b001601 10000 100 23178 2000834767 8084 6106
0b001701 0b001201 10000 100 4486539 2000317212 686795 384473
0b001f01 0b001901 10000 100 167605 2000933657 101543 22373
0b001f01 0b001201 10001 100 49808 2001019442 44195 12496
0b001601 0b001401 10000 100 903689 2001030700 86624 79926
0b001401 0b001301 10000 100 41307 2001098158 22713 11785
0b001e01 0b001601 10000 100 2377 2001062049 82994 8521
0b001201 0b001a01 10000 100 492745 2001007507 150936 49632
0b001a01 0b001301 10000 100 8484 2001177425 9595 9033
0b001601 0b001a01 10001 100 43185 2001184965 22091 11943
0b001401 0b001501 10000 100 578433 2001073204 275334 52658
0b001401 0b001901 10000 100 124609 2001334359 18714 18768
0b001701 0b001001 10000 100 7705032 2000475575 880378 654313
0b001301 0b001d01 10000 100 111510 2001260987 152645 17670
0b001401 0b001001 10000 100 59400 2001443552 17465 13302
0b001f01 0b001401 10001 100 25588 2001462711 12452 10466
0b001e01 0b001401 10000 100 34416 2001467991 25533 11207
0b001501 0b001e01 10000 100 142517 2001337114 174362 20270
0b001701 0b001f01 10000 100 68491 2001500850 17493 14064
0b001201 0b001501 10000 100 41278 2001473530 65380 11783
0b001501 0b001e01 10001 100 41965 2001536766 26877 11838
0b001501 0b001d01 10000 100 73798 2001360097 212058 14508
0b001401 0b001501 10001 100 446988 2001517746 56237 41635
0b001201 0b001001 10000 100 107249 2001555658 21536 13154
0b001501 0b001901 10000 100 1327 2001644197 8503 8433
0b001b01 0b001701 10000 100 30148 2001404712 257911 10850
0b001201 0b001401 10000 100 21521 2001700357 12729 10126
0b001801 0b001d01 10000 100 41889 2001632374 102924 11832
0b001f01 0b001401 10002 100 6554 2001739871 9566 8871
0b001601 0b001101 10000 100 99494 2001645739 108915 16663
0b001401 0b001501 10002 100 9577 2001778032 5933 4964
0b001501 0b001401 10000 100 23342 2001813178 13790 6119
0b001d01 0b001e01 10000 100 11758 2001823118 5159 5146
0b001401 0b001e01 10000 100 72063 2001805892 22606 14365
0b001801 0b001c01 10000 100 30777 2001722994 124706 10901
0b001f01 0b001001 10000 100 2812 2001797886 98232 8556
0b001801 0b001b01 10000 100 1012446 2001614827 288239 89045
0b001901 0b001c01 10000 100 71411 2001788325 153116 14309
0b001001 0b001501 10000 100 26365 2001933855 18108 10532
0b001e01 0b001301 10000 100 1923 2001887781 78685 8481
0b001f01 0b001c01 10001 100 849123 2001743632 226364 75353
0b001501 0b001f01 10000 100 36166 2001931718 52014 11355
0b001801 0b001701 10000 100 995032 2001792410 192497 91747
0b001f01 0b001a01 10000 100 1838 2001875536 115235 8474
0b001f01 0b001c01 10002 100 47308 2001997986 10025 8128
0b001501 0b001301 10000 100 4678 2002023267 45361 8713
0b001301 0b001701 10000 100 301119 2001963737 128135 33569
0b001f01 0b001c01 10003 100 6658 2002091683 5152 4719
0b001d01 0b001501 10000 100 17521 2001928150 181669 9790
0b001601 0b001c01 10000 100 8720 2002045588 95543 9052
0b001f01 0b001201 10002 100 804442 2002021781 149509 75766
0b001301 0b001d01 10001 100 71505 2002009810 166083 14316
0b001401 0b001101 10000 100 2501841 2000807410 1391491 218074
0b001801 0b001e01 10000 100 40554 2002244362 14585 11721
0b001e01 0b001a01 10000 100 9085 2002254996 9060 9085
0b001501 0b001401 10001 100 152285 2002298484 30006 16930
0b001001 0b001901 10000 100 57753 2002253231 106077 13162
0b001d01 0b001501 10001 100 87021 2002189898 170020 15619
0b001701 0b001401 10001 100 9328 2002359047 4912 4944
0b001401 0b001801 10000 100 500864 2002322900 53629 50312
0b001001 0b001701 10000 100 24532 2002392825 11557 10378
0b001f01 0b001101 10000 100 30470 2002257005 151892 10876
0b001e01 0b001001 10001 100 64363 2002400274 17739 13718
0b001f01 0b001301 10000 100 47228 2002420054 13415 12282
0b001301 0b001401 10000 100 65983 2002460075 14342 13852
0b001801 0b001201 10000 100 8991 2002207010 272064 9073
0b001b01 0b001601 10000 100 1986203 2001647140 912131 174846
0b001401 0b001601 10001 100 7599 2002590988 4763 4798
0b001901 0b001f01 10000 100 1684194 2002265593 362342 149525
0b001801 0b001701 10001 100 24795 2002482335 150336 10399
0b001001 0b001701 10001 100 939 2002560760 84990 8398
0b001b01 0b001901 10000 100 23549 2002437017 219775 6136
0b001201 0b001801 10001 100 4629 2002657641 9092 8709
0b001401 0b001801 10001 100 69480 2002561394 117739 14147
0b001501 0b001f01 10001 100 49609 2002639911 43937 12480
0b001801 0b001101 10000 100 30650 2002677408 11064 10891
0b001501 0b001d01 10001 100 1211850 2002474868 226001 109922
0b001101 0b001b01 10003 100 4165848 2001881674 834009 357585
0b001001 0b001c01 10000 100 79127 2002523907 196001 14957
0b001101 0b001e01 10000 100 234682 2002306772 422449 27996
0b001901 0b001301 10000 100 1131885 2002672803 151770 103217
0b001301 0b001c01 10000 100 1271926 2002208490 619269 114958
0b001001 0b001401 10000 100 6653 2002831494 9181 8879
0b001b01 0b001401 10000 100 662 2002598847 248258 8376
0b001501 0b001b01 10000 100 1083001 2002337530 525924 99122
0b001901 0b001101 10000 100 4666 2002866007 10793 8712
0b001d01 0b001901 10001 100 29624 2002723102 157271 10805
0b001e01 0b001001 10000 100 3534836 2001408098 1482934 304681
0b001a01 0b001801 10000 100 1493949 2002715622 178452 129412
0b001901 0b001c01 10001 100 34493 2002816528 78401 11213
0b001001 0b001d01 10001 100 27277 2002704195 190821 10609
0b001601 0b001301 10000 100 39277 2002723190 186910 11615
0b001401 0b001b01 10000 100 4040 2002781850 138995 8662
0b001301 0b001c01 10001 100 429948 2002853401 86070 44367
0b001401 0b001801 10002 100 22260 2002986781 27079 10189
0b001c01 0b001801 10000 100 2119 2002914059 101002 8501
0b001f01 0b001d01 10000 100 67648 2003000724 54664 9832
0b001b01 0b001d01 10000 100 6895 2002945602 126716 8898
0b001801 0b001d01 10001 100 876071 2002926083 157389 81773
0b001801 0b001e01 10001 100 37106 2003085126 17689 11434
0b001401 0b001901 10001 100 2129763 2001718832 1391516 186880
0b001a01 0b001f01 10001 100 666834 2002973531 140048 64228
0b001401 0b001a01 10000 100 1140833 2001814121 1308917 103968
0b001201 0b001c01 10000 100 1520625 2002692455 472586 135810
0b001601 0b001101 10001 100 12229 2003075180 119361 9348
0b001801 0b001b01 10001 100 4784 2003188102 6940 4561
0b001401 0b001601 10002 100 26405 2003230868 10575 6376
0b001801 0b001201 10001 100 11742 2003233132 23793 9305
0b001901 0b001501 10000 100 7192 2003214629 55070 8926
0b001201 0b001601 10000 100 20637 2003267836 14029 10051
0b001801 0b001601 10000 100 481924 2003112827 177235 48724
0b001101 0b001e01 10001 100 78190 2003241139 57545 14878
0b001801 0b001701 10002 100 69780 2003205884 101559 14171
0b001401 0b001a01 10002 100 544730 2003204096 135272 53991
0b001b01 0b001701 10001 100 1599778 2003053571 290019 142446
0b001e01 0b001901 10000 100 60756 2003341848 17198 13414
0b001201 0b001b01 10000 100 47961 2003223451 205986 12341
0b001801 0b001201 10002 100 5490 2003257783 176316 8782
0b001c01 0b001d01 10000 100 27570 2003424813 20800 6473
0b001d01 0b001401 10001 100 188429 2003385721 64874 24120
0b001901 0b001001 10001 100 148193 2003434384 20948 20747
0b001d01 0b001401 10002 100 12418 2003412346 45322 9363
0b001501 0b001301 10003 100 6060 2003450069 9418 8831
0b001d01 0b001101 10000 100 7593593 2000699806 2768876 644968
0b001d01 0b001201 10000 100 65862 2003455311 26583 13842
0b001201 0b001901 10000 100 4977 2003468735 19298 8737
0b001c01 0b001101 10001 100 940931 2002929165 560594 87207
0b001e01 0b001801 10000 100 123425 2003467033 43713 18670
0b001401 0b001a01 10003 100 55790 2003451799 59585 12998
0b001801 0b001601 10001 100 18326 2003496589 39331 9859
0b001801 0b001a01 10001 100 29053 2003535676 13859 6599
0b001f01 0b001501 10000 100 41832 2003513107 41533 11827
0b001b01 0b001901 10001 100 141 2003553668 4134 4175
0b001801 0b001401 10000 100 963959 2003129876 449633 89138
0b001701 0b001401 10002 100 7632 2003557241 23442 4801
0b001301 0b001601 10000 100 8604001 2001506852 2080296 729683
0b001a01 0b001e01 10000 100 54546 2003594216 25536 12894
0b001701 0b001b01 10000 100 554388 2003467995 155969 54802
0b001801 0b001301 10000 100 38727 2003618513 24726 11567
0b001e01 0b001501 10000 100 31068 2003599334 74245 10928
0b001b01 0b001601 10001 100 21751 2003584694 90553 10144
0b001801 0b001201 10003 100 891189 2003334124 346522 83040
0b001d01 0b001c01 10000 100 1085 2003601122 95860 4254
0b001901 0b001201 10000 100 121618 2003646262 57465 18517
0b001901 0b001801 10000 100 682995 2003601504 103932 61422
0b001101 0b001d01 10000 100 5836 2003680421 34011 8809
0b001d01 0b001901 10002 100 844668 2003569434 153077 79138
0b001801 0b001401 10001 100 17947 2003638598 108895 9824
0b001401 0b001b01 10001 100 6910 2003647743 107534 8899
0b001401 0b001901 10002 100 72204 2003671393 89368 14376
0b001001 0b001b01 10001 100 1432569 2001587315 2201465 128428
0b001701 0b001301 10000 100 8456 2003795434 9325 9031
0b001c01 0b001001 10000 100 21933 2003794722 25284 10159
0b001401 0b001e01 10003 100 590957 2003597067 254937 57866
0b001501 0b001b01 10001 100 39462 2003894531 47131 11630
0b001d01 0b001501 10002 100 35709 2003740608 202072 11314
0b001d01 0b001901 10000 100 3123091 2002555690 1452938 270163
0b001b01 0b001c01 10002 100 1838151 2002381876 1645315 162433
0b001801 0b001b01 10002 100 9131 2003979364 49578 4928
0b001e01 0b001d01 10000 100 76557 2004024661 23868 10580
0b001401 0b001801 10003 100 1083632 2003697693 378273 99173
0b001e01 0b001101 10001 100 8017 2004074252 28090 8995
0b001201 0b001e01 10000 100 46596 2004074691 29770 12228
0b001801 0b001a01 10002 100 1566538 2003662309 464380 135500
0b001101 0b001c01 10000 100 66734 2003989450 137728 13916
0b001501 0b001601 10000 100 49314 2004148274 12936 8297
0b001c01 0b001701 10001 100 35447 2004071796 90580 11294
0b001c01 0b001301 10001 100 345668 2004059879 108259 37302
0b001c01 0b001101 10000 100 1503563 2002237571 1968876 134380
0b001d01 0b001501 10003 100 66209 2004167401 56989 13874
0b001901 0b001b01 10000 100 5601 2004124675 100178 4631
0b001b01 0b001901 10002 100 68463 2004125976 134199 9902
0b001401 0b001e01 10004 100 1824175 2003706998 569642 161262
0b001901 0b001101 10001 100 48457 2004280699 15711 12384
0b001f01 0b001b01 10001 100 70576 2004178487 141779 14238
0b001d01 0b001b01 10000 100 8570768 2000292685 4028407 726894
0b001201 0b001001 10001 100 492 2004288643 42686 4203
0b001701 0b001101 10000 100 52122 2004318188 37364 12693
0b001901 0b001d01 10001 100 108359 2004310876 44895 17407
0b001f01 0b001701 10000 100 518550 2004263255 102949 51796
0b001201 0b001301 10000 100 1977 2004329991 61651 4325
0b001001 0b001d01 10000 100 4458857 2002507442 1893942 382151
0b001b01 0b001201 10000 100 74858 2004386462 41818 14596
0b001e01 0b001001 10002 100 8169 2004378548 55491 9008
0b001901 0b001801 10001 100 54144 2004404867 35760 8702
0b001701 0b001b01 10001 100 138000 2004400942 61526 19889
0b001c01 0b001601 10000 100 73538 2004421032 57340 14487
0b001901 0b001001 10002 100 6902 2004452772 81819 8899
0b001f01 0b001101 10001 100 1267085 2004312231 243642 114555
0b001e01 0b001a01 10002 100 67356 2004503526 53582 13969
0b001a01 0b001701 10000 100 9529090 2000756441 3814263 807242
0b001f01 0b001701 10001 100 7384 2004539740 41484 8941
0b001b01 0b001101 10000 100 103524 2004534127 56850 17001
0b001401 0b001201 10000 100 894810 2003420184 1196992 83341
0b001c01 0b001701 10000 100 7899947 2001401968 3226919 670651
0b001401 0b001701 10000 100 6924866 2003466085 1198439 584741
0b001e01 0b001a01 10001 100 3931900 2002698296 2039566 337970
0b001601 0b001401 10001 100 4478317 2003252547 1620676 379624
0b001201 0b001801 10002 100 3303630 2003064591 1872233 285297
0b001401 0b001e01 10001 100 1219993 2001869865 3073581 110604
0b001801 0b001601 10002 100 1014556 2003704249 1270937 93382
0b001b01 0b001401 10001 100 924802 2004743418 238004 85856
0b001b01 0b001d01 10001 100 721854 2003761894 1237763 68840
0b001501 0b001a01 10001 100 193819 2004874183 137757 24570
0b001a01 0b001601 10000 100 6239020 2002332120 2723219 531403
0b001201 0b001801 10000 100 7949506 2001783522 3287103 674808
0b001b01 0b001f01 10000 100 6579487 2002597678 2514028 559946
0b001701 0b001c01 10000 100 2079346 2003399396 1740178 182654
0b001501 0b001a01 10000 100 3705584 2002636582 2572970 318997
0b001701 0b001f01 10001 100 6694276 2001772227 3550094 569570
0b001701 0b001101 10001 100 1235608 2004356459 1113473 111914
0b001e01 0b001101 10000 100 11069790 2001634360 3850108 936412
0b001901 0b001c01 10002 100 1912928 2004369993 1242412 168700
0b001201 0b001c01 10001 100 4167647 2003440229 2283112 357736
0b001b01 0b001e01 10000 100 1820547 2004095578 1627812 160956
0b001c01 0b001901 10000 100 3300341 2004347051 1428075 285023
0b001b01 0b001701 10002 100 875883 2004706312 1076462 81754
0b001001 0b001c01 10001 100 686913 2004718062 1087822 65911
0b001101 0b001b01 10002 100 4563077 2001222727 4634626 390891
0b001b01 0b001c01 10001 100 5052215 2002276675 3819000 431900
0b001501 0b001901 10001 100 8852440 2002629246 3512912 750510
0b001b01 0b001f01 10002 100 1814394 2004644460 1546488 160441
0b001d01 0b001b01 10001 100 5490167 2002501099 3717659 468618
0b001701 0b001f01 10002 100 1938640 2004609478 1734270 170856
0b001501 0b001301 10001 100 8819391 2002050960 4346912 747740
0b001b01 0b001f01 10001 100 6557040 2004101358 2326246 558065
0b001b01 0b001c01 10000 100 9814811 2001554259 4931979 831194
0b001501 0b001301 10002 100 9187731 2002768531 3821969 778620
0b001c01 0b001701 10002 100 6023627 2004732583 1924702 513342
0b001801 0b001d01 10002 100 8638915 2003093450 3566542 732606
0b001601 0b001901 10000 100 6133197 2003448533 3217395 522530
0b001801 0b001201 10004 100 1992340 2004220353 2481056 175360
0b001801 0b001a01 10000 100 6352964 2002418288 4290655 536792
0b001201 0b001b01 10001 100 3028621 2004084248 2765246 262241
0b001901 0b001701 10000 100 8293147 2004790925 2293268 703620
0b001101 0b001201 10000 100 4684553 2003468707 3748154 396914
0b001201 0b001a01 10001 100 4712504 2004654066 2864699 403418
0b001001 0b001a01 10000 100 4386278 2004041446 3598762 376068
0b001401 0b001a01 10001 100 7058324 2002417519 5892037 600092
0b001201 0b001c01 10002 100 7991444 2004523054 3922187 678324
0b001801 0b001f01 10000 100 8850251 2002193285 6398665 750327
0b001501 0b001101 10000 100 16152540 2004827409 3845723 1362550
0b001501 0b001d01 10002 100 7478790 2003343383 5447275 635342
0b001401 0b001f01 10000 100 11109147 2004739905 4246551 939714
0b001801 0b001e01 10002 100 7377314 2004369121 5591955 626836
0b001f01 0b001b01 10000 100 24563807 2003598194 6795624 2067750
0b001101 0b001201 10001 100 21190346 2004254915 6505092 1780761
0b001501 0b001201 10000 100 29244883 2002960891 8797073 2460211
0b001401 0b001e01 10002 100 21408983 2002903698 10470495 1803249
0b001201 0b001d01 10000 100 18741267 2001036299 12502644 1579590
0b001701 0b001d01 10000 100 21715962 2003907122 10062749 1828986
0b001601 0b001a01 10002 100 29025935 2003672707 11602425 2441854
Average intra_dc ratio: 5.924623753276472
