0b000b01 0b001301 10000 100 29854 2000000147 1017976 1016873
0b000c01 0b001101 10000 100 3643 2000055838 1014830 1014676
0b000901 0b001601 10000 100 48906 2000062981 1018377 1018470
0b000501 0b001f01 10000 100 21146 2000076275 1016082 1016146
0b000101 0b001201 10000 100 748244 2000038178 1122988 1077105
0b000a01 0b001d01 10000 100 139171 2000263434 1026481 1026041
0b000601 0b001901 10000 100 2293 2000321743 1014760 1014564
0b000901 0b001001 10000 100 13003 2000342891 1016422 1015464
0b000a01 0b001601 10000 100 30890 2000363688 1062280 1016960
0b000401 0b001201 10001 100 29252 2000419491 1033190 1016825
0b000601 0b001d01 10000 100 27211 2000451990 1021300 1016654
0b000c01 0b001f01 10000 100 1207 2000465241 1014420 1014474
0b000701 0b001401 10000 100 957513 2000283778 1252183 1094649
0b000f01 0b001501 10000 100 55910 2000431379 1170119 1019057
0b000501 0b001a01 10000 100 140916 2000562448 1042398 1026184
0b000e01 0b001501 10000 100 1440416 2000287358 1339218 1135136
0b000c01 0b001801 10000 100 41056 2000637510 1018838 1017815
0b000f01 0b001c01 10000 100 621444 2000354521 1307938 1066474
0b000501 0b001401 10000 100 39449 2000649017 1020828 1017679
0b000101 0b001e01 10000 100 24441 2000661087 1016348 1016421
0b000a01 0b001301 10000 100 1748 2000676051 1014563 1014517
0b000b01 0b001101 10000 100 55637 2000671398 1069425 1019036
0b000401 0b001201 10000 100 2623604 2000414602 1364054 1234334
0b000701 0b001901 10000 100 3057847 2000365898 1429701 1270740
0b000c01 0b001401 10000 100 57172 2000795222 1021163 1019166
0b000b01 0b001201 10000 100 6259 2000814747 1014968 1014897
0b000d01 0b001601 10000 100 1435732 2000464442 1377760 1134742
0b000901 0b001401 10000 100 2995 2000833609 1014665 1014621
0b000801 0b001e01 10000 100 3957 2000912754 1015239 1014701
0b000301 0b001b01 10000 100 386735 2000655164 1283779 1046794
0b000b01 0b001501 10000 100 3646950 2000313219 1644887 1320130
0b000f01 0b001501 10001 100 170581 2000575473 1385588 1028673
0b000701 0b001901 10001 100 25248 2000958497 1016429 1016489
0b000801 0b001601 10000 100 4501 2000975502 1014692 1014749
0b000d01 0b001501 10000 100 3169147 2000254976 1823204 1280074
0b000401 0b001d01 10000 100 57522 2000875408 1234414 1019194
0b000501 0b001001 10000 100 52668 2001102389 1028964 1018786
0b000801 0b001d01 10000 100 1694793 2000742017 1407300 1156462
0b000401 0b001b01 10000 100 31422 2001083473 1086529 1017006
0b000701 0b001f01 10000 100 179 2001234334 1052955 1014388
0b000d01 0b001e01 10000 100 411128 2001175223 1127075 1048842
0b000d01 0b001901 10000 100 734395 2000939502 1390767 1075944
0b000d01 0b001c01 10001 100 70216 2001201278 1143280 1020259
0b000d01 0b001401 10000 100 6602 2001315019 1081953 1014925
0b000f01 0b001f01 10000 100 1931357 2001150223 1362503 1176297
0b000301 0b001401 10000 100 1633970 2000269466 2382494 1151362
0b000e01 0b001b01 10000 100 9946257 2000549393 2255374 1848267
0b000001 0b001d01 10000 100 1149707 2000532925 2276685 1110762
0b000a01 0b001d01 10001 100 3768633 2001439600 1561572 1330333
0b000801 0b001501 10000 100 5266199 2001275863 1947741 1455891
0b000601 0b001401 10000 100 4916405 2001159547 2833123 1426563
0b000201 0b001601 10000 100 6814154 2000353880 4030888 1585671
0b000201 0b001501 10000 100 2895803 2001188786 3443654 1257154
0b000d01 0b001c01 10000 100 9547282 2000015036 4630848 1814816
0b000001 0b001c01 10000 100 8240037 2000122117 4574592 1705218
0b000801 0b001001 10000 100 9876824 2001097038 3687466 1842443
0b000501 0b001d01 10000 100 10469815 2000598883 5061281 1892160
0b000401 0b001201 10002 100 26496184 2000996812 6068005 3235813
Average intra_dc ratio: 1.3056761698863975
