2079 
17 21 3 100 4351727 2.000001640
1 18 3 100 671860 2.000020084
26 30 3 100 55151 2.000023043
16 25 3 100 45993 2.000030903
10 24 3 100 47473 2.000039897
24 22 3 100 39578 2.000054774
21 25 3 100 15159 2.000100316
18 31 3 100 7847 2.000121810
26 22 3 100 35478 2.000125674
22 31 3 100 912552 2.000135743
30 16 3 100 6238921 2.000149753
24 19 3 100 73740 2.000155204
27 16 3 100 602667 2.000167892
27 23 3 100 3268 2.000171086
27 18 3 100 17741 2.000196181
24 17 3 100 6602 2.000207221
15 23 3 100 7966722 2.000214695
17 19 3 100 36219 2.000224902
20 16 3 100 413901 2.000247528
27 23 3 100 7479 2.000253519
21 27 3 100 3899882 2.000278155
0 25 3 100 4583922 2.000286309
30 31 3 100 494169 2.000290358
26 23 3 100 7378796 2.000318649
24 31 3 100 25025 2.000320837
31 24 3 100 1651388 2.000328776
24 26 3 100 27349275 2.000369872
24 23 3 100 27020 2.000383100
31 25 3 100 28218 2.000392604
29 30 3 100 2540910 2.000394285
20 31 3 100 2551161 2.000429732
21 27 3 100 11428 2.000481206
19 21 3 100 9456708 2.000492092
29 31 3 100 13871 2.000493422
18 21 3 100 20305 2.000531539
17 18 3 100 459480 2.000538192
21 25 3 100 21704 2.000561061
13 19 3 100 45013 2.000586969
15 18 3 100 2887529 2.000592077
31 22 3 100 27396 2.000611018
30 23 3 100 68886 2.000632194
31 28 3 100 2944908 2.000682554
22 23 3 100 589080 2.000692669
30 27 3 100 25652 2.000727368
25 21 3 100 73584 2.000733903
28 23 3 100 5184 2.000740295
18 29 3 100 103575 2.000754499
26 17 3 100 1910 2.000769854
31 19 3 100 6649301 2.000772860
7 31 3 100 6178 2.000780130
28 31 3 100 6400801 2.000781272
20 23 3 100 1707 2.000786301
21 22 3 100 4089224 2.000800602
27 31 3 100 9739 2.000803983
24 19 3 100 18962793 2.000822644
24 29 3 100 26777 2.000836578
16 21 3 100 8364887 2.000874656
27 29 3 100 2120694 2.000891110
26 18 3 100 24553 2.000965474
29 17 3 100 1671709 2.000975300
17 24 3 100 1421413 2.001036929
23 20 3 100 5213 2.001050686
28 22 3 100 1493769 2.001059324
29 16 3 100 2064920 2.001063981
17 19 3 100 4244620 2.001081899
21 20 3 100 7857 2.001090351
26 23 3 100 4171553 2.001105248
31 30 3 100 377157 2.001107645
30 24 3 100 93486 2.001111013
19 28 3 100 43952 2.001119411
18 27 3 100 78777 2.001138763
18 25 3 100 310460 2.001152635
25 28 3 100 103835 2.001163682
18 20 3 100 13464 2.001214126
21 17 3 100 95779 2.001227018
24 23 3 100 1712981 2.001239913
18 31 3 100 9907 2.001260326
30 25 3 100 13867 2.001281226
25 16 3 100 29420835 2.001292578
29 24 3 100 1245390 2.001313300
24 25 3 100 3269 2.001332225
28 18 3 100 25186 2.001335711
30 19 3 100 43809 2.001359040
21 22 3 100 59317 2.001359502
31 27 3 100 15655 2.001380063
29 31 3 100 1063947 2.001400856
29 17 3 100 34506 2.001406818
24 22 3 100 526733 2.001421585
17 25 3 100 672096 2.001431892
25 31 3 100 57300 2.001443147
28 25 3 100 1213790 2.001454614
31 17 3 100 525 2.001456096
25 24 3 100 165941 2.001457700
31 22 3 100 11486 2.001460471
20 27 3 100 4115022 2.001465091
21 22 3 100 16903 2.001470347
20 31 3 100 4002973 2.001528661
17 27 3 100 63506 2.001560412
27 18 3 100 17741 2.001604080
19 24 3 100 24017 2.001624890
28 29 3 100 3464798 2.001653868
27 25 3 100 2158 2.001672373
17 22 3 100 68112 2.001688972
22 31 3 100 16094 2.001697188
18 31 3 100 28738235 2.001712341
22 30 3 100 736583 2.001738489
20 23 3 100 694411 2.001745377
1 28 3 100 27980 2.001791859
27 26 3 100 2901012 2.001808998
31 20 3 100 20724 2.001812664
22 16 3 100 5867898 2.001823744
18 31 3 100 3860926 2.001834513
30 16 3 100 64455 2.001837181
27 16 3 100 42903 2.001858288
19 20 3 100 5825 2.001860661
16 28 3 100 5366607 2.001865291
19 16 3 100 3376054 2.001880215
22 17 3 100 6446681 2.001899984
25 28 3 100 2460543 2.001910084
16 19 3 100 20345 2.001910382
28 19 3 100 770994 2.001928183
19 28 3 100 3787207 2.001951233
22 30 3 100 13074 2.001955832
26 27 3 100 8841 2.001976466
13 25 3 100 6925 2.002020367
23 29 3 100 2276 2.002032691
25 22 3 100 5820631 2.002032924
9 16 3 100 3289833 2.002039294
17 22 3 100 176080 2.002065811
25 29 3 100 89748 2.002070272
24 17 3 100 8969233 2.002082098
31 27 3 100 3965103 2.002094599
22 29 3 100 737851 2.002101246
27 23 3 100 853441 2.002110552
22 16 3 100 50474 2.002129981
19 25 3 100 8175782 2.002136908
16 29 3 100 7483484 2.002145074
28 31 3 100 48277 2.002147698
23 17 3 100 4416097 2.002157938
29 25 3 100 26881 2.002164124
22 29 3 100 15058717 2.002164166
3 16 3 100 5326334 2.002173489
25 16 3 100 6338279 2.002272393
28 26 3 100 26248 2.002281073
17 23 3 100 33919 2.002286247
31 23 3 100 76540 2.002289905
21 19 3 100 23078942 2.002291760
31 27 3 100 2890 2.002312745
30 31 3 100 1690234 2.002314002
30 23 3 100 183469 2.002319100
31 18 3 100 9190726 2.002325322
31 27 3 100 1867545 2.002349212
20 19 3 100 9479 2.002408490
23 21 3 100 68850 2.002422539
23 22 3 100 819733 2.002436570
22 26 3 100 61265 2.002439871
19 23 3 100 24594 2.002450319
27 18 3 100 182529 2.002471064
26 20 3 100 56795 2.002486360
27 30 3 100 32541 2.002491361
29 30 3 100 1120996 2.002514592
24 21 3 100 26273 2.002523302
31 26 3 100 559443 2.002525131
18 29 3 100 189662 2.002530504
21 22 3 100 42267 2.002532661
31 18 3 100 4741802 2.002559281
18 30 3 100 1902215 2.002568852
20 30 3 100 38998 2.002589165
23 19 3 100 75647 2.002599987
21 30 3 100 9174564 2.002608835
13 17 3 100 27004 2.002643279
28 22 3 100 462519 2.002669637
31 30 3 100 1650608 2.002688759
25 23 3 100 6208107 2.002724373
18 24 3 100 27248721 2.002725354
29 21 3 100 692942 2.002775070
13 18 3 100 2806482 2.002786214
18 25 3 100 15474 2.002788106
26 31 3 100 195393 2.002793916
16 20 3 100 1003784 2.002798535
31 26 3 100 71829 2.002799472
19 30 3 100 1312546 2.002815623
16 22 3 100 54547 2.002824058
16 21 3 100 772 2.002835165
24 16 3 100 5647862 2.002837200
19 22 3 100 9472 2.002866203
23 28 3 100 114 2.002866960
5 16 3 100 58750 2.002876664
19 16 3 100 1994792 2.002880378
22 25 3 100 7734 2.002883152
30 29 3 100 3627602 2.002895167
22 25 3 100 3041 2.002912374
11 16 3 100 3752581 2.002916534
30 20 3 100 5745 2.002932613
21 31 3 100 2027282 2.002936554
18 29 3 100 95320 2.002955962
31 28 3 100 7551163 2.002958072
27 20 3 100 4686939 2.003000732
19 16 3 100 9643 2.003003224
26 30 3 100 4365176 2.003023106
24 21 3 100 229332 2.003037578
19 29 3 100 4507116 2.003047325
19 28 3 100 51063 2.003049630
28 25 3 100 76728 2.003075107
27 17 3 100 34983 2.003076325
2 24 3 100 2350655 2.003091588
31 29 3 100 74847 2.003100493
16 24 3 100 42427 2.003101510
17 20 3 100 5930472 2.003108545
16 31 3 100 4649 2.003110734
28 16 3 100 8479 2.003111792
24 29 3 100 71034 2.003127664
27 24 3 100 3993 2.003151104
23 29 3 100 3260148 2.003168347
21 30 3 100 1241498 2.003218720
25 20 3 100 41492 2.003220470
28 27 3 100 28651904 2.003224754
29 21 3 100 2478651 2.003231495
29 31 3 100 129480 2.003237196
29 25 3 100 22235 2.003241618
20 24 3 100 332888 2.003241803
25 30 3 100 13748 2.003244673
22 31 3 100 9906 2.003255562
26 18 3 100 44576 2.003264156
30 24 3 100 20745 2.003269645
19 29 3 100 5827 2.003272256
24 19 3 100 20679 2.003275935
27 17 3 100 1436964 2.003287633
25 16 3 100 20724 2.003314291
25 24 3 100 36441 2.003328502
27 21 3 100 1154680 2.003329702
22 17 3 100 157549 2.003334590
22 27 3 100 123929 2.003385931
30 31 3 100 30021 2.003404826
26 21 3 100 55492 2.003405891
25 18 3 100 15519 2.003428076
30 26 3 100 560941 2.003441721
27 25 3 100 312367 2.003443792
26 17 3 100 8668 2.003467195
21 29 3 100 3835553 2.003484389
10 25 3 100 49808 2.003501110
30 28 3 100 15447 2.003504253
21 18 3 100 5009 2.003504962
1 20 3 100 54357 2.003514122
18 19 3 100 22727 2.003523344
19 28 3 100 8144500 2.003543574
29 17 3 100 2808420 2.003547698
27 26 3 100 20060 2.003582811
23 20 3 100 311156 2.003624983
20 17 3 100 29962 2.003650460
18 30 3 100 78398 2.003663923
1 22 3 100 43913 2.003674620
26 19 3 100 11179427 2.003692990
25 23 3 100 25641 2.003702688
30 17 3 100 28436 2.003723779
29 30 3 100 418643 2.003732231
30 18 3 100 7458523 2.003749259
29 17 3 100 66522 2.003780587
12 31 3 100 167038 2.003783810
21 20 3 100 45756 2.003787203
31 29 3 100 45880 2.003787849
24 28 3 100 3243 2.003792121
17 24 3 100 1799439 2.003805298
11 16 3 100 296087 2.003808092
24 21 3 100 17380 2.003821441
21 16 3 100 436662 2.003822418
22 23 3 100 9554 2.003827030
29 24 3 100 1768573 2.003862587
17 26 3 100 39369 2.003863283
16 27 3 100 26419981 2.003899684
15 26 3 100 1230356 2.003900492
22 19 3 100 4711 2.003916706
25 24 3 100 27059 2.003932028
20 21 3 100 29442 2.003983908
23 18 3 100 69662 2.004000269
27 24 3 100 222358 2.004003881
19 28 3 100 1249188 2.004031106
21 25 3 100 50111 2.004044713
29 26 3 100 4752832 2.004087854
14 21 3 100 6140 2.004101284
28 18 3 100 55460 2.004102294
17 28 3 100 1369643 2.004110491
26 30 3 100 73733 2.004111558
25 21 3 100 101999 2.004116534
18 30 3 100 20835 2.004122912
18 19 3 100 917952 2.004141375
27 25 3 100 3847009 2.004157752
27 28 3 100 6947885 2.004163780
22 31 3 100 5738 2.004166362
16 26 3 100 6563 2.004170668
18 28 3 100 20844 2.004189426
23 28 3 100 27624 2.004204725
16 18 3 100 18496 2.004210000
27 21 3 100 29038311 2.004264439
24 17 3 100 1935975 2.004270565
16 29 3 100 3048923 2.004271604
25 27 3 100 189627 2.004359852
31 24 3 100 928109 2.004361984
6 19 3 100 15136 2.004391275
19 31 3 100 65108 2.004438078
16 21 3 100 11555 2.004438958
20 28 3 100 107484 2.004441589
17 27 3 100 4451 2.004450764
17 20 3 100 29077 2.004460403
24 25 3 100 175877 2.004460994
30 29 3 100 54939 2.004481671
20 27 3 100 1278980 2.004503241
31 21 3 100 3592857 2.004511323
24 22 3 100 22938 2.004511500
22 24 3 100 2083726 2.004531609
21 31 3 100 33537 2.004552945
18 30 3 100 750650 2.004557075
21 26 3 100 45220 2.004557286
30 20 3 100 2263594 2.004563748
20 24 3 100 76965 2.004620524
19 31 3 100 2704091 2.004633224
23 30 3 100 2255816 2.004634476
25 22 3 100 6499 2.004653278
20 28 3 100 61198 2.004662991
25 19 3 100 169926 2.004667284
30 26 3 100 1395107 2.004675122
20 21 3 100 9475 2.004679605
17 20 3 100 5702689 2.004692892
22 17 3 100 29775 2.004705528
25 23 3 100 3307 2.004723893
23 22 3 100 1403 2.004774032
30 18 3 100 52434 2.004802388
18 28 3 100 1594748 2.004812969
27 19 3 100 77030 2.004817735
22 19 3 100 2757061 2.004819200
29 28 3 100 168655 2.004842256
9 25 3 100 867963 2.004848214
14 19 3 100 15917 2.004855135
19 27 3 100 10606 2.004874811
19 30 3 100 5481980 2.004935778
30 18 3 100 2653174 2.004937377
19 18 3 100 49514 2.004951946
21 26 3 100 1640881 2.004964211
17 31 3 100 106 2.004971769
21 22 3 100 52808 2.004981079
17 27 3 100 29056 2.004988937
22 27 3 100 2532 2.005002691
19 27 3 100 15214 2.005004736
16 22 3 100 9808 2.005013832
25 26 3 100 26668 2.005032538
18 17 3 100 7802 2.005037251
19 27 3 100 7703 2.005070157
20 18 3 100 67895 2.005075083
17 24 3 100 28318 2.005124077
26 22 3 100 22025 2.005150512
19 20 3 100 9567535 2.005175786
17 20 3 100 74224 2.005177657
29 23 3 100 14150 2.005179872
9 28 3 100 3502804 2.005185548
25 20 3 100 294040 2.005197990
20 16 3 100 172675 2.005213702
6 30 3 100 23658 2.005220626
3 18 3 100 2198 2.005225777
31 22 3 100 929916 2.005229276
23 29 3 100 1351254 2.005229696
20 27 3 100 696847 2.005279408
26 29 3 100 4458245 2.005290714
24 29 3 100 2112956 2.005299049
27 22 3 100 576 2.005311879
25 21 3 100 73120 2.005345840
20 23 3 100 2420001 2.005385959
16 28 3 100 48050 2.005393805
26 28 3 100 39237 2.005393834
26 25 3 100 2626 2.005394372
21 31 3 100 5480362 2.005403012
16 29 3 100 267935 2.005404670
18 25 3 100 1224868 2.005419176
24 29 3 100 15223 2.005426207
19 16 3 100 190705 2.005451778
7 30 3 100 138440 2.005453024
25 18 3 100 1878917 2.005476546
17 25 3 100 27751933 2.005478686
30 17 3 100 596612 2.005510685
30 25 3 100 26716 2.005575040
23 27 3 100 7308 2.005582333
12 23 3 100 140589 2.005589357
17 27 3 100 5228 2.005627893
22 23 3 100 1175514 2.005642859
18 28 3 100 56454 2.005643396
22 28 3 100 164475 2.005682929
26 23 3 100 741545 2.005699611
30 24 3 100 35713 2.005722646
26 19 3 100 22750 2.005733992
21 17 3 100 61829 2.005740071
28 18 3 100 41200 2.005744813
6 20 3 100 17466680 2.005762736
16 22 3 100 23366 2.005780621
18 25 3 100 84440 2.005790763
17 25 3 100 23986 2.005837590
25 28 3 100 355429 2.005847832
27 24 3 100 28012 2.005849434
17 24 3 100 58301 2.005858087
22 29 3 100 9327 2.005864019
27 17 3 100 3987467 2.005865665
27 29 3 100 20102 2.005879747
23 29 3 100 3781174 2.005891863
27 19 3 100 15332 2.005902055
16 29 3 100 2821482 2.005926078
23 22 3 100 6456664 2.005930039
24 25 3 100 355010 2.005930629
28 27 3 100 6709 2.005934749
30 23 3 100 31771 2.005938057
21 30 3 100 3803155 2.005939813
31 18 3 100 48004 2.005944664
31 17 3 100 26870750 2.006007162
21 16 3 100 139597 2.006008992
25 21 3 100 58427 2.006025460
18 22 3 100 28156 2.006051588
30 31 3 100 139004 2.006070212
30 29 3 100 6819283 2.006071489
3 20 3 100 385896 2.006077809
31 30 3 100 56187 2.006079624
18 28 3 100 3182730 2.006085832
20 19 3 100 5312909 2.006143128
19 21 3 100 1595 2.006163729
26 24 3 100 15766 2.006195115
18 21 3 100 7019 2.006208938
24 18 3 100 11073 2.006210153
23 28 3 100 20757 2.006212081
30 25 3 100 39492 2.006218355
24 25 3 100 66619 2.006243349
18 19 3 100 78383 2.006245136
25 26 3 100 74266 2.006245156
18 19 3 100 8939 2.006250623
16 31 3 100 4551915 2.006270146
26 18 3 100 7287333 2.006276499
17 23 3 100 27502 2.006285865
14 16 3 100 65548 2.006326053
19 26 3 100 1152212 2.006328829
31 23 3 100 28002440 2.006349058
29 18 3 100 632934 2.006370396
20 23 3 100 6475571 2.006387518
18 29 3 100 26805 2.006393896
23 16 3 100 63629 2.006415792
30 26 3 100 24616338 2.006419151
25 19 3 100 141566 2.006443659
1 27 3 100 21175 2.006466377
18 24 3 100 906507 2.006466929
22 31 3 100 25052 2.006514862
27 31 3 100 3754649 2.006556431
23 27 3 100 543 2.006566175
26 30 3 100 53385 2.006616571
23 25 3 100 76404 2.006638053
17 27 3 100 1651729 2.006638954
27 22 3 100 788033 2.006686153
23 20 3 100 13307 2.006689954
27 23 3 100 59920 2.006690399
19 28 3 100 75670 2.006694386
27 22 3 100 4226256 2.006725098
26 17 3 100 22791 2.006739445
25 31 3 100 803390 2.006748128
19 27 3 100 24630 2.006760489
26 23 3 100 100863 2.006770298
25 30 3 100 28509 2.006784203
20 17 3 100 25985 2.006810914
26 16 3 100 26508 2.006832456
16 25 3 100 54115 2.006858494
26 16 3 100 55997 2.006869714
31 28 3 100 8903 2.006939784
26 27 3 100 23978 2.006967963
9 29 3 100 166917 2.006996770
30 23 3 100 22316 2.007033373
20 31 3 100 1529319 2.007059317
21 30 3 100 28298768 2.007063642
7 29 3 100 1464 2.007065392
26 27 3 100 1889632 2.007085810
30 27 3 100 3887827 2.007113079
24 30 3 100 221902 2.007139999
23 26 3 100 693 2.007150638
8 22 3 100 180269 2.007153762
26 29 3 100 48663 2.007178955
25 16 3 100 1305643 2.007181753
27 23 3 100 83547 2.007229662
28 23 3 100 11281 2.007280724
16 28 3 100 62065 2.007285714
16 28 3 100 74662 2.007295130
26 16 3 100 134847 2.007305013
22 24 3 100 969744 2.007306815
21 23 3 100 70515 2.007308138
25 24 3 100 92050 2.007311550
17 24 3 100 28470678 2.007336017
17 23 3 100 53747 2.007358229
18 19 3 100 59486 2.007368396
29 24 3 100 6335 2.007422308
25 24 3 100 704714 2.007442900
23 24 3 100 365977 2.007453554
28 31 3 100 144571 2.007456307
31 30 3 100 18266853 2.007457927
18 31 3 100 6296 2.007461672
18 24 3 100 140046 2.007467051
16 28 3 100 3965519 2.007500892
30 18 3 100 3285506 2.007529849
24 23 3 100 1531495 2.007545823
26 31 3 100 39764 2.007604669
26 24 3 100 56802 2.007621592
16 21 3 100 3269394 2.007654494
29 16 3 100 8567035 2.007665581
20 28 3 100 4595002 2.007678166
31 28 3 100 5567 2.007679510
5 16 3 100 5180 2.007696943
30 17 3 100 541173 2.007697507
28 21 3 100 3876983 2.007701741
16 20 3 100 3712865 2.007715929
24 17 3 100 13627 2.007723341
25 22 3 100 1566 2.007728572
18 17 3 100 42187 2.007734462
17 23 3 100 6400533 2.007741974
17 20 3 100 68803 2.007746841
28 27 3 100 27532 2.007779279
30 24 3 100 1476 2.007788933
18 23 3 100 2794 2.007800286
16 22 3 100 1792233 2.007850598
22 20 3 100 216 2.007872642
18 19 3 100 1555 2.007889825
21 17 3 100 18987 2.007899064
27 16 3 100 77921 2.007909671
23 22 3 100 65579 2.007911946
28 18 3 100 49753 2.007942781
31 26 3 100 9733 2.007943202
20 27 3 100 9674 2.007958404
2 19 3 100 1249801 2.007968906
23 18 3 100 1635 2.007975417
9 26 3 100 59797 2.008063686
24 28 3 100 2742 2.008069003
22 30 3 100 90725 2.008069138
26 31 3 100 758486 2.008070309
23 26 3 100 1454679 2.008090408
25 21 3 100 12567 2.008102108
25 18 3 100 1960542 2.008107672
22 18 3 100 573932 2.008122793
27 26 3 100 15070 2.008123801
31 27 3 100 75 2.008124381
28 16 3 100 49088 2.008125243
31 28 3 100 584079 2.008127811
28 27 3 100 40525 2.008131455
28 30 3 100 24827 2.008138010
17 27 3 100 788391 2.008142135
19 29 3 100 47587 2.008146361
17 30 3 100 72762 2.008153990
17 16 3 100 74550 2.008199617
16 25 3 100 1199839 2.008209878
7 28 3 100 63861 2.008223958
23 30 3 100 349485 2.008227629
16 26 3 100 54397 2.008249099
26 18 3 100 45152 2.008249350
29 23 3 100 4889297 2.008281274
16 26 3 100 78959 2.008284689
20 16 3 100 21211 2.008301392
26 24 3 100 662277 2.008308818
17 20 3 100 17631 2.008329124
2 21 3 100 19257 2.008336077
21 24 3 100 2557953 2.008338360
28 21 3 100 2789822 2.008339657
8 25 3 100 461090 2.008351927
20 23 3 100 1669733 2.008359212
29 18 3 100 8204 2.008363222
1 29 3 100 11284 2.008373643
25 27 3 100 627835 2.008379139
19 25 3 100 1468862 2.008384755
28 19 3 100 4521924 2.008386459
27 29 3 100 52661 2.008387617
21 23 3 100 2767054 2.008388473
17 25 3 100 490885 2.008399808
22 31 3 100 1839153 2.008409516
24 31 3 100 6161180 2.008410102
29 27 3 100 1290 2.008436252
17 16 3 100 1810770 2.008438494
28 20 3 100 16099955 2.008445965
20 29 3 100 3782764 2.008448614
25 21 3 100 71713 2.008453468
31 20 3 100 10331 2.008456240
31 23 3 100 68679 2.008460474
25 31 3 100 158491 2.008460576
24 26 3 100 485875 2.008496687
20 26 3 100 70 2.008513010
23 25 3 100 16526229 2.008557279
22 19 3 100 63843 2.008568988
16 25 3 100 73870 2.008599780
29 18 3 100 90624 2.008616961
16 21 3 100 44330 2.008628958
16 30 3 100 1033261 2.008632791
4 17 3 100 64938 2.008646781
28 24 3 100 1739262 2.008674572
24 22 3 100 9660 2.008718910
2 17 3 100 1381486 2.008727773
29 23 3 100 996963 2.008733518
20 17 3 100 1994587 2.008808540
5 16 3 100 1318112 2.008810005
22 27 3 100 29930 2.008811530
24 26 3 100 7281 2.008818503
14 18 3 100 5859240 2.008818865
31 27 3 100 69409 2.008836145
30 31 3 100 11553 2.008845341
21 31 3 100 28284384 2.008862374
23 19 3 100 56782 2.008864987
20 31 3 100 43785 2.008871493
29 30 3 100 71674 2.008880426
28 26 3 100 31925 2.008889299
18 20 3 100 4591 2.008910059
2 31 3 100 4996857 2.008917670
19 29 3 100 72445 2.008927329
26 29 3 100 180354 2.008934746
26 17 3 100 39992 2.008942051
21 28 3 100 493008 2.008943703
21 28 3 100 1372 2.008953238
16 18 3 100 4263250 2.008964514
31 23 3 100 9387641 2.008969132
29 22 3 100 1641403 2.008978286
29 23 3 100 69329 2.008985997
16 17 3 100 64176 2.009005160
24 29 3 100 9172542 2.009035626
23 27 3 100 22367 2.009042593
27 26 3 100 1154970 2.009078310
10 23 3 100 286458 2.009123293
27 17 3 100 60185 2.009131700
19 28 3 100 58489 2.009153182
19 16 3 100 25419 2.009178380
23 25 3 100 1826414 2.009182413
0 26 3 100 42542 2.009201022
31 20 3 100 8756 2.009201332
27 28 3 100 306280 2.009207894
30 26 3 100 5689 2.009224911
20 16 3 100 11064 2.009230349
24 31 3 100 27102 2.009261730
21 18 3 100 26836 2.009289817
19 18 3 100 1073470 2.009303189
9 19 3 100 3755796 2.009317639
18 30 3 100 6353626 2.009322918
19 27 3 100 19712 2.009355476
17 24 3 100 32857 2.009364453
26 31 3 100 29446 2.009398720
27 31 3 100 25058 2.009419617
17 24 3 100 20761 2.009432603
31 28 3 100 37836 2.009452158
26 27 3 100 3762084 2.009494200
16 28 3 100 1329655 2.009502296
24 27 3 100 4930530 2.009506209
29 17 3 100 23979 2.009518585
26 18 3 100 7846 2.009535247
20 18 3 100 4841314 2.009547403
17 23 3 100 72155 2.009552987
28 16 3 100 1064295 2.009562379
30 20 3 100 5039252 2.009563315
19 25 3 100 335316 2.009564283
17 28 3 100 26909 2.009564807
29 20 3 100 964124 2.009593501
29 21 3 100 48503 2.009601359
30 16 3 100 8294 2.009605249
13 17 3 100 593427 2.009640616
27 25 3 100 59458 2.009645396
18 17 3 100 388515 2.009686162
26 30 3 100 7074100 2.009692936
12 22 3 100 409779 2.009695181
19 26 3 100 56098 2.009716010
28 30 3 100 1611276 2.009718965
31 24 3 100 9626 2.009758275
28 20 3 100 28347 2.009760803
17 22 3 100 537 2.009797258
19 25 3 100 2570651 2.009829469
19 23 3 100 8762568 2.009872286
31 28 3 100 13714 2.009885232
19 31 3 100 485 2.009889416
20 17 3 100 49401 2.009899363
21 25 3 100 72287 2.009905868
13 16 3 100 9419 2.009909819
16 19 3 100 1847 2.009920596
26 18 3 100 219361 2.009956043
25 29 3 100 3169672 2.009960342
16 23 3 100 1889 2.009963348
3 28 3 100 20803 2.009965642
30 31 3 100 41011 2.009989480
1 16 3 100 2648002 2.009993735
17 24 3 100 196570 2.009999979
30 18 3 100 428324 2.010003918
22 29 3 100 4498 2.010013161
26 18 3 100 76955 2.010023706
28 29 3 100 1701891 2.010028712
25 19 3 100 24097 2.010032660
29 30 3 100 160682 2.010043824
17 16 3 100 302682 2.010051455
17 20 3 100 63704 2.010051886
29 24 3 100 1645501 2.010100404
22 20 3 100 61647 2.010107445
30 25 3 100 57250 2.010113154
16 29 3 100 51408 2.010114544
5 30 3 100 1820497 2.010115631
20 23 3 100 5172 2.010125381
28 18 3 100 15320 2.010127100
30 23 3 100 26841 2.010145283
17 19 3 100 998178 2.010155378
24 18 3 100 5702 2.010167444
20 26 3 100 2393757 2.010171869
20 28 3 100 5705797 2.010181078
12 18 3 100 4696385 2.010208133
21 24 3 100 2088 2.010220621
14 17 3 100 462424 2.010241626
25 30 3 100 155078 2.010249732
17 24 3 100 318368 2.010260804
23 24 3 100 13391 2.010274363
23 19 3 100 79690 2.010280795
31 24 3 100 44090 2.010288842
25 29 3 100 53887 2.010298397
17 24 3 100 649618 2.010321679
20 24 3 100 3871 2.010324911
24 20 3 100 7663672 2.010410121
17 16 3 100 4082084 2.010426153
23 24 3 100 186857 2.010426553
30 28 3 100 1660087 2.010445164
23 20 3 100 55975 2.010455307
18 19 3 100 7221 2.010457500
23 26 3 100 107693 2.010499962
27 31 3 100 76755 2.010504618
8 30 3 100 2709813 2.010506036
30 29 3 100 37850 2.010519477
25 23 3 100 18336 2.010528105
24 19 3 100 1223784 2.010536991
13 25 3 100 8379 2.010592450
21 31 3 100 4405690 2.010598370
17 29 3 100 9291075 2.010633641
22 26 3 100 1386582 2.010636464
30 27 3 100 20964 2.010666496
22 31 3 100 4569454 2.010696778
29 17 3 100 1523054 2.010698057
17 30 3 100 1971541 2.010703380
21 23 3 100 2460 2.010705657
22 18 3 100 17443 2.010716285
20 18 3 100 42484 2.010732236
17 24 3 100 7155 2.010767555
21 29 3 100 9749909 2.010772719
21 26 3 100 4849965 2.010772969
21 22 3 100 7369 2.010776122
30 19 3 100 74535 2.010776357
21 24 3 100 43083 2.010780184
15 20 3 100 7880 2.010781312
27 22 3 100 2319477 2.010781322
16 27 3 100 2858961 2.010801389
25 27 3 100 4371 2.010802960
23 21 3 100 31162 2.010829708
17 27 3 100 9598748 2.010842363
6 31 3 100 859461 2.010853562
24 25 3 100 502086 2.010876846
16 22 3 100 17809 2.010885973
15 29 3 100 5881673 2.010886990
26 16 3 100 20002 2.010901922
20 21 3 100 966309 2.010904943
22 20 3 100 1630696 2.010909772
21 24 3 100 50795 2.010919339
30 26 3 100 963878 2.010920727
22 17 3 100 550501 2.010927813
30 21 3 100 325958 2.010928607
28 27 3 100 4460 2.010929251
30 21 3 100 1241476 2.010942858
21 22 3 100 62807 2.010964311
20 30 3 100 71561 2.010972029
24 21 3 100 8329063 2.010972695
31 19 3 100 6390 2.010976207
18 20 3 100 7875269 2.010984434
21 20 3 100 2901194 2.010997110
9 26 3 100 60339 2.011000523
24 26 3 100 58481 2.011010144
16 21 3 100 37418 2.011018772
20 23 3 100 48797 2.011019273
6 26 3 100 1703380 2.011059716
27 31 3 100 27068 2.011074657
22 24 3 100 1582819 2.011086782
19 28 3 100 791609 2.011091341
25 23 3 100 1875 2.011093681
31 25 3 100 4665 2.011119392
18 27 3 100 44179 2.011123311
24 20 3 100 71577 2.011164268
29 27 3 100 22173 2.011177324
24 29 3 100 29671 2.011201191
15 26 3 100 62115 2.011211667
28 29 3 100 16184859 2.011226341
16 22 3 100 298848 2.011227506
18 31 3 100 94656 2.011268572
22 21 3 100 8304025 2.011285694
19 24 3 100 5778 2.011321679
23 22 3 100 35173 2.011340528
30 20 3 100 3783775 2.011343516
17 26 3 100 71357 2.011362932
22 28 3 100 1161250 2.011370429
23 29 3 100 21883 2.011382506
18 25 3 100 26161 2.011385900
22 23 3 100 51223 2.011413615
18 25 3 100 8083452 2.011441165
31 19 3 100 1793559 2.011469417
27 19 3 100 447443 2.011469425
25 23 3 100 8708191 2.011477426
20 27 3 100 79948 2.011482624
21 17 3 100 567380 2.011492718
19 20 3 100 2088 2.011530949
27 18 3 100 9222273 2.011534967
30 22 3 100 153605 2.011536247
31 16 3 100 5549 2.011546937
25 30 3 100 58503 2.011572898
21 17 3 100 3673765 2.011584017
29 20 3 100 120444 2.011587521
20 30 3 100 139549 2.011591538
20 22 3 100 78520 2.011605705
20 25 3 100 4196346 2.011607990
31 26 3 100 27339 2.011611331
31 26 3 100 7691 2.011617378
30 22 3 100 8421693 2.011617954
11 29 3 100 26800 2.011656579
23 30 3 100 1029999 2.011667590
17 23 3 100 2812502 2.011668170
30 31 3 100 23799 2.011691652
29 18 3 100 12241 2.011698466
24 20 3 100 1294 2.011713759
29 28 3 100 104217 2.011724407
19 24 3 100 27475 2.011731167
19 30 3 100 64512 2.011738408
27 21 3 100 7673555 2.011744986
23 25 3 100 493 2.011750971
29 17 3 100 748602 2.011752493
18 19 3 100 29235 2.011810779
23 29 3 100 918 2.011822404
20 26 3 100 47009 2.011822750
20 22 3 100 65964 2.011832167
29 25 3 100 127774 2.011832486
18 16 3 100 30380 2.011840082
17 19 3 100 4143353 2.011850213
30 26 3 100 8670 2.011863287
20 28 3 100 9763523 2.011865705
4 17 3 100 3384 2.011879363
26 31 3 100 9145 2.011916559
20 31 3 100 3215 2.011921157
7 26 3 100 22608 2.011936740
31 16 3 100 78091 2.011941429
18 16 3 100 308 2.011950333
28 18 3 100 28612 2.011971384
20 18 3 100 503556 2.011976604
21 16 3 100 8323496 2.011986881
22 28 3 100 750311 2.012005371
21 30 3 100 1567400 2.012023883
26 27 3 100 4797799 2.012030732
25 31 3 100 8218123 2.012031225
13 18 3 100 21584 2.012069960
20 28 3 100 45839 2.012073690
20 22 3 100 254379 2.012081514
19 21 3 100 7784995 2.012130456
16 20 3 100 2070 2.012133700
28 24 3 100 948661 2.012137627
1 24 3 100 4843648 2.012144304
28 30 3 100 3570311 2.012168219
30 20 3 100 6423 2.012195739
17 20 3 100 8980 2.012280824
18 26 3 100 50441 2.012285345
17 27 3 100 1644480 2.012292523
20 22 3 100 54728 2.012300284
23 18 3 100 4803670 2.012300707
25 27 3 100 1926094 2.012327309
12 28 3 100 3651283 2.012331956
18 29 3 100 2828461 2.012346409
21 16 3 100 23248095 2.012399202
21 16 3 100 1832821 2.012409097
19 26 3 100 43756 2.012470964
18 28 3 100 577 2.012473533
10 30 3 100 173936 2.012485833
7 21 3 100 67751 2.012491329
18 20 3 100 29927 2.012549829
29 22 3 100 7819711 2.012550688
25 27 3 100 33467 2.012589113
5 27 3 100 9432341 2.012595062
31 17 3 100 22889 2.012607113
21 28 3 100 7130997 2.012617893
12 16 3 100 29690 2.012623418
29 26 3 100 2019974 2.012626681
5 23 3 100 2300373 2.012671355
8 22 3 100 3922884 2.012683546
29 28 3 100 35146 2.012684028
21 20 3 100 169773 2.012687328
18 26 3 100 3490 2.012704096
21 20 3 100 42562 2.012722763
23 29 3 100 1740400 2.012727846
12 30 3 100 114115 2.012737701
24 30 3 100 2024621 2.012748791
22 30 3 100 1393798 2.012762737
16 25 3 100 1536732 2.012786331
19 21 3 100 23906224 2.012791463
28 26 3 100 69416 2.012806304
26 31 3 100 53018 2.012823185
23 28 3 100 22382 2.012834706
16 21 3 100 1866105 2.012836951
4 16 3 100 9934416 2.012838473
29 24 3 100 9744244 2.012861808
18 21 3 100 39257 2.012879820
24 30 3 100 2461 2.012881172
27 17 3 100 1471084 2.012912079
30 20 3 100 8971 2.012915638
28 22 3 100 986178 2.012952265
19 22 3 100 518972 2.012957684
16 22 3 100 5677 2.012961415
21 23 3 100 51368 2.012987596
18 31 3 100 2241 2.012989516
23 19 3 100 73629 2.012992901
26 16 3 100 1190293 2.012993118
27 17 3 100 16486523 2.012997393
26 24 3 100 21862969 2.013007568
19 26 3 100 4574 2.013028849
16 30 3 100 612613 2.013048138
15 20 3 100 159350 2.013049275
26 30 3 100 104877 2.013056070
29 18 3 100 54740 2.013059338
21 27 3 100 34903 2.013071450
16 20 3 100 8116184 2.013089091
19 26 3 100 19670 2.013097288
18 31 3 100 2584086 2.013104345
28 22 3 100 62154 2.013107685
19 30 3 100 4127 2.013108411
16 20 3 100 50889 2.013137760
18 26 3 100 16063497 2.013169108
25 20 3 100 33588 2.013187686
27 25 3 100 1369017 2.013217264
29 16 3 100 6762 2.013220027
26 21 3 100 73598 2.013226723
30 21 3 100 1035932 2.013274811
31 21 3 100 38916 2.013275896
24 20 3 100 7830 2.013304632
4 24 3 100 4048995 2.013317228
31 19 3 100 157789 2.013321493
25 17 3 100 37002 2.013391047
18 31 3 100 4469620 2.013395157
31 18 3 100 1997 2.013402365
29 28 3 100 70441 2.013408049
24 16 3 100 115924 2.013413212
18 22 3 100 645244 2.013430489
27 25 3 100 3589 2.013449884
28 23 3 100 2651 2.013452709
19 29 3 100 7185 2.013460145
24 21 3 100 79569 2.013486344
31 21 3 100 16183 2.013535387
30 28 3 100 37491 2.013545823
21 29 3 100 1430432 2.013549420
2 19 3 100 832894 2.013608799
22 17 3 100 8190 2.013609572
24 30 3 100 3824014 2.013616142
21 20 3 100 30626 2.013624200
29 19 3 100 26152 2.013667141
29 24 3 100 11680 2.013678564
17 25 3 100 38244 2.013701547
11 17 3 100 20439 2.013702811
31 19 3 100 124591 2.013712517
22 20 3 100 3081556 2.013741320
25 19 3 100 43713 2.013751022
16 23 3 100 5516 2.013751403
26 30 3 100 190223 2.013774722
29 24 3 100 3236649 2.013783851
0 20 3 100 106614 2.013785561
26 28 3 100 259352 2.013791103
22 16 3 100 1929810 2.013817786
19 25 3 100 3185899 2.013824114
29 19 3 100 4379112 2.013829875
26 16 3 100 207648 2.013867986
20 25 3 100 4646762 2.013892191
16 20 3 100 27898 2.013903477
30 26 3 100 54914 2.013915920
23 22 3 100 25680 2.013916133
27 20 3 100 73309 2.013921331
18 16 3 100 74809 2.013928604
18 29 3 100 441166 2.013929964
15 31 3 100 67111 2.013959779
31 21 3 100 1021180 2.013961378
19 23 3 100 3325772 2.013968618
16 21 3 100 7827504 2.013976080
16 20 3 100 6361 2.014020635
25 29 3 100 474121 2.014025536
4 29 3 100 1283102 2.014039061
16 28 3 100 7096017 2.014050684
26 24 3 100 40007 2.014060864
12 27 3 100 5128305 2.014083257
21 30 3 100 4048616 2.014102002
16 20 3 100 20956 2.014173341
22 26 3 100 54898 2.014236751
24 18 3 100 760551 2.014246728
19 29 3 100 1004208 2.014293336
16 22 3 100 9815 2.014293862
24 18 3 100 832782 2.014315704
25 20 3 100 54255 2.014334458
21 24 3 100 26869 2.014344829
27 21 3 100 9592479 2.014356244
28 20 3 100 434433 2.014368529
30 17 3 100 30482 2.014378815
27 25 3 100 2415088 2.014383596
26 23 3 100 162249 2.014397915
18 25 3 100 535476 2.014415992
17 25 3 100 101999 2.014424198
20 24 3 100 543 2.014432860
31 21 3 100 55262 2.014464809
18 25 3 100 26914 2.014489804
17 28 3 100 435 2.014502827
21 26 3 100 69243 2.014512543
20 17 3 100 19487 2.014593051
17 27 3 100 1505907 2.014609748
21 29 3 100 5250382 2.014645998
30 16 3 100 25294 2.014648036
21 28 3 100 52172 2.014677634
26 30 3 100 69647 2.014684286
23 21 3 100 23396 2.014715262
20 17 3 100 990909 2.014716745
28 31 3 100 5822 2.014718809
21 26 3 100 57935 2.014738534
26 17 3 100 14561 2.014754143
16 24 3 100 595576 2.014755038
17 25 3 100 4856 2.014814759
27 23 3 100 3238698 2.014822881
27 24 3 100 23316 2.014829747
28 25 3 100 5176075 2.014834216
20 31 3 100 78537 2.014861798
31 18 3 100 22294 2.014875964
19 29 3 100 41053 2.014892255
28 31 3 100 13228 2.014913762
21 22 3 100 68281 2.014932966
15 23 3 100 31546 2.014971753
24 16 3 100 3468 2.014972165
28 16 3 100 1810556 2.014980034
19 22 3 100 6904013 2.014990859
16 26 3 100 16376469 2.014999195
31 23 3 100 1543929 2.015010446
21 22 3 100 8060 2.015011592
22 28 3 100 43566 2.015012882
16 23 3 100 1651610 2.015022667
18 25 3 100 9282074 2.015037553
31 17 3 100 6326 2.015069428
22 19 3 100 7480491 2.015086310
21 18 3 100 154718 2.015106067
24 22 3 100 9255 2.015111177
26 22 3 100 12286 2.015135573
25 18 3 100 57356 2.015145289
23 27 3 100 6698 2.015154061
30 16 3 100 1748660 2.015185383
29 25 3 100 28690 2.015197690
26 30 3 100 26190 2.015198794
23 24 3 100 29337 2.015239166
28 20 3 100 70518 2.015245449
18 21 3 100 8474832 2.015300157
29 22 3 100 172649 2.015315843
24 16 3 100 4557732 2.015379900
16 30 3 100 2820 2.015505439
29 28 3 100 591737 2.015507776
20 26 3 100 1023 2.015527022
22 24 3 100 27344816 2.015532210
23 17 3 100 112835 2.015534436
12 22 3 100 22466 2.015537308
30 22 3 100 71311 2.015545991
18 31 3 100 80328 2.015558627
23 17 3 100 3743134 2.015569096
29 30 3 100 35071 2.015574868
30 16 3 100 330 2.015581671
28 20 3 100 12039 2.015607898
19 17 3 100 41465 2.015611490
23 20 3 100 198534 2.015613660
22 30 3 100 18025 2.015641277
30 24 3 100 1970718 2.015645678
28 17 3 100 63380 2.015656155
8 25 3 100 75 2.015662359
19 24 3 100 251 2.015673176
27 31 3 100 424828 2.015699189
7 22 3 100 53596 2.015699507
24 23 3 100 5347743 2.015701416
29 31 3 100 52004 2.015760931
29 21 3 100 77622 2.015767663
29 19 3 100 1634549 2.015769777
15 23 3 100 21286 2.015776774
16 24 3 100 393306 2.015798519
22 17 3 100 49452 2.015799572
17 25 3 100 643326 2.015803200
17 28 3 100 44778 2.015807248
17 23 3 100 24874 2.015821238
27 18 3 100 6382 2.015828403
16 18 3 100 683 2.015843939
20 19 3 100 184469 2.015849975
30 18 3 100 7214 2.015885378
20 26 3 100 79174 2.015902752
22 16 3 100 4631231 2.015914985
21 30 3 100 29016 2.015940958
23 19 3 100 8400 2.015965089
21 18 3 100 458764 2.015966624
23 27 3 100 86020 2.015970223
29 30 3 100 940946 2.015989607
23 28 3 100 28955 2.016004471
11 25 3 100 2307481 2.016020201
16 28 3 100 9349730 2.016025708
20 23 3 100 965600 2.016032411
26 30 3 100 305822 2.016056606
27 20 3 100 137602 2.016079831
17 30 3 100 809480 2.016094109
23 28 3 100 4662675 2.016096133
28 26 3 100 21744 2.016128657
31 18 3 100 2750277 2.016132127
28 27 3 100 46693 2.016135533
31 27 3 100 1197236 2.016144814
16 25 3 100 6546620 2.016147889
25 28 3 100 3247 2.016152375
3 23 3 100 3496 2.016154322
5 31 3 100 148926 2.016165584
17 27 3 100 4040640 2.016167340
31 20 3 100 1885006 2.016205824
23 29 3 100 29088 2.016209055
26 31 3 100 9192 2.016233241
24 22 3 100 9426103 2.016240302
19 31 3 100 205536 2.016241494
22 27 3 100 22893207 2.016291603
25 17 3 100 102435 2.016302731
18 22 3 100 157534 2.016306516
21 29 3 100 20937 2.016326326
28 17 3 100 4777 2.016337092
31 28 3 100 296165 2.016338708
28 24 3 100 2795 2.016367497
17 23 3 100 4578893 2.016373322
25 26 3 100 5402 2.016379244
31 18 3 100 6923 2.016386769
21 30 3 100 45856 2.016407390
17 31 3 100 9934 2.016414898
25 19 3 100 50349 2.016415471
27 30 3 100 24979 2.016429011
25 16 3 100 5860 2.016440871
19 22 3 100 29152 2.016457963
16 23 3 100 28746 2.016474457
29 27 3 100 9858 2.016518905
18 28 3 100 152810 2.016522219
24 20 3 100 61550 2.016535829
31 26 3 100 1427423 2.016555513
20 27 3 100 1845 2.016570135
26 27 3 100 7709 2.016572800
28 18 3 100 860474 2.016574413
22 27 3 100 3423346 2.016586247
31 20 3 100 28585 2.016613662
26 24 3 100 2873 2.016617425
27 22 3 100 65909 2.016636733
30 17 3 100 150881 2.016646907
24 25 3 100 17556 2.016658163
17 22 3 100 34556 2.016663116
16 30 3 100 25850 2.016678061
19 20 3 100 1043018 2.016680785
30 28 3 100 8126803 2.016682102
21 25 3 100 9754113 2.016711824
3 26 3 100 58736 2.016716950
19 17 3 100 43409 2.016727828
28 25 3 100 67667 2.016746558
20 30 3 100 12256340 2.016747959
16 24 3 100 1757301 2.016752142
24 23 3 100 3770597 2.016783776
27 28 3 100 18058 2.016791757
19 29 3 100 182532 2.016797560
18 26 3 100 157032 2.016811657
29 31 3 100 65031 2.016851213
24 25 3 100 3667075 2.016851785
18 27 3 100 25007 2.016861215
27 17 3 100 5052621 2.016885469
30 19 3 100 1470404 2.016888053
16 24 3 100 1634970 2.016912244
12 27 3 100 10763477 2.016913868
22 21 3 100 67265 2.016914146
8 17 3 100 576499 2.016932651
26 19 3 100 30375 2.016935543
5 16 3 100 30738 2.016960084
27 21 3 100 26580 2.016962895
16 25 3 100 79263 2.016964550
21 29 3 100 3257 2.016966754
23 28 3 100 165753 2.016990012
22 25 3 100 9862086 2.017005696
21 28 3 100 1097850 2.017028099
21 23 3 100 159734 2.017039733
23 18 3 100 76308 2.017041365
27 26 3 100 690758 2.017044316
17 19 3 100 36412 2.017069671
22 23 3 100 60654 2.017080464
20 21 3 100 67004 2.017092755
22 24 3 100 576731 2.017112285
17 22 3 100 2182257 2.017115210
22 29 3 100 54261 2.017147200
30 17 3 100 1448511 2.017155572
13 25 3 100 783987 2.017157572
28 19 3 100 9243 2.017180223
15 20 3 100 5467 2.017249772
25 20 3 100 37318 2.017261531
22 20 3 100 77917 2.017293574
20 29 3 100 26463 2.017300436
9 19 3 100 5370 2.017318778
30 25 3 100 17401488 2.017322950
31 23 3 100 32701 2.017333697
21 31 3 100 2729520 2.017354212
21 28 3 100 34173 2.017361264
29 20 3 100 62361 2.017363014
17 27 3 100 121828 2.017378494
26 23 3 100 3464 2.017387215
28 26 3 100 1956390 2.017396709
25 29 3 100 3331932 2.017397620
25 19 3 100 25107 2.017405189
23 25 3 100 1235 2.017422451
20 31 3 100 21099 2.017426871
27 16 3 100 1514864 2.017429517
26 29 3 100 41850 2.017456688
30 29 3 100 4266587 2.017462050
22 27 3 100 46299 2.017486036
28 31 3 100 1533559 2.017488794
22 30 3 100 1166098 2.017500808
23 28 3 100 6393263 2.017523076
27 22 3 100 1477780 2.017529287
26 27 3 100 3754990 2.017538965
6 19 3 100 25887 2.017549913
25 20 3 100 4959052 2.017566778
12 25 3 100 5282514 2.017568556
18 27 3 100 2015240 2.017597343
19 27 3 100 53693 2.017605223
29 25 3 100 14824643 2.017613698
22 21 3 100 24658 2.017624199
23 31 3 100 6658195 2.017628547
31 23 3 100 251194 2.017647353
20 17 3 100 694599 2.017664316
18 16 3 100 1927 2.017690250
16 29 3 100 999919 2.017712919
25 19 3 100 5004889 2.017718049
18 25 3 100 5356 2.017772218
22 20 3 100 11998 2.017788585
25 22 3 100 14288 2.017789825
21 18 3 100 55914 2.017792432
28 27 3 100 2918 2.017793579
26 22 3 100 5341 2.017823488
17 31 3 100 1638 2.017850968
20 16 3 100 28142 2.017856987
30 26 3 100 2980060 2.017870356
25 29 3 100 29750 2.017872531
25 26 3 100 26627 2.017883316
27 22 3 100 53194 2.017896569
28 19 3 100 9097 2.017906080
28 27 3 100 46712 2.017912523
30 22 3 100 61116 2.017922694
11 28 3 100 1582940 2.017930303
30 26 3 100 122761 2.017936407
16 19 3 100 19051 2.017941590
10 30 3 100 4644314 2.017997157
16 20 3 100 24070 2.018006067
27 21 3 100 56081 2.018011547
24 20 3 100 21155 2.018051047
18 26 3 100 79692 2.018073299
21 17 3 100 184442 2.018090532
21 20 3 100 747565 2.018097349
16 19 3 100 9306 2.018117684
5 30 3 100 151144 2.018118174
24 17 3 100 52959 2.018119801
20 28 3 100 505033 2.018131539
19 30 3 100 78256 2.018142021
20 30 3 100 7765 2.018155255
20 26 3 100 2418313 2.018188785
27 17 3 100 96209 2.018259036
24 20 3 100 1692343 2.018261515
29 24 3 100 3684088 2.018268013
19 16 3 100 2961338 2.018281171
23 18 3 100 3012569 2.018283302
24 25 3 100 3291458 2.018290892
26 30 3 100 20561680 2.018307037
23 19 3 100 17059 2.018324851
2 18 3 100 476109 2.018335897
16 17 3 100 41407 2.018346968
17 19 3 100 35955 2.018350925
25 22 3 100 8061 2.018353811
31 25 3 100 70062 2.018364599
28 20 3 100 77803 2.018366946
18 25 3 100 50257 2.018387674
19 18 3 100 4468492 2.018387738
19 23 3 100 4952865 2.018399096
24 21 3 100 7302 2.018422518
20 26 3 100 1930772 2.018438063
30 31 3 100 32284 2.018440439
0 20 3 100 648062 2.018443084
17 28 3 100 41188 2.018460844
21 24 3 100 42068 2.018471473
26 24 3 100 23144 2.018483263
16 30 3 100 22849430 2.018529684
22 31 3 100 22577 2.018541611
27 21 3 100 1102 2.018562461
24 25 3 100 24658 2.018583316
20 30 3 100 11850 2.018585802
30 21 3 100 34199 2.018626357
16 17 3 100 1166113 2.018642295
26 17 3 100 2692061 2.018642441
1 23 3 100 20007 2.018642456
21 19 3 100 24228 2.018697189
16 28 3 100 11228 2.018703383
0 29 3 100 7235009 2.018738450
21 16 3 100 643370 2.018749359
23 17 3 100 40553 2.018755128
22 17 3 100 28097 2.018763699
4 20 3 100 14565 2.018767984
24 25 3 100 133930 2.018772626
27 19 3 100 37650 2.018772635
21 18 3 100 14592 2.018786355
24 16 3 100 25749 2.018786578
24 29 3 100 26137 2.018792690
20 29 3 100 3976592 2.018794063
27 25 3 100 90084 2.018802844
26 27 3 100 5464 2.018814578
19 21 3 100 1186232 2.018837555
23 24 3 100 1003050 2.018840795
21 31 3 100 45507 2.018854986
23 30 3 100 38060 2.018874305
1 27 3 100 24511 2.018882874
16 24 3 100 67552 2.018892363
31 24 3 100 21290 2.018905482
14 19 3 100 185203 2.018920531
16 19 3 100 1193890 2.018934219
20 23 3 100 3462617 2.018965524
8 27 3 100 8789241 2.018988235
12 31 3 100 29218 2.019002853
26 30 3 100 640119 2.019064358
28 30 3 100 5810 2.019065144
27 25 3 100 23593 2.019096564
22 20 3 100 5197111 2.019108762
18 28 3 100 890357 2.019112794
18 22 3 100 52892 2.019176291
30 20 3 100 74681 2.019194120
20 31 3 100 52002 2.019202417
31 21 3 100 6523 2.019214597
22 29 3 100 3191134 2.019226016
9 26 3 100 31158 2.019232438
27 19 3 100 2638200 2.019246515
21 30 3 100 5437 2.019248689
30 25 3 100 1364055 2.019263092
18 27 3 100 9318 2.019263625
16 25 3 100 96748 2.019263960
20 18 3 100 855652 2.019282672
19 27 3 100 33353 2.019312842
31 21 3 100 10783 2.019358278
22 19 3 100 1283070 2.019371591
31 23 3 100 53733 2.019377742
26 27 3 100 5805 2.019385375
24 17 3 100 10396 2.019402965
24 30 3 100 3574703 2.019417472
31 18 3 100 2214996 2.019441972
20 28 3 100 48111 2.019445126
26 22 3 100 1829 2.019449823
28 23 3 100 392435 2.019480130
29 26 3 100 35111 2.019509881
28 24 3 100 13987 2.019518124
28 22 3 100 26402 2.019519144
26 17 3 100 41759 2.019531390
21 18 3 100 56262 2.019545353
10 29 3 100 78441 2.019558405
29 27 3 100 926497 2.019571724
4 30 3 100 36183 2.019641967
26 23 3 100 1075338 2.019642630
18 30 3 100 7151318 2.019643302
30 19 3 100 586034 2.019643537
22 18 3 100 25636 2.019646823
30 19 3 100 1424191 2.019646885
25 21 3 100 662529 2.019656014
18 28 3 100 110438 2.019671835
19 29 3 100 8565134 2.019708999
24 16 3 100 57537 2.019711571
25 24 3 100 1522219 2.019758066
30 17 3 100 24371 2.019774416
30 28 3 100 6016 2.019775664
3 23 3 100 78539 2.019781483
28 31 3 100 6416 2.019821707
25 27 3 100 119649 2.019840930
23 20 3 100 135124 2.019848047
23 28 3 100 3960760 2.019856595
22 21 3 100 145559 2.019908050
16 24 3 100 4934 2.019929121
31 24 3 100 4416 2.019933522
24 21 3 100 1700701 2.019942459
26 23 3 100 26892 2.019968982
4 23 3 100 23262 2.019969371
19 30 3 100 4526 2.019976067
28 23 3 100 4894 2.019979009
28 18 3 100 6051485 2.019989881
31 28 3 100 2862005 2.020044943
25 18 3 100 38462 2.020045971
29 26 3 100 24038 2.020048502
18 23 3 100 2151847 2.020053660
23 27 3 100 437025 2.020053720
16 31 3 100 1187061 2.020067962
25 19 3 100 428248 2.020077298
16 27 3 100 26305 2.020104477
24 20 3 100 46635 2.020123739
29 18 3 100 7399258 2.020129040
21 20 3 100 803102 2.020147368
19 28 3 100 499511 2.020151037
30 29 3 100 4948350 2.020162134
10 25 3 100 10891 2.020169475
26 25 3 100 1038256 2.020177527
10 29 3 100 46348 2.020186497
24 30 3 100 142227 2.020196513
23 31 3 100 21567 2.020197275
24 27 3 100 438940 2.020210517
31 26 3 100 26655 2.020217979
20 26 3 100 7509 2.020219768
25 27 3 100 1121926 2.020256573
21 30 3 100 1824923 2.020271008
27 23 3 100 19940236 2.020285152
28 16 3 100 33004 2.020298127
27 26 3 100 188558 2.020299151
16 19 3 100 20864 2.020302777
27 29 3 100 10969 2.020303712
18 27 3 100 103905 2.020305408
23 22 3 100 6896197 2.020313603
27 22 3 100 5106652 2.020320002
9 30 3 100 8601315 2.020336654
7 24 3 100 21715 2.020349717
30 25 3 100 33594 2.020349802
3 29 3 100 133008 2.020374712
23 19 3 100 7383 2.020387399
28 20 3 100 9908 2.020388262
19 30 3 100 56812 2.020395735
24 26 3 100 2029069 2.020422121
17 16 3 100 197791 2.020429732
27 17 3 100 25275 2.020437239
17 27 3 100 511836 2.020438936
24 29 3 100 18082 2.020467292
17 30 3 100 473779 2.020475628
30 21 3 100 8372 2.020482676
22 27 3 100 32533 2.020490884
26 30 3 100 537442 2.020494913
16 27 3 100 2412 2.020502289
29 21 3 100 4027767 2.020528573
26 20 3 100 43818 2.020548010
27 17 3 100 44998 2.020557426
31 28 3 100 471439 2.020566173
28 24 3 100 4495596 2.020573699
19 18 3 100 25462 2.020574009
18 26 3 100 15957 2.020577866
16 31 3 100 9617461 2.020577923
31 21 3 100 77299 2.020597254
23 27 3 100 2031 2.020607182
18 25 3 100 39961 2.020622721
9 23 3 100 1953850 2.020636563
2 23 3 100 478387 2.020636645
20 30 3 100 5931 2.020637219
25 19 3 100 58550 2.020649363
19 30 3 100 10685 2.020660729
27 18 3 100 5988178 2.020674432
18 17 3 100 23670 2.020684136
28 23 3 100 1315405 2.020698254
12 27 3 100 814068 2.020709762
26 23 3 100 822928 2.020710136
19 24 3 100 7634 2.020711035
23 20 3 100 4964298 2.020727143
21 27 3 100 3170987 2.020747166
20 29 3 100 4027173 2.020760616
20 25 3 100 968901 2.020764329
28 26 3 100 154926 2.020781667
29 31 3 100 2443895 2.020787215
28 29 3 100 8254 2.020799419
17 24 3 100 129659 2.020824511
18 21 3 100 604666 2.020842658
25 16 3 100 27769 2.020851915
16 25 3 100 999663 2.020877219
30 20 3 100 4684164 2.020887332
17 27 3 100 199375 2.020890768
21 18 3 100 6349 2.020892951
27 31 3 100 720 2.020900391
31 21 3 100 7056063 2.020938227
28 18 3 100 313416 2.020964586
20 25 3 100 3212863 2.020982002
23 30 3 100 77396 2.020986898
30 25 3 100 5941308 2.021012260
31 23 3 100 452006 2.021013390
27 24 3 100 2848 2.021033258
9 27 3 100 31437 2.021042157
19 16 3 100 48545 2.021061366
29 22 3 100 64852 2.021067178
24 29 3 100 36445 2.021081663
17 16 3 100 971535 2.021088272
29 31 3 100 106653 2.021089281
27 20 3 100 4432 2.021103719
27 19 3 100 3992133 2.021147377
24 29 3 100 4422 2.021169635
28 19 3 100 4425279 2.021198218
22 17 3 100 2452 2.021213701
25 17 3 100 178805 2.021223239
31 19 3 100 1827779 2.021230478
18 29 3 100 2368 2.021257077
21 22 3 100 3665963 2.021265344
27 17 3 100 14234134 2.021278497
2 19 3 100 17 2.021281075
28 22 3 100 9073254 2.021294304
18 21 3 100 65453 2.021298095
23 17 3 100 1244078 2.021298767
25 30 3 100 172349 2.021319453
28 16 3 100 17914 2.021329971
0 24 3 100 18838414 2.021331209
26 18 3 100 213179 2.021338207
27 21 3 100 4472 2.021339460
21 19 3 100 2885776 2.021353014
31 22 3 100 1419009 2.021392425
16 21 3 100 4619869 2.021424139
22 16 3 100 1861574 2.021446230
21 23 3 100 73224 2.021451103
7 20 3 100 41340 2.021452061
21 24 3 100 4416 2.021464718
26 24 3 100 2723223 2.021465377
21 27 3 100 2580992 2.021466425
17 26 3 100 25614 2.021498720
29 22 3 100 110994 2.021539157
29 19 3 100 55318 2.021568280
21 20 3 100 40052 2.021578498
30 18 3 100 50630 2.021589375
13 22 3 100 3686 2.021604742
24 19 3 100 72696 2.021630151
31 30 3 100 9406483 2.021637446
5 16 3 100 29357 2.021655951
24 21 3 100 150104 2.021659369
17 16 3 100 512247 2.021659766
2 24 3 100 25062 2.021659838
28 16 3 100 72795 2.021673342
29 27 3 100 2253 2.021714742
30 21 3 100 1771295 2.021726649
24 17 3 100 1665341 2.021734686
16 26 3 100 9095504 2.021742601
17 22 3 100 25461 2.021779495
25 23 3 100 46803 2.021783534
22 28 3 100 2624545 2.021815990
20 22 3 100 5253 2.021867609
10 26 3 100 44303 2.021872299
29 23 3 100 165247 2.021894432
20 16 3 100 4853 2.021927410
19 21 3 100 5457 2.021933506
21 26 3 100 3870420 2.021952724
28 27 3 100 961523 2.021970073
18 23 3 100 3351217 2.021978751
30 18 3 100 43925 2.021985579
17 28 3 100 11395 2.022032585
24 25 3 100 7381 2.022039412
24 31 3 100 310643 2.022047380
28 17 3 100 67241 2.022070365
2 24 3 100 47391 2.022095695
19 21 3 100 9334360 2.022102492
31 17 3 100 32058 2.022128568
7 28 3 100 35712 2.022130556
13 31 3 100 13746 2.022154819
31 20 3 100 786256 2.022155472
22 27 3 100 9901630 2.022173059
0 18 3 100 26923634 2.022182731
18 22 3 100 176221 2.022194179
21 23 3 100 1911189 2.022241112
8 18 3 100 187539 2.022245451
24 21 3 100 33848 2.022255724
19 24 3 100 1221768 2.022305529
19 29 3 100 75879 2.022317677
31 29 3 100 1370570 2.022321983
20 23 3 100 21100 2.022339610
29 23 3 100 7790 2.022340600
7 24 3 100 860570 2.022350660
17 26 3 100 1776955 2.022363581
18 28 3 100 43557 2.022365214
29 19 3 100 967631 2.022374074
18 28 3 100 602216 2.022376611
22 21 3 100 3114 2.022403219
22 17 3 100 29515 2.022434138
20 16 3 100 14447655 2.022439968
21 25 3 100 66782 2.022450931
21 17 3 100 8489436 2.022462460
16 25 3 100 4067706 2.022471276
11 21 3 100 29707 2.022473483
19 25 3 100 27798 2.022488555
27 22 3 100 994 2.022494805
24 23 3 100 25742 2.022524152
26 17 3 100 36958 2.022536001
26 19 3 100 51531 2.022537998
16 23 3 100 54555 2.022538038
31 26 3 100 14669 2.022550247
20 16 3 100 1701553 2.022551940
24 30 3 100 318886 2.022562797
19 31 3 100 8593 2.022572230
19 29 3 100 2316573 2.022573382
28 20 3 100 23388 2.022573635
16 26 3 100 3478700 2.022580241
20 27 3 100 7945 2.022589123
19 17 3 100 48177 2.022595566
27 26 3 100 58885 2.022608096
6 24 3 100 2272108 2.022610048
16 24 3 100 52305 2.022615241
25 16 3 100 9061384 2.022639976
22 25 3 100 75766 2.022640410
25 30 3 100 7622449 2.022706466
30 17 3 100 28688 2.022711820
28 16 3 100 154107 2.022712332
26 22 3 100 5105 2.022718834
31 20 3 100 17824 2.022730230
20 16 3 100 44531 2.022741345
23 28 3 100 4121060 2.022745137
22 24 3 100 43522 2.022788729
31 26 3 100 90 2.022813099
26 23 3 100 24890 2.022841402
29 26 3 100 24921357 2.022847049
21 16 3 100 50025 2.022890364
22 26 3 100 3292 2.022898814
27 17 3 100 953824 2.022903548
3 26 3 100 9867 2.022942885
23 30 3 100 422564 2.022956897
31 17 3 100 4681165 2.022970546
31 29 3 100 510766 2.022977707
17 20 3 100 3206450 2.022980278
24 29 3 100 655807 2.023002343
22 17 3 100 1782 2.023022770
28 23 3 100 1530029 2.023023564
18 29 3 100 1015188 2.023027199
16 27 3 100 13511 2.023032709
5 28 3 100 3152120 2.023041051
24 21 3 100 8464442 2.023043218
30 17 3 100 4022675 2.023065520
30 18 3 100 8655 2.023065563
29 31 3 100 56466 2.023087729
28 30 3 100 17730 2.023100259
17 25 3 100 52402 2.023103178
23 29 3 100 1120412 2.023130610
26 21 3 100 4736 2.023132787
27 30 3 100 7009 2.023138570
29 23 3 100 171557 2.023157669
23 16 3 100 20972 2.023167142
5 21 3 100 158907 2.023179198
19 18 3 100 319549 2.023186522
26 20 3 100 6094929 2.023189678
22 27 3 100 14591534 2.023213397
20 28 3 100 3819521 2.023228840
18 29 3 100 6031 2.023236358
16 19 3 100 825295 2.023249700
26 18 3 100 28865 2.023251130
19 18 3 100 1338273 2.023292931
15 27 3 100 2102959 2.023297256
25 23 3 100 986646 2.023299076
23 25 3 100 4598480 2.023312285
27 24 3 100 3225857 2.023318536
21 26 3 100 1035428 2.023324026
29 16 3 100 32300 2.023327392
20 22 3 100 1312698 2.023345365
23 25 3 100 7979 2.023359979
18 29 3 100 28740 2.023367128
29 20 3 100 1260131 2.023372893
17 27 3 100 54563 2.023385757
24 22 3 100 3097163 2.023387061
30 22 3 100 5130 2.023388131
28 21 3 100 11809 2.023412869
1 27 3 100 8208 2.023420461
26 28 3 100 4032670 2.023421580
26 28 3 100 1096099 2.023423010
31 18 3 100 4766889 2.023428859
18 20 3 100 85433 2.023478209
13 20 3 100 6994 2.023495218
20 21 3 100 32302 2.023502801
17 24 3 100 23090 2.023522678
17 26 3 100 1228 2.023525918
19 26 3 100 269067 2.023564300
7 23 3 100 20492 2.023611588
21 19 3 100 32272 2.023639977
25 29 3 100 30878 2.023654033
27 16 3 100 195559 2.023668925
17 27 3 100 179666 2.023679171
17 24 3 100 1602525 2.023692499
30 18 3 100 4594506 2.023723990
29 21 3 100 109367 2.023727984
4 25 3 100 11260353 2.023735558
18 25 3 100 7788598 2.023745586
27 18 3 100 22710 2.023775929
17 22 3 100 28270 2.023808289
20 26 3 100 3882405 2.023810185
26 23 3 100 3521914 2.023814317
28 26 3 100 49372 2.023869842
18 19 3 100 864443 2.023871518
30 27 3 100 55246 2.023872476
27 18 3 100 17183 2.023881716
25 20 3 100 1498506 2.023889612
28 18 3 100 24521 2.023906954
27 20 3 100 173482 2.023911964
26 20 3 100 45693 2.023948052
7 18 3 100 8037678 2.023955776
19 23 3 100 7028 2.023957246
19 31 3 100 1690595 2.024026778
26 28 3 100 566083 2.024070581
30 25 3 100 79148 2.024073895
21 25 3 100 174618 2.024079564
22 25 3 100 1504957 2.024097846
19 29 3 100 13461 2.024106694
19 18 3 100 238 2.024108495
22 19 3 100 8598520 2.024126249
30 20 3 100 7650 2.024128321
19 16 3 100 70449 2.024203650
29 23 3 100 7958512 2.024229182
20 16 3 100 14566 2.024268952
27 16 3 100 56091 2.024278675
31 27 3 100 3951614 2.024282391
26 17 3 100 1697849 2.024295496
14 21 3 100 4395965 2.024298710
24 23 3 100 25409224 2.024320985
17 22 3 100 1759154 2.024331959
24 26 3 100 12934188 2.024357408
16 28 3 100 26419 2.024359408
17 19 3 100 26014 2.024377640
29 19 3 100 1935698 2.024382421
11 21 3 100 6116 2.024389350
17 18 3 100 1666813 2.024396375
30 28 3 100 6070554 2.024402928
24 25 3 100 22119 2.024425965
22 30 3 100 39464 2.024425988
28 30 3 100 5539 2.024433808
16 25 3 100 14457 2.024434585
24 19 3 100 1497400 2.024485385
28 29 3 100 5379670 2.024500877
25 27 3 100 27018120 2.024505834
16 19 3 100 7672835 2.024509174
25 21 3 100 28431 2.024509583
20 24 3 100 25847315 2.024518518
16 29 3 100 26509 2.024542362
28 18 3 100 149363 2.024543871
27 28 3 100 8718 2.024557289
21 16 3 100 7654901 2.024575174
17 24 3 100 5348 2.024584460
26 31 3 100 66474 2.024597736
24 20 3 100 17563 2.024622846
26 16 3 100 7256 2.024631611
27 17 3 100 414785 2.024648735
24 27 3 100 2122 2.024651885
2 18 3 100 29006 2.024663092
29 26 3 100 1599488 2.024680666
11 21 3 100 950827 2.024685582
29 28 3 100 40663 2.024686598
26 18 3 100 65862 2.024727523
28 18 3 100 39566 2.024730707
19 26 3 100 111924 2.024736566
20 29 3 100 52116 2.024782876
20 25 3 100 50492 2.024798933
16 31 3 100 27369 2.024802380
27 24 3 100 480416 2.024815773
20 27 3 100 161530 2.024853050
23 25 3 100 4957363 2.024903768
21 30 3 100 16593927 2.024918164
30 25 3 100 38080 2.024927070
28 20 3 100 11710336 2.024937795
30 17 3 100 231435 2.024950501
23 16 3 100 440 2.024952771
24 22 3 100 8167106 2.024955844
13 22 3 100 52197 2.024960791
20 26 3 100 56317 2.025025094
18 20 3 100 48024 2.025035760
23 22 3 100 65231 2.025059467
25 22 3 100 9366 2.025111762
17 24 3 100 269651 2.025133825
28 26 3 100 4920 2.025138555
17 31 3 100 183351 2.025153597
30 25 3 100 28019 2.025159772
30 19 3 100 90007 2.025164057
22 21 3 100 73255 2.025171924
13 25 3 100 5209845 2.025174420
26 24 3 100 30548 2.025193516
26 29 3 100 40937 2.025194480
21 19 3 100 7681827 2.025205505
27 17 3 100 18569 2.025205517
24 26 3 100 40233 2.025212574
28 16 3 100 1691756 2.025253675
30 22 3 100 245531 2.025255968
20 29 3 100 124132 2.025269250
26 31 3 100 7100094 2.025273450
23 21 3 100 197332 2.025277688
16 30 3 100 55560 2.025325037
20 28 3 100 31427 2.025336599
16 30 3 100 125594 2.025339266
4 24 3 100 2289 2.025353349
27 31 3 100 2794353 2.025355202
12 28 3 100 2830412 2.025361222
17 22 3 100 24767861 2.025413733
28 26 3 100 6127 2.025422328
28 23 3 100 6847 2.025422391
23 25 3 100 5186834 2.025423500
30 20 3 100 258 2.025449965
18 21 3 100 9428550 2.025452658
23 18 3 100 32771 2.025457902
26 28 3 100 8246 2.025470381
21 23 3 100 3745 2.025471612
27 23 3 100 39888 2.025474379
25 23 3 100 5526970 2.025501002
14 28 3 100 371320 2.025526368
26 30 3 100 20366096 2.025531117
22 20 3 100 4409715 2.025537333
20 17 3 100 63695 2.025560772
18 31 3 100 1631843 2.025577113
27 23 3 100 383227 2.025589889
17 21 3 100 75084 2.025601504
11 31 3 100 6641 2.025601692
25 18 3 100 25668 2.025620776
16 31 3 100 1709282 2.025626638
28 30 3 100 600299 2.025642981
24 23 3 100 37169 2.025666375
17 21 3 100 743985 2.025700948
16 24 3 100 13070309 2.025711686
20 18 3 100 106887 2.025712867
19 24 3 100 26119 2.025714031
29 18 3 100 64346 2.025726274
20 31 3 100 4245 2.025732259
27 31 3 100 1705283 2.025748958
26 27 3 100 190588 2.025754453
22 17 3 100 1925159 2.025774450
29 30 3 100 13373369 2.025797537
22 31 3 100 9180998 2.025798117
23 29 3 100 53217 2.025815120
18 25 3 100 46860 2.025829999
27 21 3 100 694434 2.025865670
26 28 3 100 28094 2.025892192
30 22 3 100 4496 2.025908832
29 28 3 100 1177 2.025918259
18 27 3 100 72142 2.025924358
25 24 3 100 9620 2.025938278
22 21 3 100 17028 2.025959583
26 19 3 100 222046 2.025995234
19 30 3 100 51300 2.025996388
28 20 3 100 60 2.026001651
24 31 3 100 4805918 2.026004819
18 27 3 100 64145 2.026016676
23 24 3 100 3299271 2.026027870
29 19 3 100 28736 2.026040610
26 23 3 100 155344 2.026049820
24 21 3 100 1222103 2.026077557
7 25 3 100 4714 2.026088332
16 31 3 100 758601 2.026133651
24 21 3 100 3989150 2.026134004
20 16 3 100 4141 2.026135446
27 25 3 100 4649 2.026147564
16 31 3 100 7992 2.026149649
30 27 3 100 875094 2.026154707
28 25 3 100 1409274 2.026159828
31 26 3 100 52474 2.026162028
19 20 3 100 49026 2.026176122
19 28 3 100 9072 2.026217888
19 22 3 100 70908 2.026249224
24 26 3 100 20151 2.026251627
31 21 3 100 1808 2.026264449
20 29 3 100 1427550 2.026284395
16 24 3 100 60747 2.026287775
26 30 3 100 1553172 2.026288794
23 20 3 100 23051 2.026288926
20 19 3 100 174927 2.026291040
17 29 3 100 9913 2.026305442
17 25 3 100 2484879 2.026327491
24 18 3 100 77920 2.026328390
28 24 3 100 110083 2.026362699
17 18 3 100 639582 2.026365340
16 23 3 100 1281771 2.026366308
18 29 3 100 1890289 2.026388387
29 19 3 100 565277 2.026413096
25 20 3 100 23648 2.026421212
16 31 3 100 6626481 2.026427770
27 25 3 100 28151 2.026480522
22 17 3 100 23436 2.026491550
22 27 3 100 5546 2.026498653
21 26 3 100 895092 2.026505687
1 28 3 100 35933 2.026513513
8 26 3 100 2906 2.026549430
16 21 3 100 1601051 2.026554661
31 25 3 100 815647 2.026558182
22 28 3 100 521798 2.026575314
29 30 3 100 1321961 2.026591405
31 16 3 100 40013 2.026591612
22 16 3 100 26810 2.026595327
27 29 3 100 509828 2.026619533
20 23 3 100 8065569 2.026639499
26 21 3 100 9616 2.026645216
16 30 3 100 8895 2.026672131
28 19 3 100 61050 2.026682457
18 22 3 100 7793 2.026682688
24 18 3 100 46239 2.026698401
17 21 3 100 27870 2.026700490
17 26 3 100 9392 2.026700751
31 29 3 100 2725 2.026721123
19 29 3 100 20127 2.026724723
28 17 3 100 7809597 2.026733602
30 20 3 100 486221 2.026736429
22 20 3 100 6353 2.026748604
30 22 3 100 1998111 2.026764563
29 28 3 100 34463 2.026787326
7 17 3 100 26791 2.026788226
24 19 3 100 326534 2.026799126
10 27 3 100 72085 2.026816941
22 21 3 100 961 2.026870294
17 16 3 100 1812 2.026919754
30 29 3 100 74147 2.026921940
17 23 3 100 833024 2.026939081
30 27 3 100 67450 2.026970103
21 28 3 100 1589653 2.026972624
18 20 3 100 6798 2.026987915
22 28 3 100 29841277 2.027007015
18 17 3 100 79772 2.027017673
30 25 3 100 1992448 2.027038958
31 22 3 100 54698 2.027059592
17 23 3 100 34488 2.027059857
26 19 3 100 105993 2.027063549
23 30 3 100 9361 2.027083941
30 19 3 100 483643 2.027094652
27 26 3 100 24227 2.027095387
31 16 3 100 2064856 2.027117438
30 18 3 100 1343820 2.027140619
19 20 3 100 53735 2.027140970
25 27 3 100 23491 2.027142733
20 30 3 100 654419 2.027146319
18 25 3 100 1132148 2.027149235
22 23 3 100 53574 2.027194807
21 25 3 100 48692 2.027202912
21 28 3 100 1076235 2.027224601
17 23 3 100 76514 2.027241204
17 23 3 100 178311 2.027250063
24 29 3 100 7210951 2.027264189
21 27 3 100 5970543 2.027270219
26 23 3 100 8887846 2.027274149
18 29 3 100 18496 2.027301554
17 25 3 100 13786 2.027303534
29 19 3 100 3964 2.027304978
14 21 3 100 53674 2.027305802
27 16 3 100 70884 2.027305900
16 24 3 100 298770 2.027332206
20 26 3 100 48563 2.027332425
25 27 3 100 323608 2.027381548
21 18 3 100 27295 2.027386422
17 18 3 100 159411 2.027392855
28 30 3 100 49447 2.027407479
30 16 3 100 7286 2.027426935
18 25 3 100 6970 2.027427157
21 24 3 100 3424124 2.027445371
22 20 3 100 551571 2.027448173
29 20 3 100 1508604 2.027478461
18 16 3 100 4985 2.027484950
30 25 3 100 3147285 2.027490500
25 22 3 100 23799 2.027506510
16 18 3 100 84220 2.027516305
28 25 3 100 23993 2.027517152
18 26 3 100 4590051 2.027522178
19 24 3 100 14673 2.027539625
22 18 3 100 3617033 2.027550762
20 26 3 100 932673 2.027561255
25 26 3 100 1310315 2.027604731
25 17 3 100 4427481 2.027613382
21 25 3 100 5623 2.027613676
20 16 3 100 7079028 2.027636083
25 20 3 100 1006044 2.027643477
27 18 3 100 48591 2.027648513
20 30 3 100 39366 2.027662207
27 29 3 100 25814 2.027662680
23 16 3 100 7009 2.027666954
21 16 3 100 6780718 2.027692032
18 29 3 100 8871 2.027696644
28 29 3 100 7319075 2.027707492
26 28 3 100 70067 2.027709612
18 19 3 100 5243 2.027720398
14 22 3 100 1159684 2.027752223
31 18 3 100 36603 2.027771694
16 17 3 100 1484952 2.027778929
20 23 3 100 970553 2.027791280
23 16 3 100 149050 2.027792055
31 25 3 100 142712 2.027810752
24 27 3 100 4078 2.027811207
16 25 3 100 11762 2.027826441
17 21 3 100 75443 2.027835293
23 25 3 100 225893 2.027842745
18 26 3 100 690444 2.027859394
30 23 3 100 25108 2.027864534
27 29 3 100 897635 2.027885893
16 24 3 100 1643905 2.027888000
17 31 3 100 5434142 2.027892178
17 30 3 100 1707396 2.027892617
25 16 3 100 8180 2.027908058
0 30 3 100 2709916 2.027911951
30 31 3 100 6429 2.027913337
18 30 3 100 62166 2.027923542
22 16 3 100 1567416 2.027928102
24 30 3 100 5745 2.027928322
23 31 3 100 74921 2.027936392
15 23 3 100 15579 2.027945963
8 18 3 100 9735 2.027967940
23 20 3 100 38829 2.027994532
31 27 3 100 3859 2.027994631
23 30 3 100 3571543 2.028005594
16 28 3 100 58582 2.028008955
25 30 3 100 43707 2.028029855
27 19 3 100 2679763 2.028032351
26 18 3 100 8707 2.028058764
24 19 3 100 875512 2.028064920
24 19 3 100 1269180 2.028089631
27 25 3 100 184048 2.028092627
25 29 3 100 1071701 2.028107862
30 22 3 100 56997 2.028113278
26 29 3 100 40752 2.028137410
26 25 3 100 183919 2.028157998
30 28 3 100 7631 2.028186398
12 17 3 100 5378 2.028215137
18 30 3 100 3470128 2.028225099
30 28 3 100 5237149 2.028243261
17 25 3 100 1114243 2.028261672
18 16 3 100 175284 2.028261983
8 17 3 100 76577 2.028264811
19 26 3 100 24546 2.028270330
23 25 3 100 5994173 2.028270908
28 26 3 100 21920273 2.028291420
24 31 3 100 5912 2.028303324
1 21 3 100 488521 2.028325942
29 31 3 100 1645722 2.028331217
30 31 3 100 108844 2.028355683
16 28 3 100 28944 2.028356101
19 16 3 100 7044 2.028363736
30 24 3 100 32557 2.028383099
25 23 3 100 1434351 2.028394362
26 23 3 100 43249 2.028506034
5 21 3 100 69469 2.028518351
27 26 3 100 408210 2.028541907
27 20 3 100 47792 2.028599125
21 25 3 100 43764 2.028614401
30 21 3 100 1306284 2.028622517
17 18 3 100 710471 2.028633327
16 21 3 100 136333 2.028643631
28 29 3 100 46460 2.028655168
17 20 3 100 62828 2.028684073
16 21 3 100 37625 2.028718255
21 29 3 100 56715 2.028778441
30 23 3 100 54204 2.028778504
30 24 3 100 3673989 2.028784585
20 28 3 100 4970 2.028806883
21 24 3 100 75016 2.028807226
27 31 3 100 40625 2.028812535
30 17 3 100 255213 2.028869020
31 24 3 100 81882 2.028871250
17 31 3 100 26913 2.028910731
23 30 3 100 1783200 2.028917279
27 25 3 100 110459 2.028928926
22 21 3 100 1335967 2.028932154
12 26 3 100 29388 2.028941976
13 20 3 100 834736 2.028953475
31 27 3 100 71467 2.028958873
20 29 3 100 2642862 2.028986415
15 28 3 100 8156462 2.028990001
29 22 3 100 9974432 2.028993767
27 25 3 100 10915 2.029017136
19 20 3 100 1763666 2.029080451
29 23 3 100 672015 2.029085487
23 16 3 100 843020 2.029086668
28 23 3 100 57312 2.029092417
2 18 3 100 43418 2.029116903
27 19 3 100 48453 2.029118940
19 29 3 100 137598 2.029159582
5 31 3 100 174453 2.029185215
21 16 3 100 53218 2.029201493
25 17 3 100 1481 2.029206047
27 29 3 100 8899 2.029232134
18 30 3 100 52605 2.029241083
27 23 3 100 74116 2.029263711
19 17 3 100 992864 2.029276815
18 29 3 100 4842553 2.029285544
13 17 3 100 28718 2.029292292
23 18 3 100 17039683 2.029319668
28 18 3 100 2777044 2.029330491
29 25 3 100 1462642 2.029332552
10 31 3 100 865276 2.029334850
22 20 3 100 1319082 2.029354849
24 31 3 100 63709 2.029365065
31 20 3 100 29372 2.029369173
31 24 3 100 8552458 2.029402613
17 29 3 100 10871 2.029406870
31 18 3 100 76525 2.029450108
19 30 3 100 906059 2.029458255
27 28 3 100 2456042 2.029460619
30 29 3 100 53648 2.029496843
20 28 3 100 2805 2.029536806
30 18 3 100 1399724 2.029539545
29 18 3 100 2635371 2.029552269
24 27 3 100 12043 2.029569993
16 22 3 100 718149 2.029573023
29 19 3 100 20623 2.029629184
19 25 3 100 151141 2.029712145
23 21 3 100 140146 2.029741323
23 20 3 100 530021 2.029741352
29 25 3 100 12902 2.029742653
27 19 3 100 5919220 2.029759915
29 27 3 100 606609 2.029818621
18 30 3 100 1447968 2.029914229
28 27 3 100 21511050 2.029939298
27 23 3 100 1608851 2.029939400
