2129 
6 31 3 100 75268 2.000001108
22 19 3 100 5609931 2.000013209
12 2 3 100 761364 2.000027002
25 16 3 100 73570 2.000049261
5 3 3 100 4016910 2.000058857
22 24 3 100 69545 2.000066010
26 17 3 100 14644 2.000069743
27 21 3 100 49627 2.000100123
12 9 3 100 973005 2.000115127
4 15 3 100 9898 2.000115606
4 9 3 100 26838 2.000154757
27 21 3 100 364157 2.000175612
15 10 3 100 1596743 2.000187523
6 22 3 100 35582 2.000188745
4 15 3 100 687525 2.000211388
21 24 3 100 13448 2.000220010
25 18 3 100 109615 2.000233340
7 2 3 100 71394 2.000297913
15 3 3 100 26998 2.000324678
26 18 3 100 218297 2.000329396
31 15 3 100 53405 2.000340054
19 24 3 100 2929583 2.000349274
2 6 3 100 36567 2.000366243
20 19 3 100 7719 2.000368691
24 17 3 100 1777810 2.000374415
7 6 3 100 3519039 2.000377262
7 12 3 100 50963 2.000397068
8 1 3 100 6947 2.000403390
17 25 3 100 1111547 2.000412144
22 30 3 100 1734004 2.000423586
30 28 3 100 16974 2.000434291
5 20 3 100 77385 2.000459644
20 25 3 100 14370 2.000491400
10 13 3 100 72069 2.000507039
9 15 3 100 9737 2.000516677
21 29 3 100 955051 2.000517755
20 25 3 100 3720119 2.000543294
5 1 3 100 48163 2.000578903
1 12 3 100 16679278 2.000622066
8 15 3 100 1523701 2.000697157
24 30 3 100 7717179 2.000697249
4 3 3 100 161305 2.000704545
28 30 3 100 192490 2.000711238
7 5 3 100 61340 2.000718191
7 11 3 100 99628 2.000720627
10 7 3 100 40606 2.000736849
4 5 3 100 56876 2.000745199
30 23 3 100 72925 2.000800342
22 26 3 100 288015 2.000805889
26 30 3 100 243078 2.000822067
5 24 3 100 1290700 2.000868634
28 22 3 100 1960767 2.000875074
15 6 3 100 1584674 2.000884003
20 30 3 100 140394 2.000897610
2 10 3 100 84207 2.000920200
15 12 3 100 74658 2.000920682
14 11 3 100 40651 2.000937659
12 1 3 100 16417 2.000948049
23 20 3 100 44667 2.000961903
3 6 3 100 64539 2.000971434
8 4 3 100 4959417 2.000981915
29 19 3 100 29625 2.000984203
6 14 3 100 1119537 2.000990667
25 17 3 100 5011 2.000995115
29 19 3 100 7539417 2.001001582
11 0 3 100 268292 2.001005171
14 10 3 100 19022 2.001005823
30 19 3 100 1284227 2.001007112
8 15 3 100 54892 2.001030093
21 10 3 100 78358 2.001049508
14 0 3 100 11730 2.001055500
1 8 3 100 54633 2.001059015
5 14 3 100 79000 2.001068579
16 31 3 100 1398128 2.001082611
2 16 3 100 51523 2.001105011
10 5 3 100 9259 2.001154141
23 17 3 100 13499 2.001176598
4 5 3 100 109586 2.001187468
10 2 3 100 181737 2.001190409
6 13 3 100 50545 2.001190661
20 23 3 100 66369 2.001197200
10 4 3 100 72830 2.001204896
24 27 3 100 457703 2.001206865
25 30 3 100 53027 2.001219531
18 0 3 100 1338 2.001227072
18 28 3 100 4335974 2.001258208
7 10 3 100 138110 2.001269695
24 17 3 100 33244 2.001315602
21 18 3 100 10043908 2.001338293
5 14 3 100 6620221 2.001365598
26 16 3 100 44204 2.001388446
16 26 3 100 1928760 2.001402555
30 23 3 100 2006451 2.001405505
6 13 3 100 71913 2.001407911
0 6 3 100 3547719 2.001425760
21 28 3 100 3532 2.001426766
23 31 3 100 8490928 2.001452472
18 27 3 100 7205 2.001488206
13 5 3 100 27785 2.001495569
22 30 3 100 49062 2.001502926
15 5 3 100 9411 2.001526661
22 16 3 100 4510440 2.001542896
18 25 3 100 4336 2.001556860
15 8 3 100 641638 2.001561556
11 1 3 100 681517 2.001563568
7 24 3 100 261309 2.001565756
27 30 3 100 1228302 2.001566868
14 8 3 100 3763790 2.001567610
2 1 3 100 49634 2.001580109
4 17 3 100 24510 2.001589348
24 26 3 100 12688 2.001589869
28 22 3 100 20529 2.001668701
10 14 3 100 713079 2.001683693
26 16 3 100 19552 2.001686491
0 9 3 100 17268 2.001688329
19 29 3 100 68946 2.001690028
4 11 3 100 5331 2.001693860
8 2 3 100 25715 2.001697857
18 31 3 100 13362 2.001699314
13 3 3 100 8456949 2.001713201
0 1 3 100 66875 2.001727219
12 14 3 100 4768735 2.001737222
2 13 3 100 20908 2.001740001
18 11 3 100 1257096 2.001769953
18 21 3 100 3216 2.001774468
21 13 3 100 71859 2.001825235
17 29 3 100 17201697 2.001842782
30 23 3 100 31312 2.001844719
26 18 3 100 16772 2.001846771
26 21 3 100 3848 2.001879683
28 20 3 100 153251 2.001882782
26 20 3 100 73747 2.001897101
19 4 3 100 4135574 2.001927855
21 22 3 100 38850 2.001946262
15 4 3 100 21378 2.001966359
6 0 3 100 2848299 2.001969599
9 0 3 100 6059 2.001993392
31 17 3 100 47453 2.002011248
15 13 3 100 39333 2.002042739
29 27 3 100 413945 2.002047412
16 21 3 100 51007 2.002060512
25 22 3 100 9303 2.002076895
13 8 3 100 64956 2.002112459
1 5 3 100 1242164 2.002118093
7 10 3 100 2850250 2.002130097
19 21 3 100 4008272 2.002161153
23 13 3 100 802168 2.002162784
7 2 3 100 8513 2.002164915
20 28 3 100 22735 2.002165321
27 24 3 100 2151523 2.002168760
24 19 3 100 20122 2.002216464
4 8 3 100 9185969 2.002232193
31 3 3 100 5813413 2.002258206
21 19 3 100 81992 2.002278411
7 15 3 100 4856769 2.002280725
11 9 3 100 43601 2.002296273
15 2 3 100 79659 2.002303747
20 31 3 100 46749 2.002310791
28 31 3 100 9389 2.002317978
26 6 3 100 3122376 2.002346454
2 7 3 100 844 2.002362287
11 6 3 100 2643 2.002366179
10 0 3 100 149069 2.002370904
12 5 3 100 28867 2.002377438
11 8 3 100 50492 2.002385547
28 26 3 100 23807 2.002400790
15 4 3 100 79780 2.002404615
6 31 3 100 1720525 2.002422949
31 30 3 100 725896 2.002423379
21 26 3 100 2331 2.002438182
23 30 3 100 589926 2.002441596
1 23 3 100 3171201 2.002516394
4 2 3 100 11440 2.002524733
7 1 3 100 2064731 2.002559762
16 1 3 100 38268 2.002603100
0 1 3 100 3019521 2.002605296
9 13 3 100 20769 2.002635821
16 21 3 100 29128 2.002648340
11 1 3 100 8799 2.002666640
24 29 3 100 26669 2.002678074
8 28 3 100 26271 2.002685606
14 5 3 100 87012 2.002690470
18 23 3 100 40040 2.002719685
6 24 3 100 66320 2.002741473
30 9 3 100 2613 2.002757261
15 10 3 100 304733 2.002761711
13 8 3 100 55768 2.002787604
28 30 3 100 3548 2.002797277
1 8 3 100 13564 2.002805121
11 13 3 100 14621 2.002851071
24 26 3 100 20907 2.002860111
26 21 3 100 5154106 2.002871793
14 7 3 100 20469 2.002875971
18 20 3 100 1668869 2.002885544
15 11 3 100 71585 2.002885940
0 2 3 100 47009 2.002896870
28 25 3 100 1210 2.002924555
22 25 3 100 27295 2.002929458
27 22 3 100 27976 2.002943062
14 7 3 100 26989 2.002956557
3 13 3 100 35457 2.002987033
3 29 3 100 18485966 2.002991240
31 21 3 100 875621 2.002996568
14 5 3 100 23641935 2.003007055
8 18 3 100 3101855 2.003011457
0 1 3 100 57893 2.003014616
12 6 3 100 3622856 2.003028881
5 15 3 100 5211 2.003048545
19 18 3 100 40858 2.003058633
13 11 3 100 39746 2.003058795
20 28 3 100 69317 2.003068895
12 2 3 100 41334 2.003099268
10 9 3 100 3811575 2.003117216
10 30 3 100 991874 2.003130226
15 7 3 100 2723 2.003141065
12 24 3 100 8815 2.003145767
9 0 3 100 1218527 2.003154019
27 23 3 100 28721481 2.003185192
23 16 3 100 9294 2.003199649
10 7 3 100 7567369 2.003215166
9 0 3 100 64556 2.003227877
30 27 3 100 45172 2.003233798
7 0 3 100 34431 2.003275091
12 0 3 100 30076 2.003282799
22 25 3 100 23643 2.003300663
16 21 3 100 3968 2.003312554
30 21 3 100 4502 2.003323394
16 30 3 100 23570 2.003323970
19 28 3 100 15972809 2.003326453
10 11 3 100 6250 2.003329228
25 17 3 100 9731 2.003360821
16 24 3 100 37198 2.003363188
15 5 3 100 76408 2.003370846
1 6 3 100 452027 2.003397331
24 31 3 100 18562 2.003411303
3 17 3 100 79097 2.003413944
22 26 3 100 38545 2.003420823
14 1 3 100 14821 2.003463773
19 16 3 100 120782 2.003464275
26 30 3 100 59346 2.003469472
29 21 3 100 5114696 2.003478985
13 12 3 100 61282 2.003481748
20 31 3 100 180 2.003508240
8 6 3 100 105845 2.003516260
14 12 3 100 191430 2.003541513
15 5 3 100 1208 2.003560790
10 8 3 100 4515899 2.003586938
3 0 3 100 4243 2.003587237
24 28 3 100 23686 2.003589787
23 27 3 100 5529 2.003596705
10 26 3 100 24490 2.003609516
24 27 3 100 8784343 2.003610200
24 30 3 100 3822573 2.003614629
15 5 3 100 32978 2.003666623
30 25 3 100 3171 2.003672216
27 30 3 100 54040 2.003675701
3 7 3 100 9004467 2.003686259
26 24 3 100 291442 2.003687176
4 8 3 100 36975 2.003687453
25 26 3 100 7252 2.003697701
24 20 3 100 600436 2.003699327
8 9 3 100 28134492 2.003711255
25 30 3 100 251217 2.003729766
3 14 3 100 53283 2.003732573
16 27 3 100 21684641 2.003738884
29 16 3 100 29237 2.003758621
25 29 3 100 715270 2.003764648
25 31 3 100 78871 2.003764986
16 0 3 100 44041 2.003770213
28 19 3 100 2268539 2.003776612
19 15 3 100 3053677 2.003779872
15 2 3 100 49291 2.003781642
16 8 3 100 110147 2.003797251
5 6 3 100 956067 2.003800721
29 22 3 100 1225542 2.003801904
1 8 3 100 6405078 2.003819794
15 1 3 100 1200517 2.003834380
14 30 3 100 11186 2.003836644
31 30 3 100 161348 2.003847511
7 14 3 100 106170 2.003866843
27 23 3 100 4748 2.003890112
5 2 3 100 46122 2.003903208
7 1 3 100 45753 2.003921040
15 4 3 100 7845688 2.003923666
11 12 3 100 3757639 2.003962912
2 1 3 100 4940713 2.003981718
23 27 3 100 42737 2.004020443
15 6 3 100 43036 2.004021491
7 4 3 100 61412 2.004029776
20 26 3 100 4394 2.004036764
30 1 3 100 565282 2.004083242
21 0 3 100 40553 2.004094608
31 23 3 100 32037 2.004098080
3 4 3 100 1932309 2.004150355
6 2 3 100 475 2.004153476
26 25 3 100 185033 2.004185043
25 22 3 100 1931946 2.004210522
15 25 3 100 1993493 2.004214816
24 1 3 100 923935 2.004244362
29 21 3 100 895185 2.004251436
23 26 3 100 43530 2.004283494
30 17 3 100 6350058 2.004297366
5 12 3 100 45929 2.004310896
26 25 3 100 158794 2.004317145
31 23 3 100 1241657 2.004323441
28 18 3 100 42932 2.004340674
12 1 3 100 2844656 2.004344202
29 21 3 100 63561 2.004344621
16 17 3 100 17463 2.004356240
9 4 3 100 532701 2.004363016
28 16 3 100 34327 2.004376560
13 9 3 100 4405 2.004382010
14 0 3 100 5468665 2.004386766
29 4 3 100 341 2.004404541
1 6 3 100 1947138 2.004420288
10 11 3 100 5689508 2.004424593
2 0 3 100 5869 2.004503579
18 30 3 100 11648 2.004508872
6 13 3 100 40668 2.004513596
13 7 3 100 48965 2.004531598
17 28 3 100 9843669 2.004582921
13 9 3 100 3700075 2.004583700
15 13 3 100 8691 2.004614847
3 7 3 100 54637 2.004650754
29 17 3 100 34390 2.004661945
16 29 3 100 125559 2.004662599
8 7 3 100 838308 2.004665563
3 0 3 100 3812 2.004713084
29 30 3 100 59975 2.004756049
7 12 3 100 5327642 2.004771679
31 23 3 100 132079 2.004806838
28 2 3 100 16691322 2.004822512
8 3 3 100 139997 2.004838940
28 12 3 100 275248 2.004865038
14 7 3 100 57831 2.004866791
4 1 3 100 4709 2.004877618
30 0 3 100 28151 2.004909419
8 17 3 100 1620 2.004911003
24 26 3 100 10396 2.004919016
15 7 3 100 1148692 2.004920587
31 27 3 100 961406 2.004920917
2 0 3 100 16912 2.004926059
23 2 3 100 12307 2.004945192
0 14 3 100 1446538 2.004948983
14 7 3 100 78799 2.004958929
9 11 3 100 5085354 2.004982988
23 16 3 100 9870388 2.005051913
6 13 3 100 200731 2.005081706
3 10 3 100 11384 2.005086468
6 4 3 100 2199451 2.005094528
8 0 3 100 2885709 2.005108487
1 10 3 100 64 2.005117497
25 22 3 100 3727938 2.005136105
31 24 3 100 1747929 2.005169341
16 23 3 100 64599 2.005183913
30 18 3 100 25370 2.005212899
15 4 3 100 3976904 2.005233400
13 31 3 100 61414 2.005248179
6 2 3 100 4922436 2.005262420
11 15 3 100 5946126 2.005302512
8 9 3 100 9922796 2.005321209
17 31 3 100 4434540 2.005331255
6 13 3 100 9840846 2.005337958
28 20 3 100 43236 2.005358571
16 31 3 100 3897377 2.005366198
5 6 3 100 3057962 2.005377638
30 27 3 100 3304 2.005395836
3 11 3 100 551516 2.005398710
9 0 3 100 25714049 2.005419786
29 27 3 100 9277093 2.005446697
27 30 3 100 4765871 2.005454545
22 17 3 100 4216 2.005478270
11 1 3 100 13233 2.005479836
19 28 3 100 23715 2.005491475
10 21 3 100 4107068 2.005501712
2 6 3 100 64152 2.005501982
14 7 3 100 45035 2.005502715
3 4 3 100 1549283 2.005506408
3 15 3 100 9258 2.005526950
27 29 3 100 45550 2.005530936
3 0 3 100 62271 2.005544148
0 5 3 100 50824 2.005556072
24 27 3 100 64883 2.005564751
15 25 3 100 24783 2.005568300
5 6 3 100 18255 2.005610834
19 28 3 100 1533842 2.005614968
14 11 3 100 1700383 2.005620655
26 29 3 100 1420860 2.005629742
29 17 3 100 110567 2.005630566
1 7 3 100 41694 2.005637692
20 30 3 100 25050 2.005643438
19 21 3 100 22333 2.005690866
8 13 3 100 22794 2.005706416
22 21 3 100 2462296 2.005722026
27 19 3 100 1665087 2.005723287
18 28 3 100 47101 2.005743819
25 18 3 100 8251222 2.005748103
8 1 3 100 39410 2.005749231
1 15 3 100 46645 2.005750667
14 8 3 100 24515 2.005789092
21 2 3 100 33168 2.005798586
9 2 3 100 18961 2.005800396
30 31 3 100 488086 2.005802077
14 3 3 100 8403 2.005809238
1 10 3 100 21119 2.005812742
16 8 3 100 37314 2.005815122
29 25 3 100 246457 2.005820334
27 17 3 100 2194 2.005824783
12 1 3 100 674906 2.005858956
3 7 3 100 21192 2.005869850
9 19 3 100 23736 2.005875740
2 1 3 100 46366 2.005876494
6 3 3 100 5182 2.005879549
14 12 3 100 4909 2.005882077
22 23 3 100 970486 2.005887131
4 11 3 100 8301 2.005895841
12 8 3 100 25657 2.005896055
8 12 3 100 8640 2.005907992
23 30 3 100 9658636 2.005936294
30 29 3 100 9872 2.005936533
30 29 3 100 43873 2.005967570
23 1 3 100 169638 2.005988320
11 14 3 100 48602 2.005994075
23 24 3 100 4099 2.006013514
24 6 3 100 958795 2.006014507
20 19 3 100 35297 2.006016099
18 16 3 100 3798 2.006031277
21 17 3 100 903237 2.006035205
11 18 3 100 17551 2.006049973
3 8 3 100 6609 2.006054668
15 10 3 100 29385 2.006057915
14 13 3 100 63833 2.006067653
9 7 3 100 168091 2.006074554
5 13 3 100 8761 2.006081778
31 16 3 100 1830488 2.006109426
22 26 3 100 39276 2.006110850
19 25 3 100 2608630 2.006111239
5 4 3 100 9003532 2.006116035
7 0 3 100 60418 2.006124531
5 1 3 100 13019 2.006130680
12 3 3 100 33455 2.006138491
25 26 3 100 28698110 2.006145996
30 29 3 100 184840 2.006146882
14 7 3 100 1719675 2.006156736
6 1 3 100 48479 2.006158781
4 24 3 100 34898 2.006173318
29 24 3 100 1347 2.006179434
3 2 3 100 60671 2.006199729
17 21 3 100 45793 2.006208810
30 26 3 100 6574 2.006210539
4 14 3 100 17434 2.006213411
10 15 3 100 6646 2.006246901
0 15 3 100 14584021 2.006247380
14 11 3 100 12130282 2.006281255
4 9 3 100 4760806 2.006288319
6 3 3 100 1386631 2.006303296
16 30 3 100 1769773 2.006329195
10 14 3 100 31376 2.006355003
1 15 3 100 9845 2.006368531
25 27 3 100 176644 2.006393562
29 26 3 100 47118 2.006395325
20 30 3 100 165213 2.006410956
25 26 3 100 6019173 2.006411148
29 21 3 100 23520 2.006433784
7 15 3 100 16617 2.006456648
22 14 3 100 43078 2.006466194
2 13 3 100 1427224 2.006471614
4 14 3 100 22702 2.006488600
10 0 3 100 5424 2.006489414
20 29 3 100 4519857 2.006501132
5 1 3 100 41842 2.006503258
14 2 3 100 160536 2.006503681
18 24 3 100 1044264 2.006509293
0 13 3 100 327455 2.006549151
24 20 3 100 11840228 2.006558942
13 8 3 100 167472 2.006560433
10 0 3 100 7687 2.006565199
21 18 3 100 2137734 2.006580308
22 16 3 100 142743 2.006584697
15 25 3 100 5820 2.006585090
24 20 3 100 33486 2.006600354
6 5 3 100 11403188 2.006607098
28 31 3 100 3102359 2.006607314
8 10 3 100 13511 2.006616236
16 13 3 100 5639 2.006618371
23 30 3 100 28465 2.006624780
22 19 3 100 27320 2.006677462
22 16 3 100 18849028 2.006680201
5 10 3 100 9892 2.006683251
17 23 3 100 135712 2.006703196
31 17 3 100 67869 2.006708798
3 2 3 100 35149 2.006719164
1 4 3 100 347574 2.006749988
9 3 3 100 29209 2.006750973
13 11 3 100 154568 2.006759348
17 26 3 100 78411 2.006760751
19 18 3 100 3969844 2.006767820
4 25 3 100 21856 2.006789425
25 17 3 100 3027409 2.006790025
31 17 3 100 46060 2.006796896
27 20 3 100 21323 2.006827783
22 21 3 100 78023 2.006848546
7 1 3 100 3573657 2.006852555
3 6 3 100 2063638 2.006855184
14 2 3 100 63863 2.006860439
28 17 3 100 53647 2.006865946
6 14 3 100 3273926 2.006868664
7 13 3 100 4772 2.006878966
5 30 3 100 57087 2.006887937
29 25 3 100 7699 2.006898468
17 20 3 100 5345 2.006898662
31 17 3 100 4341 2.006899904
7 10 3 100 824299 2.006901070
18 31 3 100 9248 2.006913037
12 2 3 100 25970 2.006916310
15 11 3 100 124146 2.006941294
13 22 3 100 3784483 2.006966448
16 28 3 100 28958841 2.006980453
1 5 3 100 53943 2.006991094
2 14 3 100 22434 2.007010168
24 21 3 100 6565754 2.007017376
5 15 3 100 1194133 2.007047817
8 12 3 100 2956705 2.007056436
9 14 3 100 8294 2.007067709
20 21 3 100 10415 2.007067816
18 25 3 100 2134120 2.007073225
3 7 3 100 193767 2.007092353
1 12 3 100 1790398 2.007098858
17 20 3 100 178926 2.007108516
9 8 3 100 1170901 2.007111608
11 8 3 100 1536405 2.007117658
27 30 3 100 28953 2.007118754
6 13 3 100 6219 2.007129490
19 29 3 100 6520924 2.007139594
26 29 3 100 55908 2.007184420
12 24 3 100 4553005 2.007234492
11 26 3 100 133310 2.007238669
30 23 3 100 28223 2.007241155
19 11 3 100 38573 2.007261309
30 18 3 100 4165937 2.007292322
26 31 3 100 5015713 2.007331350
2 15 3 100 645912 2.007333280
9 0 3 100 9743 2.007338013
18 22 3 100 4552645 2.007375094
3 8 3 100 134727 2.007425377
5 9 3 100 2156910 2.007431251
27 24 3 100 60483 2.007474635
28 19 3 100 12558 2.007493363
5 13 3 100 2788886 2.007506487
17 22 3 100 34451 2.007523392
30 18 3 100 4016324 2.007532792
18 28 3 100 443 2.007542719
21 27 3 100 333725 2.007570752
14 30 3 100 6723 2.007608378
10 6 3 100 52424 2.007641270
10 1 3 100 20199 2.007649794
27 16 3 100 61713 2.007651397
8 15 3 100 67235 2.007651718
18 29 3 100 1765945 2.007666919
19 23 3 100 1812 2.007669506
11 12 3 100 3131880 2.007671767
26 24 3 100 12265 2.007680331
16 28 3 100 5202360 2.007684128
10 4 3 100 79891 2.007686637
31 6 3 100 1081231 2.007687245
19 21 3 100 149105 2.007698396
4 3 3 100 22253 2.007713893
11 12 3 100 4351926 2.007751036
8 20 3 100 48686 2.007780880
20 16 3 100 6619342 2.007786331
8 2 3 100 5162 2.007812330
8 10 3 100 54412 2.007817766
9 14 3 100 6969 2.007844295
6 24 3 100 46758 2.007867715
21 24 3 100 52940 2.007872525
21 28 3 100 33167 2.007892546
10 7 3 100 1687687 2.007911881
17 18 3 100 72631 2.007943548
26 21 3 100 73382 2.007953862
6 15 3 100 38270 2.007955793
8 3 3 100 23168 2.007976051
20 30 3 100 36138 2.007979063
18 31 3 100 742071 2.007982633
3 18 3 100 56659 2.007988879
10 5 3 100 918152 2.008016166
20 17 3 100 8450 2.008030363
0 6 3 100 106892 2.008031035
31 12 3 100 3616133 2.008033759
25 16 3 100 30583 2.008096277
18 24 3 100 1362769 2.008098735
23 9 3 100 3377618 2.008109205
1 2 3 100 61228 2.008129172
0 11 3 100 29005 2.008129746
17 23 3 100 8430 2.008137974
4 30 3 100 627298 2.008143121
21 20 3 100 907806 2.008156475
19 24 3 100 1355158 2.008157084
8 24 3 100 883072 2.008157119
18 29 3 100 19095 2.008178478
16 18 3 100 5906 2.008199641
8 0 3 100 38918 2.008201902
0 12 3 100 145897 2.008206798
8 2 3 100 4272239 2.008211676
8 9 3 100 437342 2.008249703
14 8 3 100 22093 2.008258743
16 19 3 100 65595 2.008271274
31 25 3 100 7742 2.008303332
1 31 3 100 4136 2.008312937
26 17 3 100 11636 2.008322573
13 0 3 100 86406 2.008326099
26 16 3 100 3283979 2.008342078
27 23 3 100 23250 2.008352754
10 11 3 100 4621 2.008356205
19 25 3 100 104441 2.008373124
0 2 3 100 26190 2.008396222
6 9 3 100 21535 2.008401039
6 9 3 100 15732 2.008410000
23 19 3 100 2322452 2.008411855
31 24 3 100 8102 2.008421565
27 14 3 100 4135280 2.008437268
20 16 3 100 1848656 2.008439503
5 10 3 100 849519 2.008444227
7 31 3 100 92701 2.008447389
25 17 3 100 22089 2.008449227
29 28 3 100 9141500 2.008467004
17 21 3 100 1794374 2.008489335
19 30 3 100 37372 2.008496325
28 16 3 100 1955938 2.008522449
10 8 3 100 108793 2.008530779
30 27 3 100 9851 2.008573127
29 18 3 100 3475377 2.008576271
10 9 3 100 45990 2.008596545
11 0 3 100 3775606 2.008613915
5 13 3 100 7795 2.008662424
11 4 3 100 4083087 2.008664018
29 30 3 100 3600225 2.008691896
8 17 3 100 25694344 2.008693434
23 5 3 100 24698 2.008693825
6 15 3 100 176021 2.008757901
16 30 3 100 858172 2.008760888
7 11 3 100 768 2.008782451
25 19 3 100 2460983 2.008805263
18 25 3 100 29656776 2.008814109
23 31 3 100 1176286 2.008831289
4 10 3 100 9491 2.008857151
0 10 3 100 31299 2.008869499
11 6 3 100 351749 2.008904531
23 17 3 100 55624 2.008934649
19 28 3 100 7739 2.008934657
13 4 3 100 37972 2.008939384
21 23 3 100 29478 2.008943065
1 5 3 100 65769 2.008960373
11 16 3 100 3911595 2.008973514
7 15 3 100 131771 2.008976872
14 8 3 100 5145400 2.009042847
23 25 3 100 3992 2.009057416
11 3 3 100 1431802 2.009057699
10 7 3 100 29593 2.009070987
3 23 3 100 67376 2.009079738
6 3 3 100 6856455 2.009084330
17 29 3 100 8127205 2.009100900
14 13 3 100 1575699 2.009138606
21 19 3 100 9583 2.009169810
7 20 3 100 22415071 2.009176505
10 7 3 100 1499 2.009197049
21 17 3 100 76872 2.009206787
3 10 3 100 23909 2.009216297
6 7 3 100 12642883 2.009228398
24 17 3 100 20454278 2.009231425
24 17 3 100 19566 2.009248282
1 7 3 100 1098612 2.009312750
29 30 3 100 3036398 2.009331547
10 14 3 100 3867937 2.009334425
14 7 3 100 2345 2.009335804
21 23 3 100 29302 2.009346025
2 3 3 100 107373 2.009356438
9 1 3 100 40612 2.009381640
13 1 3 100 1738 2.009427400
14 7 3 100 7361715 2.009452647
22 30 3 100 25959 2.009459601
5 21 3 100 7223 2.009461767
23 25 3 100 306152 2.009471063
18 5 3 100 72295 2.009492742
0 9 3 100 62949 2.009492813
18 28 3 100 23326 2.009501571
30 28 3 100 472278 2.009523996
8 7 3 100 851539 2.009549848
8 25 3 100 26369957 2.009564758
2 4 3 100 18532 2.009567573
17 27 3 100 4683 2.009585169
26 30 3 100 32062 2.009631469
6 15 3 100 36 2.009639277
15 26 3 100 8472 2.009655315
11 12 3 100 46549 2.009656175
6 12 3 100 838776 2.009663187
14 7 3 100 55010 2.009672851
28 22 3 100 37883 2.009682699
0 3 3 100 53871 2.009691362
29 23 3 100 6755051 2.009721882
27 6 3 100 581022 2.009732914
17 28 3 100 147121 2.009733220
21 24 3 100 7445 2.009734004
17 27 3 100 27765 2.009742945
2 8 3 100 35684 2.009783131
2 14 3 100 22704 2.009788040
23 21 3 100 345936 2.009803563
30 19 3 100 29102 2.009826639
9 1 3 100 15131 2.009843841
13 9 3 100 32328 2.009846700
12 7 3 100 7619767 2.009869793
29 28 3 100 1159 2.009870916
18 23 3 100 140216 2.009872811
17 27 3 100 21805 2.009878132
6 4 3 100 29862942 2.009913601
16 25 3 100 73729 2.009926141
9 12 3 100 2482961 2.009937260
0 8 3 100 100642 2.009946556
22 27 3 100 1427613 2.009948454
5 10 3 100 62827 2.009953365
6 4 3 100 7535370 2.009958458
2 3 3 100 9538 2.009958501
5 12 3 100 63876 2.009965256
17 20 3 100 1736 2.009968927
23 22 3 100 56091 2.009971307
8 1 3 100 3832482 2.009972160
12 13 3 100 2741228 2.009974477
1 13 3 100 45588 2.010045406
11 2 3 100 1380179 2.010051342
30 23 3 100 26659 2.010061952
12 7 3 100 3614965 2.010100059
22 20 3 100 29096 2.010108829
1 14 3 100 1005 2.010119194
28 21 3 100 2471207 2.010145293
22 21 3 100 1162434 2.010177834
25 31 3 100 61961 2.010178073
30 20 3 100 108187 2.010179785
17 22 3 100 6006961 2.010192813
30 1 3 100 2832515 2.010202255
17 29 3 100 10920 2.010212033
31 23 3 100 4391 2.010215202
1 31 3 100 3732631 2.010219766
0 30 3 100 3360974 2.010231642
14 12 3 100 126538 2.010270431
30 17 3 100 2342478 2.010278415
20 17 3 100 997 2.010279993
24 20 3 100 31448 2.010290788
28 21 3 100 9254 2.010298292
21 7 3 100 1822449 2.010298820
27 28 3 100 73942 2.010301708
12 4 3 100 2123197 2.010308253
20 25 3 100 1254370 2.010325197
23 21 3 100 13123 2.010341951
23 25 3 100 123188 2.010377498
21 23 3 100 18606 2.010387337
19 29 3 100 27704 2.010392486
20 26 3 100 18749 2.010440177
14 29 3 100 1818345 2.010451869
1 15 3 100 18334 2.010452755
4 11 3 100 24014 2.010459358
26 21 3 100 1943082 2.010464654
0 26 3 100 24770 2.010476553
22 6 3 100 5338702 2.010490942
23 21 3 100 1626843 2.010498563
20 31 3 100 3343 2.010502671
28 18 3 100 579585 2.010529102
11 29 3 100 1020911 2.010542873
18 27 3 100 2384 2.010556775
11 1 3 100 9510 2.010591756
6 10 3 100 79217 2.010595089
14 13 3 100 6341 2.010599764
18 11 3 100 74239 2.010602584
4 11 3 100 4131246 2.010602654
22 25 3 100 1707247 2.010607024
5 2 3 100 153563 2.010608976
29 17 3 100 1081053 2.010640420
13 1 3 100 63445 2.010642428
30 18 3 100 5691858 2.010646821
27 24 3 100 59789 2.010661534
12 22 3 100 12782547 2.010669766
7 3 3 100 868 2.010698463
30 21 3 100 394104 2.010753916
5 14 3 100 7991936 2.010786629
9 8 3 100 558 2.010796002
22 26 3 100 78918 2.010798695
24 20 3 100 9173943 2.010800923
4 10 3 100 7723936 2.010804638
21 25 3 100 1045506 2.010826096
2 9 3 100 520563 2.010831016
9 8 3 100 63947 2.010837197
4 13 3 100 730748 2.010853619
28 19 3 100 45287 2.010870233
8 3 3 100 694958 2.010875838
5 7 3 100 78998 2.010878089
29 31 3 100 17975 2.010888160
3 7 3 100 1157780 2.010899839
25 31 3 100 47214 2.010933551
11 9 3 100 277470 2.010972910
29 24 3 100 21415 2.010974271
0 23 3 100 65574 2.010974719
31 26 3 100 813 2.011000693
15 3 3 100 5919 2.011011470
22 19 3 100 394979 2.011025720
31 19 3 100 65643 2.011050363
2 12 3 100 178379 2.011067698
12 6 3 100 25839 2.011072985
30 28 3 100 702151 2.011079210
24 28 3 100 23150 2.011114507
10 8 3 100 152488 2.011131048
22 21 3 100 3670 2.011168662
30 29 3 100 300490 2.011174069
13 6 3 100 42613 2.011174863
17 22 3 100 614101 2.011187329
7 9 3 100 1328840 2.011193662
7 30 3 100 2894810 2.011225746
30 23 3 100 2959 2.011231916
13 10 3 100 4070 2.011242891
13 1 3 100 3986844 2.011243696
29 28 3 100 22901 2.011258207
22 28 3 100 1054621 2.011266201
8 10 3 100 4871 2.011313935
5 28 3 100 71974 2.011338513
7 10 3 100 524897 2.011350399
18 23 3 100 172311 2.011374111
1 6 3 100 4905085 2.011385741
2 14 3 100 4547315 2.011389270
25 20 3 100 3642981 2.011393022
13 7 3 100 4975 2.011400976
25 22 3 100 64968 2.011404689
21 23 3 100 4037515 2.011407759
12 0 3 100 7998058 2.011419095
2 6 3 100 38561 2.011421856
11 1 3 100 644678 2.011427860
16 24 3 100 1931983 2.011438613
9 12 3 100 54690 2.011444565
0 2 3 100 24803 2.011473331
10 1 3 100 72935 2.011487130
15 6 3 100 50943 2.011498307
11 17 3 100 30946 2.011506082
20 2 3 100 1065023 2.011529151
26 23 3 100 6612894 2.011551685
20 17 3 100 2714510 2.011554751
5 15 3 100 47502 2.011555605
15 12 3 100 37845 2.011570629
30 27 3 100 716610 2.011576031
10 2 3 100 14381 2.011602513
5 13 3 100 2746565 2.011605101
21 30 3 100 67323 2.011606672
22 17 3 100 31961 2.011608446
12 9 3 100 20387 2.011628282
3 15 3 100 72394 2.011647381
1 18 3 100 1208930 2.011651914
14 6 3 100 11703 2.011665115
11 8 3 100 36063 2.011687871
25 17 3 100 32991 2.011694659
0 6 3 100 630540 2.011700493
12 6 3 100 8702 2.011725712
21 25 3 100 166051 2.011733941
16 19 3 100 7471 2.011737296
28 23 3 100 4009550 2.011749750
31 18 3 100 7116510 2.011762448
29 31 3 100 1773593 2.011805138
9 5 3 100 23279 2.011811261
23 25 3 100 148726 2.011848016
29 27 3 100 4355471 2.011853478
10 0 3 100 28973 2.011861705
10 5 3 100 7712 2.011868466
12 1 3 100 3436 2.011875668
24 17 3 100 32243 2.011890964
27 31 3 100 3810331 2.011901396
17 29 3 100 64451 2.011913064
16 0 3 100 16005 2.011916942
19 22 3 100 6395 2.011925872
31 24 3 100 19312 2.011958618
29 26 3 100 6012 2.011970955
16 30 3 100 11599 2.011973682
7 4 3 100 8663926 2.011977319
2 12 3 100 2342 2.011983906
26 21 3 100 34845 2.011996818
15 9 3 100 2186864 2.012047148
26 19 3 100 392 2.012130642
3 15 3 100 2046 2.012168311
11 14 3 100 120944 2.012173298
15 5 3 100 236 2.012188691
19 27 3 100 67831 2.012193314
28 24 3 100 1478965 2.012208628
16 27 3 100 7032 2.012210377
21 26 3 100 9358 2.012213664
28 7 3 100 2047 2.012234543
21 23 3 100 18566269 2.012286014
17 24 3 100 33176 2.012294225
30 26 3 100 2425 2.012299378
4 12 3 100 92490 2.012302731
23 18 3 100 84017 2.012320165
14 1 3 100 12313 2.012322889
26 10 3 100 145987 2.012326595
3 5 3 100 14131156 2.012332795
0 15 3 100 3823680 2.012344800
13 15 3 100 819613 2.012354254
15 4 3 100 4827652 2.012386518
14 26 3 100 70265 2.012386978
25 11 3 100 7507517 2.012399331
9 16 3 100 192467 2.012433303
13 1 3 100 661747 2.012441158
30 17 3 100 63599 2.012448930
11 10 3 100 342972 2.012516188
5 12 3 100 32465 2.012577139
7 5 3 100 45013 2.012598402
10 13 3 100 741187 2.012611912
15 9 3 100 62525 2.012643343
14 13 3 100 77364 2.012644990
11 1 3 100 184967 2.012649339
26 16 3 100 23488 2.012652083
31 25 3 100 13692 2.012695442
23 16 3 100 25880 2.012716045
23 27 3 100 496901 2.012725032
30 26 3 100 53069 2.012741639
7 13 3 100 8619013 2.012768114
13 12 3 100 24483 2.012800196
14 8 3 100 71564 2.012828267
25 21 3 100 6059 2.012828702
14 11 3 100 6170669 2.012832803
4 2 3 100 25057 2.012837442
21 30 3 100 41609 2.012837738
26 21 3 100 16013 2.012865803
31 22 3 100 992029 2.012874348
22 30 3 100 5857378 2.012878943
9 4 3 100 43747 2.012885400
19 31 3 100 3636360 2.012915656
7 15 3 100 92094 2.012928727
27 25 3 100 213151 2.012939239
27 26 3 100 29632 2.012943255
0 15 3 100 20623 2.012947837
13 8 3 100 453254 2.012953540
7 2 3 100 29906 2.012978103
11 0 3 100 5524086 2.012988495
1 13 3 100 2526 2.012990016
21 26 3 100 644788 2.013004948
0 3 3 100 8611169 2.013008557
12 4 3 100 27034 2.013030274
23 24 3 100 424981 2.013040794
26 4 3 100 1074 2.013066977
25 21 3 100 10758 2.013095622
23 28 3 100 1547041 2.013098297
10 24 3 100 31776 2.013112196
14 2 3 100 100363 2.013118252
24 17 3 100 78798 2.013130627
22 23 3 100 60368 2.013133790
6 25 3 100 148576 2.013178140
2 8 3 100 483 2.013226389
1 0 3 100 7149 2.013232674
26 18 3 100 23761 2.013272319
25 17 3 100 38060 2.013297404
8 13 3 100 1396438 2.013327246
17 21 3 100 32366 2.013344658
19 29 3 100 70693 2.013347901
14 13 3 100 4696668 2.013357392
2 19 3 100 1671775 2.013365919
4 0 3 100 27704476 2.013372505
20 9 3 100 7629 2.013375485
15 6 3 100 2731553 2.013391307
12 7 3 100 27666 2.013391641
29 23 3 100 6174 2.013429620
2 12 3 100 49927 2.013437138
13 9 3 100 27495 2.013448309
29 18 3 100 77781 2.013454227
26 16 3 100 52303 2.013472681
13 8 3 100 8968 2.013476956
3 14 3 100 30011 2.013481584
24 26 3 100 78797 2.013496064
27 26 3 100 60545 2.013500888
9 0 3 100 12505 2.013511783
6 4 3 100 8157888 2.013524340
27 30 3 100 26541 2.013533399
6 3 3 100 18034634 2.013538679
30 28 3 100 59085 2.013577890
12 3 3 100 6144 2.013597035
19 20 3 100 2827689 2.013597693
8 28 3 100 42485 2.013603483
20 23 3 100 2697 2.013621687
8 2 3 100 979859 2.013630184
13 5 3 100 2653705 2.013630315
10 7 3 100 612516 2.013637154
20 16 3 100 42457 2.013643420
4 15 3 100 141760 2.013651156
6 3 3 100 743 2.013673530
21 18 3 100 720397 2.013696194
9 15 3 100 48643 2.013699574
20 16 3 100 7969195 2.013715450
23 26 3 100 7945 2.013754902
29 17 3 100 27226279 2.013756842
12 9 3 100 120129 2.013764311
9 6 3 100 23767 2.013766101
17 18 3 100 7931164 2.013798526
6 13 3 100 9449 2.013831394
15 2 3 100 6897 2.013835399
28 19 3 100 27177468 2.013835870
0 12 3 100 58475 2.013845722
28 31 3 100 3419300 2.013851884
27 19 3 100 126346 2.013852893
6 15 3 100 3622579 2.013863907
3 9 3 100 24406 2.013875217
16 25 3 100 1117705 2.013924018
21 18 3 100 66134 2.013941906
12 0 3 100 747203 2.013946226
18 1 3 100 181401 2.013970193
5 3 3 100 1640503 2.013996306
27 23 3 100 5539 2.013999621
25 30 3 100 439917 2.014072860
19 26 3 100 7237 2.014086160
27 17 3 100 1881906 2.014086313
22 27 3 100 6748383 2.014093432
19 22 3 100 4031301 2.014094194
28 26 3 100 25868 2.014098455
17 21 3 100 1964045 2.014178006
19 17 3 100 24707 2.014180096
8 29 3 100 11666498 2.014180359
0 4 3 100 9773 2.014181607
29 21 3 100 20486 2.014221924
22 1 3 100 5537 2.014230924
0 4 3 100 81047 2.014234437
15 10 3 100 971105 2.014243619
6 13 3 100 7435 2.014248512
25 16 3 100 43039 2.014276376
31 20 3 100 45514 2.014284395
28 19 3 100 2682 2.014307072
17 30 3 100 1090893 2.014312300
27 21 3 100 12903 2.014319234
19 17 3 100 5503880 2.014328518
18 31 3 100 21654 2.014333155
1 23 3 100 2925296 2.014366805
13 1 3 100 32782 2.014422998
6 14 3 100 1199028 2.014433447
29 26 3 100 34547 2.014437194
11 2 3 100 15304 2.014449721
19 28 3 100 353810 2.014462115
23 16 3 100 33326 2.014504322
15 10 3 100 27398 2.014504325
27 7 3 100 68568 2.014513647
16 26 3 100 183443 2.014518729
22 26 3 100 8716 2.014521895
17 26 3 100 2269517 2.014523267
4 12 3 100 9428 2.014548185
21 20 3 100 8059490 2.014572623
24 26 3 100 6295027 2.014580355
7 4 3 100 3160487 2.014580463
13 0 3 100 65723 2.014595959
9 10 3 100 3213100 2.014597998
4 12 3 100 1597835 2.014603558
3 8 3 100 164803 2.014620932
21 28 3 100 29416830 2.014621663
27 18 3 100 707591 2.014628591
17 18 3 100 168966 2.014628804
21 18 3 100 23474 2.014662980
24 16 3 100 6624869 2.014673743
7 15 3 100 3685906 2.014692689
12 13 3 100 983355 2.014724224
9 2 3 100 7557 2.014725279
4 11 3 100 3596010 2.014727150
15 6 3 100 54911 2.014730951
9 14 3 100 175517 2.014736193
17 16 3 100 37456 2.014744235
19 17 3 100 6017804 2.014766393
8 7 3 100 24915732 2.014792437
31 28 3 100 169508 2.014808409
23 22 3 100 19879 2.014813234
14 8 3 100 986514 2.014819491
25 21 3 100 757604 2.014839832
22 11 3 100 7443369 2.014840096
11 15 3 100 105857 2.014848574
7 4 3 100 14347258 2.014854065
22 31 3 100 7950928 2.014859230
7 3 3 100 21482 2.014895251
16 26 3 100 47764 2.014909159
28 18 3 100 2351526 2.014939734
23 20 3 100 72726 2.014940210
26 31 3 100 10899 2.014948304
8 9 3 100 34242 2.014948693
14 10 3 100 98949 2.014956253
25 26 3 100 26011 2.014970804
1 2 3 100 29112 2.014983201
26 18 3 100 186065 2.014987896
15 9 3 100 7673 2.014993033
31 17 3 100 1052486 2.015017887
27 16 3 100 401230 2.015023461
22 29 3 100 17615 2.015027327
18 4 3 100 140526 2.015037590
23 22 3 100 711841 2.015054435
14 3 3 100 73563 2.015055250
23 19 3 100 187574 2.015057983
20 25 3 100 140952 2.015093614
20 25 3 100 26022 2.015130971
24 17 3 100 29858 2.015133608
16 31 3 100 807640 2.015135930
7 14 3 100 1672103 2.015153508
7 14 3 100 1350963 2.015154062
16 24 3 100 3389735 2.015191419
1 7 3 100 54457 2.015231128
26 29 3 100 2405628 2.015247036
20 21 3 100 1101097 2.015250098
21 25 3 100 74619 2.015280433
27 24 3 100 3152765 2.015288207
28 31 3 100 1916546 2.015292683
31 23 3 100 20731 2.015293247
21 22 3 100 4878 2.015293767
0 10 3 100 57600 2.015300352
1 20 3 100 2559396 2.015316896
15 7 3 100 20040 2.015318571
10 0 3 100 45019 2.015337188
20 9 3 100 39752 2.015338679
30 19 3 100 6042 2.015353301
20 0 3 100 63707 2.015373290
31 22 3 100 64510 2.015395257
2 0 3 100 129586 2.015396079
14 6 3 100 236901 2.015415131
14 9 3 100 78114 2.015420055
27 16 3 100 3282703 2.015437802
11 7 3 100 1698509 2.015453879
15 6 3 100 68654 2.015455388
1 15 3 100 20382856 2.015474174
12 13 3 100 3088360 2.015493002
30 31 3 100 17623 2.015497202
23 25 3 100 24259 2.015503389
14 5 3 100 9776 2.015523825
26 27 3 100 72111 2.015529562
31 22 3 100 177980 2.015537324
26 25 3 100 37854 2.015541947
5 18 3 100 34974 2.015551334
17 30 3 100 8007653 2.015599596
22 28 3 100 1195200 2.015610346
15 14 3 100 169270 2.015611521
13 9 3 100 37569 2.015612566
14 2 3 100 2639899 2.015613228
9 7 3 100 2781112 2.015628904
27 20 3 100 8253049 2.015646329
26 22 3 100 629979 2.015655183
12 1 3 100 28028981 2.015658969
11 3 3 100 17134 2.015662402
30 22 3 100 2721 2.015735243
4 12 3 100 4326 2.015738924
16 22 3 100 681984 2.015745049
31 16 3 100 107576 2.015777700
4 23 3 100 4754804 2.015782738
1 5 3 100 44910 2.015788350
3 9 3 100 1175331 2.015813619
12 22 3 100 3213101 2.015820279
26 27 3 100 1660800 2.015821948
0 12 3 100 3060653 2.015847441
1 4 3 100 1759588 2.015851504
12 5 3 100 3048 2.015851965
2 11 3 100 636541 2.015863678
8 11 3 100 19757107 2.015890743
14 2 3 100 29039 2.015892315
6 12 3 100 61567 2.015919213
29 25 3 100 4844951 2.015921451
7 14 3 100 4278754 2.015926753
17 20 3 100 17546 2.015929570
20 16 3 100 8101 2.015949956
22 20 3 100 1562382 2.015953559
10 20 3 100 795081 2.015977850
29 16 3 100 1051558 2.015981232
5 13 3 100 2062872 2.016008662
19 28 3 100 101426 2.016045651
8 10 3 100 114296 2.016062229
21 17 3 100 2711122 2.016072352
0 11 3 100 3679 2.016080879
24 27 3 100 2654 2.016085143
13 15 3 100 5817643 2.016094579
24 18 3 100 53073 2.016094779
17 29 3 100 25051 2.016097672
12 13 3 100 1760643 2.016108636
18 16 3 100 11925 2.016114264
0 13 3 100 423531 2.016125912
18 26 3 100 4783246 2.016130598
22 16 3 100 1415025 2.016140922
17 27 3 100 1997678 2.016217168
7 0 3 100 21129 2.016236533
16 22 3 100 624909 2.016242326
26 27 3 100 49554 2.016253799
4 7 3 100 1524371 2.016264734
18 16 3 100 98881 2.016268996
0 12 3 100 588965 2.016277105
16 25 3 100 53485 2.016280086
22 28 3 100 25122 2.016286133
19 26 3 100 55705 2.016287661
1 13 3 100 1706816 2.016304414
22 30 3 100 1927299 2.016347596
31 24 3 100 51802 2.016349066
10 11 3 100 54383 2.016354324
30 19 3 100 4663656 2.016392548
11 9 3 100 22730 2.016433346
28 16 3 100 459051 2.016437781
17 24 3 100 65716 2.016451345
16 18 3 100 19876166 2.016459539
30 26 3 100 1996472 2.016471118
21 17 3 100 56919 2.016476782
30 18 3 100 1005468 2.016495159
18 24 3 100 5339 2.016500272
27 29 3 100 30660 2.016501484
1 3 3 100 6857104 2.016504208
2 6 3 100 2192974 2.016508332
21 18 3 100 170193 2.016525500
19 27 3 100 5334068 2.016528848
0 1 3 100 5144 2.016575592
19 22 3 100 22262 2.016609464
29 19 3 100 135426 2.016611392
13 10 3 100 51956 2.016626636
16 11 3 100 6113569 2.016651189
18 27 3 100 8655483 2.016652784
13 2 3 100 12280 2.016657173
29 17 3 100 1020955 2.016673685
18 19 3 100 80027 2.016682916
14 10 3 100 27744 2.016692941
12 7 3 100 4687270 2.016704158
14 13 3 100 3889182 2.016716747
2 13 3 100 3418474 2.016725346
22 25 3 100 1153161 2.016725531
22 31 3 100 711983 2.016735037
19 22 3 100 4640901 2.016746277
3 9 3 100 1322262 2.016769300
4 11 3 100 2637 2.016784342
30 9 3 100 58504 2.016784875
26 23 3 100 7452 2.016787514
11 3 3 100 59877 2.016797567
1 15 3 100 3378686 2.016803469
23 31 3 100 4232 2.016805312
29 30 3 100 21050 2.016882299
30 25 3 100 76746 2.016897023
16 28 3 100 1302233 2.016924229
28 26 3 100 75495 2.016939804
1 8 3 100 12137 2.016945319
31 23 3 100 66272 2.016948380
25 24 3 100 1592831 2.016948756
4 15 3 100 63579 2.016953690
16 21 3 100 3134 2.016960829
6 1 3 100 29736 2.016962859
24 25 3 100 150978 2.016973231
7 5 3 100 4891 2.016990681
28 22 3 100 545566 2.016997478
23 16 3 100 73958 2.017016202
6 5 3 100 2772254 2.017020196
2 4 3 100 41413 2.017039500
12 3 3 100 3474221 2.017051992
17 29 3 100 64052 2.017063001
11 5 3 100 2848582 2.017099371
24 29 3 100 11826680 2.017101163
10 12 3 100 2339626 2.017154244
24 25 3 100 70128 2.017157955
13 15 3 100 39793 2.017173824
1 0 3 100 19611 2.017198385
28 21 3 100 439651 2.017200928
19 27 3 100 1714 2.017205609
1 9 3 100 6167 2.017242515
16 30 3 100 56156 2.017257585
31 19 3 100 197865 2.017271699
27 16 3 100 23294 2.017302099
21 22 3 100 2874 2.017328271
2 13 3 100 3663962 2.017354704
1 8 3 100 675240 2.017367890
13 2 3 100 20696 2.017382349
25 30 3 100 206174 2.017425485
29 24 3 100 71466 2.017426792
7 3 3 100 3216877 2.017435754
9 0 3 100 28770 2.017460351
16 17 3 100 43297 2.017462681
7 13 3 100 7398 2.017468938
6 7 3 100 7105263 2.017484518
29 23 3 100 299741 2.017494672
30 11 3 100 1329346 2.017511170
0 13 3 100 14180 2.017512259
2 3 3 100 4794547 2.017516408
22 18 3 100 730595 2.017530054
0 12 3 100 21929 2.017548129
21 22 3 100 35356 2.017555097
25 21 3 100 798324 2.017556080
9 2 3 100 47392 2.017558721
31 24 3 100 9712272 2.017568579
22 31 3 100 156100 2.017604302
8 1 3 100 3967213 2.017648842
17 28 3 100 1264916 2.017688772
21 19 3 100 8083593 2.017690691
20 29 3 100 40509 2.017702406
15 8 3 100 177198 2.017715566
7 3 3 100 8908472 2.017720355
3 12 3 100 66338 2.017735870
31 24 3 100 8962 2.017739476
16 31 3 100 28129 2.017741607
18 22 3 100 14427 2.017756882
13 11 3 100 18653577 2.017775404
17 30 3 100 6591842 2.017783260
27 30 3 100 81157 2.017813469
23 21 3 100 2465879 2.017820739
9 5 3 100 9401 2.017826676
9 14 3 100 27066 2.017839384
5 0 3 100 3912580 2.017866429
1 4 3 100 51376 2.017904458
9 1 3 100 31782 2.017934176
25 17 3 100 435339 2.017948142
3 8 3 100 7444453 2.017956683
27 22 3 100 2502754 2.017965048
19 26 3 100 9304 2.018010280
20 19 3 100 189378 2.018033161
21 28 3 100 34643 2.018045469
28 22 3 100 18041 2.018051997
7 4 3 100 55002 2.018053360
25 16 3 100 5010 2.018072201
4 20 3 100 2721864 2.018083980
7 30 3 100 9722 2.018110371
13 0 3 100 4878690 2.018111382
0 10 3 100 46580 2.018149330
12 1 3 100 264 2.018159251
10 6 3 100 1709191 2.018165039
19 26 3 100 34239 2.018202351
5 2 3 100 43248 2.018206273
19 22 3 100 7316640 2.018206278
18 23 3 100 29668 2.018226538
5 20 3 100 6487 2.018231211
13 9 3 100 12437 2.018234899
12 11 3 100 3009502 2.018261324
10 14 3 100 79538 2.018274704
28 20 3 100 20188 2.018279413
30 28 3 100 19498 2.018282136
26 20 3 100 49312 2.018282722
22 17 3 100 6181 2.018296160
23 24 3 100 131690 2.018365347
15 0 3 100 1493804 2.018386591
21 5 3 100 42931 2.018410757
23 28 3 100 1112389 2.018416289
18 29 3 100 9514 2.018436945
16 7 3 100 78800 2.018454868
20 27 3 100 1847313 2.018470180
6 12 3 100 532 2.018490027
0 5 3 100 21602 2.018493964
21 26 3 100 70532 2.018495928
14 28 3 100 8918 2.018506524
24 16 3 100 1753224 2.018520526
8 14 3 100 38990 2.018550161
28 29 3 100 8237931 2.018551341
31 26 3 100 73910 2.018565468
11 7 3 100 28139 2.018567888
28 27 3 100 1938760 2.018600131
19 18 3 100 2330 2.018600755
6 7 3 100 4601 2.018622735
8 7 3 100 9752966 2.018624078
0 26 3 100 289460 2.018644767
22 18 3 100 31884 2.018648728
7 13 3 100 22362489 2.018656537
19 30 3 100 6164143 2.018694042
16 17 3 100 333743 2.018720271
10 11 3 100 886960 2.018760572
2 7 3 100 166438 2.018761018
23 25 3 100 202997 2.018772459
13 11 3 100 160295 2.018773408
28 25 3 100 1740 2.018774068
2 16 3 100 9808968 2.018807047
7 4 3 100 5661 2.018827513
4 14 3 100 8767628 2.018831994
23 20 3 100 163609 2.018835604
27 24 3 100 8524782 2.018854468
12 3 3 100 8277564 2.018902292
14 2 3 100 5852 2.018902782
13 1 3 100 20073922 2.018910180
6 2 3 100 6085205 2.018912685
1 8 3 100 996478 2.018940192
18 16 3 100 188652 2.018953427
31 24 3 100 95123 2.018962124
9 4 3 100 48013 2.018993415
9 13 3 100 29218 2.019035768
25 21 3 100 67278 2.019037008
19 1 3 100 1144848 2.019049470
17 22 3 100 38812 2.019069008
9 0 3 100 20628 2.019113589
19 26 3 100 30049 2.019114414
12 6 3 100 4413692 2.019120490
0 12 3 100 128982 2.019136384
6 25 3 100 71171 2.019138724
23 18 3 100 79462 2.019161133
17 16 3 100 1104519 2.019161777
16 1 3 100 55499 2.019168818
1 15 3 100 238551 2.019170945
25 27 3 100 5933 2.019184258
9 15 3 100 2612428 2.019185796
18 22 3 100 72318 2.019215261
18 16 3 100 2762967 2.019228071
10 2 3 100 26597 2.019267151
9 30 3 100 113000 2.019309499
24 16 3 100 606 2.019363653
5 1 3 100 6954 2.019366267
17 22 3 100 57515 2.019411567
30 20 3 100 1273261 2.019425734
14 0 3 100 17153 2.019446403
11 15 3 100 156229 2.019449164
12 2 3 100 4942 2.019461377
17 20 3 100 133303 2.019472526
21 18 3 100 9275 2.019484543
8 1 3 100 21370 2.019500616
20 27 3 100 1036038 2.019526078
7 14 3 100 74176 2.019529859
17 20 3 100 47066 2.019546579
26 23 3 100 1253463 2.019557691
15 13 3 100 1230885 2.019579926
19 22 3 100 4627265 2.019587764
26 17 3 100 9972 2.019588012
20 23 3 100 2212478 2.019598361
30 29 3 100 2505717 2.019599917
10 6 3 100 8458607 2.019603134
22 16 3 100 3440329 2.019605798
17 22 3 100 824 2.019609364
22 19 3 100 1653 2.019610140
28 23 3 100 8708154 2.019614181
19 18 3 100 3804609 2.019624921
14 6 3 100 8262928 2.019626826
29 16 3 100 53208 2.019676488
3 2 3 100 20229 2.019679075
13 0 3 100 11742 2.019705605
27 30 3 100 450049 2.019743673
30 29 3 100 1173610 2.019753996
30 18 3 100 187805 2.019787878
2 28 3 100 8602550 2.019809483
7 8 3 100 14746 2.019824785
21 18 3 100 1671679 2.019835263
13 8 3 100 450421 2.019879968
21 30 3 100 6 2.019889790
10 1 3 100 71927 2.019904210
16 23 3 100 36365 2.019910820
28 20 3 100 56915 2.019923639
30 4 3 100 1880399 2.019949627
4 13 3 100 21856 2.019968780
4 9 3 100 2996632 2.019986359
20 28 3 100 38433 2.019994433
27 26 3 100 4208987 2.019999659
6 9 3 100 1574722 2.020005962
27 28 3 100 47127 2.020010213
28 19 3 100 12099 2.020011419
18 30 3 100 7802160 2.020020744
18 21 3 100 275621 2.020035011
7 12 3 100 1567487 2.020036491
29 21 3 100 920915 2.020050474
14 12 3 100 193537 2.020053724
0 29 3 100 5624783 2.020054812
4 12 3 100 1124810 2.020063195
13 1 3 100 5124365 2.020105170
23 31 3 100 60419 2.020114068
11 0 3 100 65770 2.020115151
26 27 3 100 36522 2.020139756
22 16 3 100 4038563 2.020140899
2 11 3 100 3982 2.020149451
8 11 3 100 151693 2.020167198
11 14 3 100 168450 2.020171339
4 1 3 100 23795 2.020188034
12 7 3 100 7172 2.020196614
1 6 3 100 14153 2.020219060
9 13 3 100 3076756 2.020230471
0 14 3 100 9100 2.020232361
6 10 3 100 6965 2.020247653
9 7 3 100 3826 2.020248249
1 3 3 100 4356398 2.020254788
18 28 3 100 8929 2.020262368
15 0 3 100 4637875 2.020285150
4 7 3 100 40304 2.020297405
29 21 3 100 2367252 2.020303972
16 27 3 100 13853 2.020336635
1 8 3 100 4853831 2.020398239
13 7 3 100 1147185 2.020419008
26 3 3 100 2654 2.020425832
19 27 3 100 63387 2.020426010
18 21 3 100 40619 2.020432398
0 5 3 100 3136925 2.020441650
12 0 3 100 3095771 2.020449339
17 31 3 100 6412613 2.020495871
7 21 3 100 4710 2.020520103
0 26 3 100 36671 2.020537332
2 10 3 100 18936 2.020549626
16 30 3 100 9400 2.020550529
30 5 3 100 11670 2.020564644
18 31 3 100 1571131 2.020586857
7 3 3 100 1096728 2.020597481
16 19 3 100 28013 2.020599275
11 6 3 100 26314347 2.020601865
17 20 3 100 501293 2.020602228
6 1 3 100 23710 2.020637261
27 20 3 100 37941 2.020637866
2 12 3 100 21316 2.020644269
6 8 3 100 5899054 2.020653278
25 22 3 100 950643 2.020670706
26 22 3 100 180240 2.020687620
14 26 3 100 120162 2.020690067
15 29 3 100 51936 2.020693894
18 20 3 100 45971 2.020748407
28 16 3 100 22454 2.020760933
28 29 3 100 12644 2.020768133
13 28 3 100 7671 2.020778288
27 24 3 100 329018 2.020787496
8 1 3 100 1658889 2.020790438
6 22 3 100 77652 2.020813078
18 23 3 100 13862 2.020817377
3 10 3 100 27014 2.020913848
30 22 3 100 46619 2.020917328
4 8 3 100 29202 2.020927360
13 6 3 100 9099 2.020935584
9 10 3 100 52349 2.020938134
23 30 3 100 18840 2.020945761
25 28 3 100 1514816 2.020959393
20 23 3 100 546117 2.020961054
0 9 3 100 1219 2.020973218
31 23 3 100 29398 2.021003557
26 20 3 100 25019 2.021010467
13 8 3 100 4813926 2.021028984
0 12 3 100 2042602 2.021035411
31 25 3 100 199645 2.021045483
14 16 3 100 3460310 2.021058689
6 24 3 100 2042249 2.021068995
11 25 3 100 51 2.021098342
1 14 3 100 24111 2.021102607
18 27 3 100 61461 2.021105912
7 8 3 100 24654 2.021117788
10 28 3 100 27009 2.021148770
23 29 3 100 2489 2.021150721
5 15 3 100 64106 2.021157557
0 14 3 100 7645 2.021159106
12 13 3 100 9519 2.021163036
11 13 3 100 1200599 2.021168495
3 11 3 100 862071 2.021169068
7 2 3 100 25843 2.021169496
28 26 3 100 3386192 2.021184773
19 31 3 100 13832578 2.021185159
16 31 3 100 18128 2.021194387
23 10 3 100 4254 2.021203091
15 8 3 100 198272 2.021209710
3 21 3 100 1955 2.021222311
8 3 3 100 36191 2.021228679
5 17 3 100 9873 2.021243848
3 19 3 100 3736 2.021277308
2 8 3 100 25800 2.021293841
23 19 3 100 326588 2.021299194
6 2 3 100 26216 2.021308814
25 2 3 100 720 2.021310226
16 29 3 100 1809905 2.021333532
19 20 3 100 1722757 2.021338711
0 10 3 100 75989 2.021350511
4 0 3 100 6862 2.021355796
3 6 3 100 175931 2.021377291
5 9 3 100 59359 2.021393173
16 25 3 100 129765 2.021393500
8 9 3 100 392950 2.021404967
4 6 3 100 60931 2.021405376
24 4 3 100 61003 2.021421335
19 28 3 100 28044 2.021421484
8 1 3 100 789165 2.021436707
16 29 3 100 4891607 2.021441830
19 30 3 100 56312 2.021461607
8 24 3 100 158891 2.021479896
9 14 3 100 1160304 2.021496925
6 7 3 100 37606 2.021511280
28 26 3 100 865336 2.021511605
6 16 3 100 10962987 2.021519186
8 13 3 100 384749 2.021559336
0 7 3 100 19823 2.021587478
20 17 3 100 110483 2.021614897
10 5 3 100 1889502 2.021618553
11 4 3 100 23862 2.021620498
2 5 3 100 77 2.021632076
18 16 3 100 1907592 2.021647482
15 2 3 100 425728 2.021653122
14 1 3 100 74942 2.021659211
5 15 3 100 1995306 2.021662265
6 11 3 100 4853250 2.021665540
0 26 3 100 1609080 2.021668757
25 30 3 100 48659 2.021677382
0 13 3 100 2127459 2.021689665
28 16 3 100 27381 2.021723123
13 8 3 100 1651249 2.021723663
30 17 3 100 6298 2.021736896
0 7 3 100 2111493 2.021746274
4 29 3 100 2388 2.021749896
10 4 3 100 31283 2.021785606
26 28 3 100 9494 2.021805513
0 6 3 100 1923500 2.021824953
18 31 3 100 5014728 2.021838675
11 3 3 100 6488176 2.021845692
4 13 3 100 760413 2.021846981
17 23 3 100 22699 2.021875250
26 31 3 100 6221546 2.021878296
26 23 3 100 12584 2.021896620
16 23 3 100 2938 2.021901744
6 0 3 100 87444 2.021923839
1 10 3 100 1154918 2.021934714
21 28 3 100 56533 2.021941716
5 12 3 100 1547176 2.021967423
12 8 3 100 15450 2.021969195
14 10 3 100 69269 2.021984418
23 22 3 100 74167 2.021992076
7 12 3 100 103827 2.022042060
26 5 3 100 64441 2.022058823
2 1 3 100 1239055 2.022061785
17 30 3 100 4125 2.022083461
28 26 3 100 341235 2.022099476
11 9 3 100 65149 2.022108932
17 26 3 100 128183 2.022128097
20 21 3 100 38180 2.022140232
15 3 3 100 1904312 2.022164198
6 7 3 100 62847 2.022171032
24 23 3 100 61460 2.022172440
6 0 3 100 14038 2.022175287
24 23 3 100 5119 2.022190622
15 5 3 100 988536 2.022205972
7 6 3 100 3977782 2.022206920
1 11 3 100 61332 2.022212524
9 11 3 100 1929875 2.022215392
18 17 3 100 20630 2.022260636
19 17 3 100 11648 2.022277250
1 9 3 100 4534 2.022300800
26 20 3 100 292937 2.022308388
20 21 3 100 32320 2.022321643
30 31 3 100 7374509 2.022322479
21 24 3 100 1784417 2.022355489
17 23 3 100 7288 2.022387106
4 12 3 100 2241587 2.022389796
2 12 3 100 61026 2.022396690
14 8 3 100 1549153 2.022419169
17 20 3 100 1540610 2.022431366
20 18 3 100 8254948 2.022455194
9 10 3 100 138232 2.022456262
1 9 3 100 5380607 2.022481762
1 6 3 100 9027013 2.022487603
8 9 3 100 20940 2.022509010
22 31 3 100 6437 2.022519104
10 8 3 100 719614 2.022550674
11 7 3 100 43786 2.022606758
23 29 3 100 4361098 2.022622265
6 14 3 100 666613 2.022624904
20 8 3 100 161396 2.022627077
18 30 3 100 44745 2.022645488
11 5 3 100 2152763 2.022661186
20 0 3 100 35262 2.022668753
13 8 3 100 29406 2.022675743
27 26 3 100 5444507 2.022685707
21 29 3 100 1980073 2.022696280
21 25 3 100 49262 2.022702375
21 28 3 100 9993 2.022704488
6 15 3 100 9303 2.022707075
21 26 3 100 31474 2.022711541
8 10 3 100 3323398 2.022749269
28 27 3 100 19209 2.022757796
21 23 3 100 716332 2.022773487
0 12 3 100 5699 2.022788014
7 5 3 100 78875 2.022789880
24 23 3 100 3931 2.022794247
15 11 3 100 27790 2.022802705
6 0 3 100 72792 2.022817875
7 20 3 100 25210 2.022857841
25 31 3 100 36202 2.022866778
17 21 3 100 1615849 2.022870884
6 5 3 100 4687640 2.022900539
25 20 3 100 3176849 2.022953853
7 9 3 100 192801 2.022961991
9 10 3 100 70508 2.022966327
18 20 3 100 6500814 2.022975025
20 1 3 100 314545 2.022976112
6 19 3 100 4891320 2.022999914
23 29 3 100 317229 2.023003238
7 9 3 100 183771 2.023013936
2 27 3 100 821171 2.023023605
1 7 3 100 154298 2.023045030
9 15 3 100 21498613 2.023048795
8 10 3 100 1772064 2.023083589
10 15 3 100 5476 2.023096697
13 9 3 100 22922 2.023100090
0 1 3 100 3375446 2.023107922
14 12 3 100 1524397 2.023130227
2 4 3 100 66112 2.023150241
4 14 3 100 541494 2.023224174
16 22 3 100 369 2.023227140
18 25 3 100 7086392 2.023246213
31 19 3 100 63192 2.023259908
18 29 3 100 1783 2.023277843
17 16 3 100 29217 2.023370539
31 25 3 100 1458983 2.023387476
29 14 3 100 33158 2.023387945
6 0 3 100 8082 2.023396125
6 14 3 100 10640 2.023433021
6 1 3 100 3593 2.023434155
12 11 3 100 1997350 2.023456359
18 19 3 100 3608735 2.023487634
15 7 3 100 8705 2.023491996
10 12 3 100 71097 2.023496283
1 13 3 100 73194 2.023511616
7 0 3 100 4242358 2.023541749
29 30 3 100 355450 2.023544240
17 27 3 100 6284683 2.023577355
21 23 3 100 332165 2.023602369
13 2 3 100 974588 2.023605027
26 21 3 100 1797276 2.023618054
29 18 3 100 9746 2.023625001
25 18 3 100 164335 2.023625430
17 25 3 100 58043 2.023633112
18 28 3 100 3013077 2.023653745
13 4 3 100 8140 2.023673557
31 23 3 100 45845 2.023687904
12 4 3 100 3525 2.023705794
27 1 3 100 361346 2.023724159
17 31 3 100 9605 2.023750543
1 5 3 100 1635107 2.023756512
15 9 3 100 65201 2.023779178
9 0 3 100 4359058 2.023798598
14 2 3 100 20205 2.023836539
23 24 3 100 17347 2.023855179
21 18 3 100 1444518 2.023868858
21 29 3 100 4586087 2.023880654
11 1 3 100 2913000 2.023897611
12 2 3 100 44577 2.023901054
10 24 3 100 4534 2.023901359
23 26 3 100 1537 2.023902564
0 6 3 100 87781 2.023937422
11 16 3 100 2003301 2.023949915
13 29 3 100 7794078 2.023952714
23 22 3 100 920407 2.023998124
27 25 3 100 5983 2.024021472
22 23 3 100 14184 2.024046409
30 27 3 100 47212 2.024052290
8 3 3 100 73507 2.024060246
17 14 3 100 1045014 2.024069133
3 14 3 100 2097303 2.024086738
6 8 3 100 69946 2.024113151
25 30 3 100 55858 2.024116712
1 13 3 100 2748011 2.024118037
31 27 3 100 8592 2.024169940
16 18 3 100 6340772 2.024202276
17 26 3 100 1803 2.024205985
10 9 3 100 4927377 2.024226394
3 14 3 100 11351 2.024244600
31 26 3 100 1336524 2.024249520
26 20 3 100 28330 2.024257173
5 7 3 100 10503 2.024274338
5 6 3 100 2528998 2.024294160
2 0 3 100 4646870 2.024300089
3 10 3 100 21201 2.024305362
0 25 3 100 23240 2.024328580
19 25 3 100 1844099 2.024330805
23 28 3 100 48159 2.024378051
25 28 3 100 1010583 2.024389357
12 14 3 100 5927 2.024434415
14 3 3 100 849340 2.024448510
4 12 3 100 3495 2.024480739
25 28 3 100 2844592 2.024517641
30 31 3 100 35544 2.024540841
12 4 3 100 32400 2.024547674
1 12 3 100 52162 2.024555458
18 6 3 100 4855719 2.024555950
4 9 3 100 3423490 2.024570258
11 25 3 100 9920301 2.024604288
27 30 3 100 1895956 2.024645176
31 19 3 100 6652001 2.024707660
12 6 3 100 72076 2.024710366
31 26 3 100 56564 2.024716807
17 24 3 100 479864 2.024726080
1 5 3 100 41817 2.024741089
7 1 3 100 25483 2.024748110
5 15 3 100 4251 2.024752693
2 1 3 100 48455 2.024754057
1 5 3 100 53693 2.024757974
26 25 3 100 2495 2.024761265
12 10 3 100 2232 2.024778474
12 22 3 100 40043 2.024797892
10 1 3 100 71514 2.024820585
0 9 3 100 20956 2.024827200
6 3 3 100 3565480 2.024827686
23 26 3 100 3478630 2.024842844
26 31 3 100 76855 2.024844919
22 20 3 100 6377 2.024846050
25 26 3 100 4965712 2.024846335
6 15 3 100 11250 2.024856279
20 22 3 100 29749 2.024867792
1 25 3 100 32260 2.024869158
10 0 3 100 101221 2.024871923
15 7 3 100 38228 2.024878055
30 31 3 100 62018 2.024886236
13 7 3 100 28353002 2.024893239
28 24 3 100 25908 2.024929598
18 19 3 100 69645 2.024931799
21 27 3 100 481313 2.024933930
1 2 3 100 103266 2.024942158
18 31 3 100 48290 2.024947065
13 8 3 100 910 2.024947627
4 7 3 100 52769 2.024957104
14 5 3 100 7116 2.024968442
25 21 3 100 24166 2.024968598
11 12 3 100 11926 2.024975249
0 6 3 100 2093592 2.024992731
17 28 3 100 41654 2.024994630
12 13 3 100 23405 2.025008769
28 26 3 100 3803573 2.025016272
17 29 3 100 24709 2.025026494
0 7 3 100 22868 2.025036827
7 10 3 100 37367 2.025062888
30 25 3 100 4191574 2.025078831
0 7 3 100 25466 2.025079114
7 27 3 100 5800 2.025081980
5 3 3 100 1025 2.025085555
10 7 3 100 62274 2.025109498
8 17 3 100 27049 2.025126594
16 24 3 100 1129850 2.025144451
19 22 3 100 303856 2.025150290
4 10 3 100 26100 2.025151992
4 10 3 100 11792 2.025160291
29 12 3 100 31541 2.025187949
2 3 3 100 5961190 2.025207137
20 24 3 100 26381 2.025212669
29 18 3 100 6945 2.025223022
21 27 3 100 74251 2.025224276
23 21 3 100 54277 2.025244837
26 16 3 100 1667120 2.025260371
11 7 3 100 11882003 2.025279027
19 16 3 100 7098992 2.025289063
11 15 3 100 49870 2.025298997
25 21 3 100 47239 2.025299019
18 20 3 100 9847 2.025306881
25 16 3 100 18399 2.025316931
11 2 3 100 28642 2.025339609
19 17 3 100 13686 2.025344228
26 16 3 100 707267 2.025348233
26 31 3 100 60970 2.025359166
6 5 3 100 1556847 2.025365287
23 22 3 100 74653 2.025365964
30 19 3 100 888421 2.025379216
7 9 3 100 1743930 2.025383667
20 17 3 100 8833 2.025409587
15 6 3 100 21804 2.025432470
5 6 3 100 9720 2.025441824
3 7 3 100 2586200 2.025441889
25 22 3 100 140524 2.025522580
17 21 3 100 5871 2.025523692
11 5 3 100 3551292 2.025548740
11 6 3 100 7539678 2.025552718
18 24 3 100 9318247 2.025566697
2 5 3 100 6318 2.025584428
1 3 3 100 21743 2.025595186
5 10 3 100 473116 2.025614311
29 3 3 100 712291 2.025614613
29 22 3 100 54687 2.025630695
23 28 3 100 2959991 2.025659778
2 10 3 100 1721283 2.025666114
7 6 3 100 152002 2.025671423
2 15 3 100 4012884 2.025709586
6 0 3 100 240238 2.025726325
26 16 3 100 4318712 2.025727142
27 9 3 100 8900 2.025733081
26 21 3 100 1441907 2.025756619
19 25 3 100 5305099 2.025787524
16 30 3 100 25253 2.025799922
26 19 3 100 2066 2.025800010
23 19 3 100 2323802 2.025813846
0 15 3 100 1910510 2.025844978
6 2 3 100 1877779 2.025852157
17 22 3 100 25571 2.025880663
20 19 3 100 1021278 2.025934310
28 25 3 100 4031921 2.026014850
23 26 3 100 305491 2.026038114
7 13 3 100 174427 2.026047174
0 10 3 100 516690 2.026050799
10 7 3 100 392680 2.026053291
29 16 3 100 18276 2.026054473
26 24 3 100 1887060 2.026094620
20 21 3 100 840955 2.026106285
20 17 3 100 91029 2.026112459
28 23 3 100 938 2.026116584
10 0 3 100 151929 2.026152557
2 3 3 100 19661 2.026213701
2 1 3 100 1460262 2.026221381
25 17 3 100 2954081 2.026245255
26 28 3 100 584 2.026248203
27 8 3 100 464482 2.026266768
7 6 3 100 2574 2.026281450
16 23 3 100 329297 2.026293424
0 15 3 100 1444 2.026315454
4 20 3 100 37594 2.026318612
8 13 3 100 7852 2.026331037
21 23 3 100 237588 2.026333196
2 15 3 100 28011 2.026367475
7 0 3 100 3700 2.026404175
15 19 3 100 75823 2.026435958
27 21 3 100 4473 2.026437931
9 10 3 100 4525 2.026442686
6 10 3 100 297 2.026460615
26 28 3 100 46360 2.026469317
27 30 3 100 357866 2.026473263
24 22 3 100 29056 2.026480030
23 28 3 100 273365 2.026480294
18 19 3 100 7390718 2.026488252
7 13 3 100 70231 2.026499216
19 29 3 100 46539 2.026508687
25 21 3 100 2911431 2.026517372
21 29 3 100 249005 2.026544845
27 26 3 100 32915 2.026545211
13 9 3 100 9005 2.026548579
24 16 3 100 242 2.026550178
16 19 3 100 39452 2.026561585
23 22 3 100 7175 2.026574779
1 15 3 100 51942 2.026586158
10 13 3 100 52118 2.026608908
31 19 3 100 4956320 2.026614807
25 24 3 100 25949 2.026625762
21 3 3 100 28308768 2.026635650
11 1 3 100 42686 2.026646676
29 24 3 100 28851 2.026647991
30 24 3 100 23609 2.026663522
19 16 3 100 647437 2.026667403
25 27 3 100 131430 2.026680992
16 20 3 100 4723890 2.026684694
8 1 3 100 837126 2.026690840
2 4 3 100 3763 2.026694346
10 7 3 100 228287 2.026706903
5 15 3 100 1122637 2.026736505
25 29 3 100 411244 2.026750328
29 27 3 100 169721 2.026756311
25 16 3 100 6365 2.026774814
9 12 3 100 44259 2.026807557
4 14 3 100 2423622 2.026821608
17 6 3 100 1560840 2.026830914
13 2 3 100 4711 2.026854480
4 3 3 100 2506481 2.026861536
29 22 3 100 80940 2.026886432
17 26 3 100 7245548 2.026931141
22 20 3 100 20998 2.026937419
11 12 3 100 31469 2.026946594
22 19 3 100 23898 2.026956874
15 10 3 100 6698635 2.026960791
21 30 3 100 755441 2.026963167
23 25 3 100 46879 2.026974323
16 28 3 100 7233130 2.027003220
24 17 3 100 7566310 2.027014397
24 1 3 100 1240824 2.027026714
10 13 3 100 1840453 2.027031036
1 13 3 100 3948 2.027037488
5 21 3 100 8812 2.027064048
14 7 3 100 1419210 2.027073641
14 13 3 100 1313592 2.027081449
23 20 3 100 32632 2.027104624
11 14 3 100 18661 2.027150424
25 22 3 100 35535 2.027150553
12 2 3 100 173448 2.027154401
25 16 3 100 3479302 2.027167734
16 28 3 100 1619 2.027170874
5 1 3 100 55255 2.027186672
29 16 3 100 8325 2.027215344
1 8 3 100 29281271 2.027227251
5 0 3 100 4903772 2.027246033
30 29 3 100 4871 2.027296972
26 15 3 100 15483 2.027298282
6 4 3 100 66127 2.027300128
9 22 3 100 4928441 2.027303152
9 4 3 100 38175 2.027305039
5 14 3 100 26388 2.027307347
16 26 3 100 39154 2.027329031
31 23 3 100 136581 2.027342168
16 6 3 100 1457973 2.027375278
22 21 3 100 3261105 2.027389354
17 22 3 100 21325 2.027407519
16 20 3 100 700481 2.027422515
21 19 3 100 23905 2.027433913
19 25 3 100 17216 2.027451828
3 14 3 100 9247 2.027456204
23 8 3 100 370179 2.027473647
12 25 3 100 740009 2.027478231
6 1 3 100 5826 2.027479758
29 18 3 100 42027 2.027486876
12 3 3 100 3001448 2.027503397
28 25 3 100 29354 2.027532356
0 12 3 100 3903 2.027545330
11 10 3 100 14783 2.027558183
6 11 3 100 2569 2.027558352
22 18 3 100 66806 2.027573719
30 28 3 100 1477757 2.027582223
3 6 3 100 1477 2.027595560
13 0 3 100 37210 2.027596692
20 31 3 100 1158048 2.027598390
10 6 3 100 65777 2.027602137
21 18 3 100 4105 2.027605450
13 10 3 100 3566 2.027611328
22 20 3 100 830273 2.027626846
11 13 3 100 33615 2.027635024
15 25 3 100 40478 2.027635916
30 25 3 100 27321 2.027651504
23 1 3 100 1234182 2.027665083
2 7 3 100 16329 2.027694282
18 21 3 100 27462 2.027711350
14 11 3 100 4478427 2.027721269
4 7 3 100 39892 2.027731871
0 3 3 100 8959773 2.027735653
19 20 3 100 723075 2.027738072
12 15 3 100 7964 2.027762254
15 14 3 100 7801 2.027767033
1 14 3 100 36817 2.027772092
4 11 3 100 45239 2.027772541
31 26 3 100 8148621 2.027801367
28 16 3 100 155934 2.027812582
5 4 3 100 22720739 2.027813124
1 5 3 100 6168094 2.027843081
19 18 3 100 79993 2.027849983
23 21 3 100 68678 2.027865638
14 12 3 100 27932 2.027867680
25 24 3 100 59905 2.027870879
21 17 3 100 5741 2.027877578
19 23 3 100 77380 2.027880965
16 17 3 100 24305 2.027882172
15 10 3 100 139814 2.027902131
31 24 3 100 183302 2.027934158
23 19 3 100 7322 2.027960176
30 16 3 100 1069292 2.027995923
24 16 3 100 9823 2.028002606
12 4 3 100 823 2.028014951
7 1 3 100 9488 2.028021676
29 28 3 100 3813955 2.028021807
14 22 3 100 27500 2.028044422
8 9 3 100 62373 2.028064756
6 5 3 100 719866 2.028066795
28 22 3 100 4713 2.028089612
9 10 3 100 6145 2.028120420
0 10 3 100 253458 2.028130287
21 19 3 100 748564 2.028161073
7 3 3 100 380730 2.028161722
4 6 3 100 8500 2.028226760
29 31 3 100 1876967 2.028227298
25 20 3 100 22413959 2.028227605
16 30 3 100 42673 2.028231429
9 0 3 100 3376206 2.028231694
12 4 3 100 6384 2.028267349
13 4 3 100 3675015 2.028274476
31 29 3 100 12147 2.028278405
20 31 3 100 41897 2.028279141
23 19 3 100 168687 2.028288997
22 27 3 100 1260379 2.028314949
18 27 3 100 979 2.028321906
29 27 3 100 5810031 2.028333457
23 25 3 100 4699635 2.028341364
1 2 3 100 21798 2.028344891
10 15 3 100 114194 2.028348303
2 7 3 100 8770 2.028358060
25 23 3 100 118437 2.028359959
30 25 3 100 6712 2.028375007
9 3 3 100 32497 2.028391095
9 1 3 100 1195 2.028433497
29 16 3 100 66067 2.028438694
10 7 3 100 9677 2.028458349
8 9 3 100 31317 2.028475736
27 19 3 100 2079 2.028488601
11 10 3 100 87121 2.028493041
25 24 3 100 106257 2.028514405
29 28 3 100 150836 2.028518152
29 22 3 100 2292538 2.028521350
3 22 3 100 4430943 2.028522499
24 20 3 100 846287 2.028532737
6 5 3 100 15219 2.028541891
16 22 3 100 34654 2.028562945
10 12 3 100 4512101 2.028566767
17 24 3 100 4797262 2.028581302
26 31 3 100 153964 2.028586593
6 3 3 100 16724117 2.028588355
29 18 3 100 1666566 2.028609561
1 12 3 100 390174 2.028642036
17 26 3 100 3196 2.028668057
11 15 3 100 73378 2.028673863
10 15 3 100 12776 2.028697076
18 17 3 100 601212 2.028705536
15 2 3 100 37731 2.028721432
7 14 3 100 7731653 2.028764716
4 7 3 100 1396367 2.028771018
31 23 3 100 69471 2.028773249
7 3 3 100 73180 2.028774811
26 31 3 100 40592 2.028781928
25 18 3 100 2509005 2.028795436
31 25 3 100 9372403 2.028799977
9 0 3 100 452829 2.028805772
10 22 3 100 14756 2.028821041
4 15 3 100 157319 2.028834430
19 23 3 100 3785 2.028871024
3 8 3 100 1689446 2.028889713
31 22 3 100 56985 2.028893728
15 11 3 100 28157 2.028934392
5 7 3 100 4898 2.028961889
18 31 3 100 77901 2.028977262
14 17 3 100 25691 2.029005801
29 24 3 100 31097 2.029019489
24 30 3 100 1224464 2.029030268
26 20 3 100 62882 2.029037735
30 24 3 100 30056 2.029048520
29 27 3 100 9814 2.029058126
29 21 3 100 1574111 2.029103795
3 7 3 100 68048 2.029105175
28 26 3 100 30033 2.029108197
9 7 3 100 71000 2.029139448
9 11 3 100 71475 2.029155634
15 30 3 100 7837 2.029162006
19 17 3 100 1720 2.029187359
3 13 3 100 3010791 2.029201292
31 16 3 100 2918759 2.029279872
13 4 3 100 5320 2.029290770
2 21 3 100 3572693 2.029293317
31 20 3 100 1520762 2.029300799
11 15 3 100 1554651 2.029334927
9 23 3 100 1381775 2.029370140
1 15 3 100 62489 2.029370167
3 2 3 100 478820 2.029370337
24 10 3 100 1996962 2.029373591
10 2 3 100 33574 2.029376421
21 16 3 100 7610185 2.029380090
2 6 3 100 47435 2.029410467
4 10 3 100 73769 2.029420922
30 14 3 100 21418 2.029421564
30 26 3 100 2228071 2.029422127
10 12 3 100 18880158 2.029465556
5 6 3 100 6112334 2.029507647
13 4 3 100 3776659 2.029513954
27 17 3 100 3189097 2.029518896
19 28 3 100 9758950 2.029549047
29 19 3 100 1934271 2.029555419
30 8 3 100 34985 2.029585212
3 14 3 100 4638 2.029600306
1 6 3 100 11606 2.029619590
0 11 3 100 1844341 2.029640056
30 23 3 100 28830 2.029685427
25 17 3 100 30862 2.029700707
13 0 3 100 193636 2.029711068
15 8 3 100 9276579 2.029724252
10 2 3 100 6049941 2.029745249
26 25 3 100 26832 2.029748731
30 20 3 100 1366895 2.029805153
0 1 3 100 1698 2.029807996
3 1 3 100 33677 2.029865636
25 27 3 100 26305 2.029884634
