2029 
6 11 3 100 21933 2.000010259
17 31 3 100 659047 2.000053879
2 6 3 100 7526 2.000062965
23 24 3 100 417253 2.000082837
26 14 3 100 20271 2.000086963
8 11 3 100 9419 2.000087254
15 23 3 100 2461745 2.000102163
1 31 3 100 59030 2.000130652
23 1 3 100 2798073 2.000130669
11 27 3 100 516556 2.000138927
10 7 3 100 26173 2.000143503
7 0 3 100 35438 2.000149169
31 17 3 100 71219 2.000161652
25 16 3 100 34818 2.000191744
15 22 3 100 2676670 2.000211448
23 19 3 100 1234201 2.000234973
17 10 3 100 32752 2.000246955
3 15 3 100 781183 2.000267286
19 6 3 100 95008 2.000269826
7 13 3 100 8222 2.000275079
15 0 3 100 7683717 2.000275107
4 23 3 100 18507 2.000288909
3 25 3 100 1270253 2.000301754
4 31 3 100 27858 2.000304673
9 30 3 100 1007417 2.000330689
26 22 3 100 6931014 2.000337088
29 9 3 100 178337 2.000338422
3 25 3 100 53184 2.000339691
27 25 3 100 57232 2.000352399
13 2 3 100 4769331 2.000356339
10 4 3 100 9324 2.000367512
4 5 3 100 1510545 2.000376568
12 25 3 100 50187 2.000394099
22 19 3 100 108933 2.000398038
14 31 3 100 47942 2.000402915
4 2 3 100 761093 2.000404231
26 18 3 100 1196968 2.000410252
29 5 3 100 719078 2.000413076
15 1 3 100 51846 2.000428187
3 15 3 100 79797 2.000454701
27 24 3 100 4084 2.000455221
25 28 3 100 20306 2.000473863
5 7 3 100 3162 2.000479832
3 23 3 100 49296 2.000480716
5 11 3 100 80021 2.000486814
11 25 3 100 3898074 2.000498460
16 1 3 100 40441 2.000550014
22 31 3 100 78412 2.000554304
16 1 3 100 134827 2.000572133
13 26 3 100 3229 2.000594532
31 26 3 100 59779 2.000610505
3 16 3 100 20573 2.000654660
9 5 3 100 526088 2.000689620
13 19 3 100 2923770 2.000698071
24 12 3 100 39429 2.000736514
23 26 3 100 403872 2.000739842
16 25 3 100 2621220 2.000747684
13 15 3 100 1119384 2.000748231
23 17 3 100 1768 2.000748602
3 13 3 100 158256 2.000761265
1 20 3 100 62666 2.000781888
9 18 3 100 1822993 2.000795905
14 28 3 100 21128 2.000804364
3 14 3 100 2125337 2.000832648
22 28 3 100 5740813 2.000839095
6 18 3 100 23713979 2.000848569
26 3 3 100 60278 2.000850228
0 28 3 100 3918 2.000878928
0 25 3 100 34200 2.000912097
16 1 3 100 608310 2.000923667
23 2 3 100 2735540 2.000925187
17 18 3 100 26590 2.000998027
2 14 3 100 9059379 2.001013003
21 11 3 100 28281 2.001014503
16 8 3 100 885416 2.001025629
2 22 3 100 1878585 2.001029850
28 0 3 100 78492 2.001032921
16 3 3 100 25948 2.001055715
8 1 3 100 36781 2.001067051
0 14 3 100 1414745 2.001084102
20 17 3 100 71051 2.001090051
17 4 3 100 529217 2.001094965
0 9 3 100 23081 2.001103457
8 20 3 100 2423 2.001116817
21 11 3 100 3502205 2.001119093
9 29 3 100 6755363 2.001122030
6 28 3 100 931287 2.001124190
3 24 3 100 7544 2.001139627
14 0 3 100 40444 2.001153127
24 29 3 100 29344 2.001160667
13 21 3 100 1772924 2.001165200
2 7 3 100 22221 2.001172749
19 8 3 100 15282773 2.001178406
25 14 3 100 19993 2.001195852
12 7 3 100 8681513 2.001199849
24 0 3 100 1730093 2.001211467
26 20 3 100 1449267 2.001251081
4 3 3 100 23878 2.001254295
14 18 3 100 3461807 2.001273558
14 5 3 100 7714422 2.001307352
11 6 3 100 40395 2.001322729
10 0 3 100 926596 2.001323469
28 14 3 100 6217 2.001355398
2 0 3 100 27529 2.001358963
7 9 3 100 52691 2.001373729
7 19 3 100 2467 2.001375199
10 30 3 100 2612828 2.001376690
4 2 3 100 173992 2.001378487
16 2 3 100 27372 2.001394162
23 13 3 100 34009 2.001406284
30 27 3 100 8366552 2.001408678
0 30 3 100 41093 2.001415993
9 15 3 100 2469522 2.001432883
5 21 3 100 6222 2.001444653
5 26 3 100 357187 2.001462680
29 16 3 100 4491961 2.001482634
31 0 3 100 30114 2.001484907
12 8 3 100 1024152 2.001544172
4 6 3 100 695628 2.001552496
26 11 3 100 6326 2.001564642
7 3 3 100 31321 2.001573107
16 22 3 100 1214515 2.001579506
6 8 3 100 3072696 2.001582311
11 22 3 100 8245248 2.001597485
12 19 3 100 6602838 2.001611477
11 5 3 100 180628 2.001648486
22 8 3 100 21894 2.001663382
29 14 3 100 12270 2.001687929
25 10 3 100 44124 2.001753094
3 6 3 100 24607 2.001793372
16 21 3 100 51020 2.001808432
6 26 3 100 71380 2.001843282
20 16 3 100 39594 2.001859809
29 14 3 100 14311 2.001882411
5 30 3 100 4840104 2.001887025
17 29 3 100 5078 2.001895548
7 3 3 100 3401 2.001900050
31 20 3 100 156676 2.001939283
30 22 3 100 9043293 2.001942838
8 10 3 100 6700573 2.001963127
2 4 3 100 19521826 2.001991495
29 26 3 100 8461 2.001999392
23 4 3 100 20154 2.002004926
3 24 3 100 42725 2.002010941
7 29 3 100 26084 2.002030269
5 10 3 100 2571408 2.002031678
31 27 3 100 24652 2.002054575
9 15 3 100 12259 2.002054930
26 11 3 100 54399 2.002108731
6 0 3 100 181843 2.002110459
17 30 3 100 57893 2.002111176
28 16 3 100 3832688 2.002144210
11 12 3 100 1985620 2.002163089
7 3 3 100 66049 2.002175426
23 14 3 100 699 2.002176291
22 15 3 100 19159 2.002193181
19 20 3 100 35549 2.002224633
28 12 3 100 70218 2.002233772
27 12 3 100 159426 2.002234142
9 21 3 100 3439287 2.002249953
15 25 3 100 22064 2.002264456
15 29 3 100 79475 2.002286841
31 9 3 100 643423 2.002306074
24 1 3 100 74598 2.002315171
14 1 3 100 11549 2.002339320
18 30 3 100 69492 2.002341429
6 26 3 100 40482 2.002353791
26 19 3 100 68219 2.002397402
23 15 3 100 4362 2.002414560
28 11 3 100 67718 2.002424014
7 6 3 100 1832325 2.002430820
10 23 3 100 49895 2.002451198
21 12 3 100 62192 2.002481332
22 21 3 100 60287 2.002482633
29 19 3 100 40603 2.002487710
26 2 3 100 1683 2.002518715
15 24 3 100 74067 2.002528950
29 20 3 100 14357 2.002530410
6 15 3 100 793085 2.002540956
27 29 3 100 241008 2.002550770
20 8 3 100 24121 2.002554802
22 4 3 100 65529 2.002557385
12 23 3 100 1972318 2.002575548
24 30 3 100 42456 2.002610464
17 24 3 100 54497 2.002632082
27 13 3 100 4088 2.002646487
30 10 3 100 2245899 2.002650328
10 2 3 100 8548 2.002653777
19 8 3 100 57171 2.002662056
9 21 3 100 1634067 2.002667047
5 10 3 100 42109 2.002676376
10 9 3 100 3653 2.002688286
13 11 3 100 7863 2.002694787
30 27 3 100 1548223 2.002717594
17 31 3 100 9052 2.002723805
17 31 3 100 71495 2.002742787
13 18 3 100 24677 2.002752093
23 7 3 100 13543 2.002767632
29 12 3 100 847855 2.002782849
30 19 3 100 69666 2.002796670
25 12 3 100 158662 2.002797836
12 21 3 100 6988 2.002802363
30 0 3 100 15171 2.002830461
6 4 3 100 18957399 2.002832357
15 29 3 100 7496 2.002839020
20 12 3 100 614 2.002840040
21 18 3 100 21443 2.002843193
16 18 3 100 29614 2.002862171
25 24 3 100 4196 2.002864578
25 0 3 100 67043 2.002876564
21 17 3 100 59846 2.002883013
8 24 3 100 1043942 2.002892612
13 5 3 100 1611703 2.002902545
31 7 3 100 6818598 2.002902940
25 26 3 100 2204628 2.002923848
23 20 3 100 3060726 2.002944435
14 5 3 100 1846 2.002947972
5 23 3 100 1737098 2.002971014
27 20 3 100 9293 2.002990009
30 13 3 100 81494 2.003014159
13 7 3 100 5312 2.003020837
4 30 3 100 20292 2.003028598
21 19 3 100 28823 2.003030744
27 18 3 100 899151 2.003081395
0 11 3 100 94481 2.003089782
30 22 3 100 2247046 2.003100809
2 29 3 100 3114 2.003104713
9 5 3 100 66059 2.003114753
27 29 3 100 21706 2.003149133
30 15 3 100 33553 2.003150915
20 31 3 100 9386 2.003158919
23 17 3 100 963794 2.003169709
16 30 3 100 60135 2.003181288
12 0 3 100 1943875 2.003199142
29 28 3 100 47607 2.003205174
8 24 3 100 25193 2.003211035
27 26 3 100 41011 2.003211061
2 0 3 100 23164 2.003234403
22 14 3 100 772952 2.003241300
2 28 3 100 20693 2.003250480
19 15 3 100 41152 2.003276248
21 6 3 100 4171270 2.003288249
15 30 3 100 1492638 2.003290441
30 13 3 100 2318659 2.003314757
12 15 3 100 74049 2.003327833
29 4 3 100 27832 2.003340787
6 21 3 100 4908 2.003350930
16 28 3 100 4157 2.003382447
23 16 3 100 16394 2.003385866
18 15 3 100 4928973 2.003403829
6 15 3 100 14678 2.003405335
21 30 3 100 14582 2.003414584
7 30 3 100 1750682 2.003424212
25 3 3 100 3328 2.003433556
4 21 3 100 187189 2.003435108
23 14 3 100 1185876 2.003444935
27 18 3 100 941727 2.003469792
3 28 3 100 22896 2.003471826
11 15 3 100 17603 2.003472802
8 31 3 100 8376 2.003494541
31 12 3 100 6840169 2.003532086
19 15 3 100 1882581 2.003538605
26 16 3 100 165858 2.003557477
17 28 3 100 1145766 2.003567076
5 6 3 100 81058 2.003569905
26 28 3 100 27232 2.003616573
18 1 3 100 8656 2.003619180
1 9 3 100 1587697 2.003620061
6 5 3 100 7275469 2.003625623
26 13 3 100 78241 2.003653430
9 27 3 100 8372 2.003668488
29 14 3 100 6023708 2.003683789
29 10 3 100 22484500 2.003704952
10 27 3 100 441931 2.003736685
9 11 3 100 25168 2.003746218
12 9 3 100 1036846 2.003756942
26 8 3 100 533710 2.003764365
5 18 3 100 4982180 2.003825726
17 3 3 100 40543 2.003828742
19 24 3 100 6037729 2.003833101
2 10 3 100 503742 2.003837264
23 3 3 100 154872 2.003849806
7 15 3 100 625116 2.003852203
29 24 3 100 27645 2.003853199
18 16 3 100 28831 2.003865823
12 10 3 100 66070 2.003880059
7 17 3 100 4891067 2.003887684
17 19 3 100 7830 2.003897649
6 28 3 100 6635 2.003921866
30 26 3 100 96400 2.003927998
5 7 3 100 38805 2.003929267
10 0 3 100 9668344 2.003937127
10 14 3 100 25499 2.003939206
5 21 3 100 6092282 2.003942684
12 29 3 100 72074 2.003956420
16 6 3 100 1338 2.003968513
16 23 3 100 74141 2.003972891
27 1 3 100 57579 2.003983380
31 8 3 100 1311224 2.003987706
6 13 3 100 143903 2.004037403
27 13 3 100 58005 2.004066364
23 25 3 100 465599 2.004108615
29 16 3 100 66794 2.004132754
20 30 3 100 2895 2.004134839
5 28 3 100 30871 2.004141076
16 29 3 100 32312 2.004154184
28 25 3 100 24227 2.004157494
3 7 3 100 124623 2.004177441
16 19 3 100 10671 2.004188361
14 13 3 100 45230 2.004206095
6 15 3 100 45248 2.004217526
29 25 3 100 1577859 2.004228702
27 2 3 100 8761 2.004236421
29 21 3 100 21690041 2.004242196
20 5 3 100 2680 2.004253090
10 16 3 100 43930 2.004269920
17 29 3 100 4541099 2.004284493
21 30 3 100 304530 2.004286266
20 1 3 100 24246 2.004314037
30 3 3 100 65380 2.004315560
28 8 3 100 1520960 2.004318760
29 16 3 100 27880 2.004333456
5 29 3 100 66091 2.004334176
19 5 3 100 1587429 2.004339750
11 27 3 100 1442555 2.004366787
24 1 3 100 1504 2.004379611
15 20 3 100 39372 2.004401420
30 2 3 100 641688 2.004405859
27 20 3 100 79968 2.004420906
8 10 3 100 2192155 2.004428121
7 5 3 100 17926 2.004481998
27 25 3 100 875645 2.004484549
26 15 3 100 3161150 2.004501041
16 11 3 100 13578 2.004512110
24 9 3 100 75711 2.004525877
20 19 3 100 834956 2.004534869
29 19 3 100 1473172 2.004535034
1 18 3 100 923770 2.004541818
13 14 3 100 37618 2.004560557
2 30 3 100 10096 2.004566504
19 2 3 100 7111975 2.004581991
16 28 3 100 23020746 2.004585759
20 9 3 100 37363 2.004589636
23 21 3 100 26771 2.004594364
11 2 3 100 106962 2.004616295
19 30 3 100 62857 2.004624329
11 12 3 100 15060 2.004626203
6 11 3 100 62843 2.004626867
13 19 3 100 24148 2.004636902
12 3 3 100 4247049 2.004684146
0 17 3 100 71205 2.004702726
0 1 3 100 2032194 2.004707997
22 11 3 100 3635127 2.004733325
14 11 3 100 38209 2.004747161
22 9 3 100 635154 2.004772093
4 10 3 100 144902 2.004775487
13 3 3 100 26806 2.004776100
16 19 3 100 26017 2.004778895
9 4 3 100 9345903 2.004801717
27 19 3 100 18960522 2.004824519
31 27 3 100 23748 2.004826368
12 0 3 100 943702 2.004838638
16 29 3 100 4756594 2.004859155
31 9 3 100 460256 2.004865213
31 17 3 100 69972 2.004872137
27 11 3 100 36631 2.004897041
7 22 3 100 43613 2.004918745
2 22 3 100 16647 2.004921149
6 5 3 100 4824706 2.004928908
7 4 3 100 7703 2.004946714
19 31 3 100 2466 2.004975026
7 27 3 100 29371 2.005010860
17 15 3 100 6943 2.005023936
18 1 3 100 12127 2.005026826
20 21 3 100 43402 2.005039463
10 26 3 100 3701031 2.005044475
2 3 3 100 9911576 2.005052924
10 11 3 100 9148993 2.005061798
6 31 3 100 94891 2.005074110
31 16 3 100 106785 2.005078281
17 18 3 100 80261 2.005094848
31 24 3 100 72156 2.005109622
6 3 3 100 7533 2.005110522
9 31 3 100 81947 2.005130362
15 6 3 100 66687 2.005151054
24 12 3 100 49118 2.005170384
4 13 3 100 3994988 2.005177121
21 1 3 100 21942 2.005179319
19 12 3 100 33796 2.005215676
1 16 3 100 656721 2.005216102
19 4 3 100 26515 2.005226699
2 5 3 100 3088 2.005247833
18 23 3 100 770658 2.005276116
22 30 3 100 36673 2.005308890
29 11 3 100 6312 2.005317697
16 23 3 100 14742 2.005336973
6 8 3 100 16040 2.005341531
13 29 3 100 3132672 2.005346099
9 14 3 100 99117 2.005355043
12 18 3 100 5066 2.005356927
31 22 3 100 1547292 2.005375992
0 20 3 100 72150 2.005376406
9 0 3 100 21826544 2.005405891
22 27 3 100 72422 2.005449519
11 4 3 100 28488 2.005452302
31 19 3 100 9203 2.005469102
14 7 3 100 380755 2.005478251
20 0 3 100 2369 2.005485819
6 20 3 100 2281090 2.005518825
13 16 3 100 12903 2.005524744
26 19 3 100 1308864 2.005532894
28 14 3 100 15133121 2.005533966
29 20 3 100 14531 2.005539272
4 28 3 100 140085 2.005560870
15 27 3 100 65766 2.005561932
18 16 3 100 1286162 2.005570348
26 25 3 100 181471 2.005572174
25 18 3 100 1720238 2.005591591
11 25 3 100 878941 2.005594732
12 17 3 100 69967 2.005595612
25 14 3 100 14093 2.005599798
30 5 3 100 20792 2.005601991
1 27 3 100 1586776 2.005605121
20 2 3 100 4210538 2.005609543
20 31 3 100 47852 2.005611440
8 6 3 100 54688 2.005617576
2 7 3 100 23082 2.005633384
23 21 3 100 7030607 2.005676252
0 30 3 100 75026 2.005684601
29 13 3 100 119400 2.005702497
0 28 3 100 2504 2.005722319
15 3 3 100 140748 2.005728967
19 23 3 100 60002 2.005733499
23 14 3 100 1913258 2.005757404
17 23 3 100 1067794 2.005764021
10 12 3 100 1 2.005767164
28 10 3 100 9666965 2.005776842
31 17 3 100 4941524 2.005776941
10 18 3 100 1945 2.005799557
16 26 3 100 8838056 2.005803425
17 13 3 100 56295 2.005820270
29 2 3 100 33020 2.005826400
13 9 3 100 8889 2.005831908
21 1 3 100 18813 2.005837919
16 26 3 100 154674 2.005838507
7 25 3 100 1853315 2.005844961
19 23 3 100 2674162 2.005860874
30 27 3 100 76408 2.005868195
4 30 3 100 2106220 2.005900003
12 28 3 100 2295291 2.005952358
26 3 3 100 9238074 2.005967351
30 15 3 100 1126875 2.005968308
29 25 3 100 1004472 2.005969403
4 3 3 100 38022 2.005992873
19 14 3 100 43767 2.005995116
15 10 3 100 25088834 2.006004218
19 11 3 100 601046 2.006011789
10 8 3 100 3762338 2.006034195
2 27 3 100 437691 2.006047336
16 10 3 100 71862 2.006049092
26 21 3 100 677 2.006078632
0 27 3 100 49784 2.006081253
10 8 3 100 1633481 2.006101523
9 14 3 100 1905889 2.006105047
23 3 3 100 5503767 2.006105696
2 24 3 100 55512 2.006110412
6 29 3 100 66115 2.006115510
30 16 3 100 1707760 2.006131184
30 8 3 100 6263275 2.006203461
22 19 3 100 9125 2.006218025
1 2 3 100 35581 2.006218655
12 17 3 100 50817 2.006228979
22 15 3 100 55841 2.006243032
17 0 3 100 2909186 2.006263163
15 31 3 100 22180 2.006293210
31 27 3 100 672682 2.006309101
4 8 3 100 78063 2.006323400
5 1 3 100 21741 2.006328326
16 11 3 100 58643 2.006339529
2 12 3 100 18069 2.006347120
4 17 3 100 29521 2.006352420
22 16 3 100 21833 2.006354496
18 1 3 100 193293 2.006381092
6 17 3 100 503038 2.006401099
0 4 3 100 1207500 2.006416816
7 20 3 100 12197669 2.006427271
13 17 3 100 44271 2.006437630
11 12 3 100 18553 2.006448670
25 21 3 100 8995 2.006492142
11 31 3 100 457 2.006527659
22 30 3 100 5869 2.006529052
26 6 3 100 27107 2.006541165
4 30 3 100 7400341 2.006547000
9 11 3 100 21133 2.006550591
27 10 3 100 1681 2.006551417
26 11 3 100 21408 2.006555103
26 23 3 100 262943 2.006570423
17 7 3 100 786089 2.006616889
2 14 3 100 9529 2.006621355
1 4 3 100 21401 2.006629505
13 17 3 100 172000 2.006683096
24 14 3 100 2935591 2.006684749
20 1 3 100 51786 2.006732979
3 6 3 100 35478 2.006745781
28 15 3 100 351 2.006762524
4 16 3 100 5503526 2.006762726
2 9 3 100 49970 2.006793167
7 2 3 100 13527621 2.006795324
17 3 3 100 102834 2.006801489
20 0 3 100 5775840 2.006815373
19 22 3 100 8605 2.006825930
14 9 3 100 9397228 2.006844810
21 19 3 100 1256 2.006867704
31 30 3 100 59590 2.006882479
14 11 3 100 340383 2.006896678
23 21 3 100 4213 2.006911685
24 31 3 100 830748 2.006920672
22 14 3 100 27646 2.006924595
9 11 3 100 731271 2.006925987
31 2 3 100 1212670 2.006933262
20 7 3 100 164744 2.006935100
17 27 3 100 58500 2.006940506
15 21 3 100 49710 2.006950501
13 9 3 100 1768 2.006982052
13 19 3 100 1526717 2.006988204
2 20 3 100 44194 2.006998485
18 31 3 100 48215 2.007008000
22 0 3 100 41300 2.007016947
7 24 3 100 5470721 2.007025696
16 17 3 100 4958673 2.007032677
2 15 3 100 490211 2.007033700
10 11 3 100 73232 2.007045714
8 17 3 100 29748 2.007090127
26 31 3 100 1467446 2.007093774
1 11 3 100 17152 2.007097926
12 2 3 100 15050813 2.007148779
15 9 3 100 20059 2.007150483
16 2 3 100 9526291 2.007179376
19 14 3 100 1840926 2.007202377
26 25 3 100 57314 2.007221509
20 3 3 100 28260219 2.007242120
3 17 3 100 3581254 2.007279533
18 3 3 100 6478 2.007282183
21 30 3 100 29263 2.007291714
20 18 3 100 2235 2.007305239
10 9 3 100 21614 2.007321165
30 1 3 100 7344828 2.007323402
31 13 3 100 78055 2.007399269
22 24 3 100 6705256 2.007401346
6 26 3 100 39355 2.007404727
30 14 3 100 1391755 2.007424765
9 31 3 100 892577 2.007463427
5 1 3 100 608738 2.007492086
13 2 3 100 634411 2.007496383
29 25 3 100 330190 2.007560463
23 28 3 100 27530 2.007595506
26 9 3 100 3062069 2.007613680
23 15 3 100 168247 2.007637023
25 22 3 100 3160075 2.007643196
27 17 3 100 598542 2.007645756
28 19 3 100 976 2.007646253
3 19 3 100 21263 2.007663915
19 31 3 100 47448 2.007694767
18 2 3 100 212437 2.007716932
10 16 3 100 31262 2.007727178
2 18 3 100 29456677 2.007742693
29 13 3 100 197454 2.007750443
20 9 3 100 1551331 2.007751259
19 0 3 100 851724 2.007781449
1 18 3 100 4819937 2.007835633
31 8 3 100 4834740 2.007884764
16 10 3 100 21914 2.007890064
15 29 3 100 63077 2.007906257
10 27 3 100 67713 2.007918061
2 17 3 100 1475679 2.007947375
14 24 3 100 9375 2.007970381
28 29 3 100 10133 2.007988261
30 12 3 100 33956 2.008019890
30 7 3 100 4279638 2.008031343
13 14 3 100 35643 2.008068591
3 9 3 100 10013506 2.008069274
1 29 3 100 3594593 2.008088017
17 10 3 100 4321 2.008088532
4 23 3 100 4182 2.008093511
27 12 3 100 27535 2.008095844
11 26 3 100 8112174 2.008105745
16 10 3 100 4078 2.008109920
26 11 3 100 7217202 2.008111474
12 2 3 100 8285 2.008127884
25 7 3 100 15796 2.008131456
31 9 3 100 1356368 2.008137922
23 14 3 100 1518 2.008145650
23 26 3 100 52254 2.008194850
13 18 3 100 963 2.008194914
5 3 3 100 79203 2.008207866
9 3 3 100 4720 2.008227653
15 2 3 100 20266 2.008263771
6 27 3 100 1440507 2.008295398
18 5 3 100 21579489 2.008307610
9 1 3 100 39825 2.008338984
18 28 3 100 9718705 2.008358321
28 16 3 100 56330 2.008364995
20 23 3 100 1536092 2.008375745
19 7 3 100 45210 2.008376830
8 15 3 100 351275 2.008385287
8 1 3 100 1142883 2.008393520
0 2 3 100 548327 2.008400505
30 28 3 100 28047 2.008403995
3 12 3 100 858282 2.008428198
10 4 3 100 1375307 2.008429642
7 22 3 100 11644 2.008460759
7 15 3 100 6685000 2.008461444
13 11 3 100 8802512 2.008465699
27 5 3 100 39870 2.008482389
15 0 3 100 18984 2.008484935
14 23 3 100 59064 2.008496073
20 31 3 100 31945 2.008498928
4 27 3 100 26820 2.008499453
20 5 3 100 23992073 2.008505361
28 18 3 100 65015 2.008510686
1 17 3 100 17 2.008525285
20 16 3 100 67414 2.008533580
1 29 3 100 4422845 2.008537314
14 8 3 100 2797979 2.008545895
31 15 3 100 3771345 2.008557426
8 2 3 100 1397389 2.008592311
11 15 3 100 73320 2.008598197
23 16 3 100 60951 2.008605449
4 18 3 100 215375 2.008606681
5 16 3 100 57797 2.008607267
31 18 3 100 7519826 2.008609744
11 30 3 100 5233 2.008617414
27 14 3 100 81064 2.008632095
26 7 3 100 1842108 2.008647422
20 31 3 100 25727 2.008648918
6 11 3 100 36957 2.008687964
26 8 3 100 3514571 2.008694044
18 13 3 100 508097 2.008695042
4 28 3 100 167265 2.008725344
0 13 3 100 61690 2.008741189
14 8 3 100 305807 2.008746713
18 21 3 100 38201 2.008758955
19 0 3 100 3310753 2.008762754
21 6 3 100 6279992 2.008763643
20 23 3 100 82047 2.008770872
18 27 3 100 1337788 2.008777418
20 25 3 100 32172 2.008788634
28 11 3 100 3167017 2.008824718
6 16 3 100 26270 2.008828118
2 10 3 100 66621 2.008834773
12 13 3 100 39393 2.008865321
1 2 3 100 41809 2.008877609
29 28 3 100 7273991 2.008883389
22 5 3 100 22417 2.008898068
15 14 3 100 107106 2.008913334
8 1 3 100 3407812 2.008931279
19 0 3 100 40425 2.008934248
4 1 3 100 7374085 2.008938445
0 11 3 100 51673 2.008940201
5 8 3 100 27381 2.008950183
25 13 3 100 7345 2.008982141
24 1 3 100 435013 2.008982288
22 8 3 100 20042 2.009011998
14 6 3 100 1664701 2.009019618
4 16 3 100 1592148 2.009030401
8 27 3 100 19788 2.009032551
11 26 3 100 7016 2.009044424
11 15 3 100 17387 2.009049847
2 10 3 100 77311 2.009079046
2 22 3 100 19394 2.009084642
16 22 3 100 1177843 2.009086886
4 31 3 100 1217521 2.009116445
9 20 3 100 157954 2.009118094
13 5 3 100 6041736 2.009127812
24 29 3 100 5447 2.009141520
12 30 3 100 79353 2.009142751
16 31 3 100 1135426 2.009146422
16 21 3 100 6101 2.009166635
22 29 3 100 900320 2.009171670
21 17 3 100 6371 2.009173012
19 29 3 100 23697076 2.009198359
23 0 3 100 57306 2.009209218
1 5 3 100 5321 2.009229731
7 6 3 100 38776 2.009230267
3 6 3 100 5721302 2.009245330
24 22 3 100 305153 2.009249698
12 19 3 100 29828 2.009254374
5 7 3 100 26405 2.009266190
9 14 3 100 3239 2.009268172
4 12 3 100 18788 2.009283190
31 0 3 100 424 2.009286538
0 19 3 100 28161 2.009294577
26 29 3 100 5339322 2.009327832
3 24 3 100 3830032 2.009342153
5 4 3 100 2771 2.009350569
6 16 3 100 1902 2.009354222
28 27 3 100 27382 2.009390103
28 9 3 100 35441 2.009390171
28 20 3 100 27650494 2.009422786
12 19 3 100 1822251 2.009440857
5 15 3 100 1043639 2.009451889
4 27 3 100 33313 2.009453637
28 24 3 100 2738450 2.009464578
20 8 3 100 1920328 2.009527092
31 27 3 100 40341 2.009548143
21 2 3 100 9780 2.009555001
27 0 3 100 23369 2.009585895
10 13 3 100 30321 2.009593559
9 19 3 100 819582 2.009595734
3 31 3 100 5114866 2.009598861
25 5 3 100 54373 2.009612373
17 16 3 100 1102697 2.009620569
8 30 3 100 8976254 2.009622389
18 29 3 100 6406 2.009624141
26 9 3 100 73208 2.009635585
23 0 3 100 53564 2.009655735
31 28 3 100 6345 2.009686008
8 29 3 100 4545 2.009718089
14 19 3 100 5505 2.009780575
28 14 3 100 24859 2.009783691
30 14 3 100 9441 2.009790434
1 20 3 100 22389 2.009803255
6 14 3 100 114253 2.009827266
18 10 3 100 9039 2.009827503
30 23 3 100 37515 2.009847120
11 19 3 100 3219716 2.009898758
2 3 3 100 125596 2.009910427
23 7 3 100 1469438 2.009926978
19 29 3 100 457437 2.009931062
17 27 3 100 4835 2.009939562
31 16 3 100 4242547 2.009970232
5 11 3 100 5152976 2.010039644
23 17 3 100 27034078 2.010064443
10 5 3 100 24541 2.010066884
25 24 3 100 37683 2.010078870
25 17 3 100 33283 2.010104895
31 30 3 100 816554 2.010107642
23 8 3 100 2715899 2.010118223
23 6 3 100 5760 2.010127410
21 27 3 100 752504 2.010135235
11 25 3 100 2054421 2.010162673
20 11 3 100 3969 2.010174573
1 20 3 100 102812 2.010175197
27 9 3 100 29738116 2.010209335
8 10 3 100 49194 2.010234781
10 27 3 100 5293493 2.010275537
23 27 3 100 35712 2.010275588
4 2 3 100 9398 2.010294835
23 21 3 100 8140 2.010317577
31 1 3 100 1445324 2.010333010
10 6 3 100 43142 2.010352700
3 15 3 100 7192052 2.010365122
25 11 3 100 1870008 2.010365817
20 9 3 100 77525 2.010405768
13 9 3 100 693183 2.010409760
17 4 3 100 20161 2.010418573
7 22 3 100 77743 2.010439599
11 0 3 100 67103 2.010443814
22 13 3 100 152409 2.010454481
16 4 3 100 3694 2.010459034
19 28 3 100 4451518 2.010469762
5 15 3 100 3533698 2.010476212
27 20 3 100 2048422 2.010487602
27 21 3 100 39090 2.010501299
31 18 3 100 1012397 2.010526083
31 21 3 100 11621 2.010541066
13 0 3 100 12073 2.010541226
25 0 3 100 1403089 2.010555231
14 22 3 100 1385005 2.010578628
8 11 3 100 851314 2.010582302
28 8 3 100 9625657 2.010584919
20 8 3 100 721 2.010590529
10 6 3 100 6072 2.010642009
3 11 3 100 3414463 2.010654190
22 11 3 100 5499 2.010655890
1 15 3 100 101319 2.010679414
17 28 3 100 3080483 2.010696558
14 7 3 100 3377850 2.010702038
8 27 3 100 15720 2.010722517
4 13 3 100 10430770 2.010731634
9 1 3 100 70220 2.010764756
14 12 3 100 4188877 2.010787313
23 1 3 100 5955484 2.010788469
24 23 3 100 34807 2.010794609
17 9 3 100 20813 2.010809860
11 9 3 100 666328 2.010854407
9 30 3 100 2218 2.010859095
9 31 3 100 72199 2.010862342
21 4 3 100 50422 2.010897709
14 6 3 100 729782 2.010902308
12 6 3 100 118619 2.010909393
16 24 3 100 3571005 2.010952490
9 26 3 100 6570 2.010955664
14 26 3 100 46036 2.010956640
16 23 3 100 177641 2.010969985
7 19 3 100 6202547 2.010977393
4 28 3 100 2681289 2.010989133
10 30 3 100 3864973 2.010994178
11 20 3 100 6918302 2.011003070
21 15 3 100 2895932 2.011045974
9 19 3 100 70095 2.011048871
5 26 3 100 31395 2.011049628
23 20 3 100 39425 2.011051784
23 13 3 100 24533 2.011084217
8 27 3 100 6787638 2.011086816
19 25 3 100 29248 2.011096849
17 29 3 100 64098 2.011096890
8 23 3 100 920741 2.011145340
21 19 3 100 64941 2.011148356
10 16 3 100 39919 2.011160860
15 20 3 100 1225 2.011171402
2 5 3 100 25080 2.011195461
17 18 3 100 49899 2.011248870
26 0 3 100 8655265 2.011260316
22 31 3 100 8666 2.011264098
26 27 3 100 61603 2.011294524
31 7 3 100 73943 2.011327080
31 6 3 100 295841 2.011329398
24 12 3 100 132642 2.011342093
10 28 3 100 1347454 2.011348451
0 2 3 100 3120 2.011377334
17 20 3 100 25177 2.011422568
7 21 3 100 4468313 2.011469432
16 6 3 100 91246 2.011474944
5 14 3 100 1129109 2.011483150
4 19 3 100 41477 2.011501660
20 9 3 100 6348 2.011512405
13 28 3 100 748820 2.011541697
13 4 3 100 440553 2.011546425
4 8 3 100 21882 2.011548800
6 20 3 100 1749291 2.011559147
23 25 3 100 22839 2.011570560
27 9 3 100 51446 2.011570888
28 16 3 100 27293 2.011572295
28 11 3 100 63426 2.011573825
14 16 3 100 28811 2.011586058
21 29 3 100 69687 2.011594690
6 18 3 100 14027 2.011605487
0 12 3 100 12442 2.011609581
14 25 3 100 38673 2.011663635
21 3 3 100 53995 2.011667124
13 2 3 100 162381 2.011676576
13 25 3 100 1702020 2.011678624
20 18 3 100 11510 2.011694161
31 13 3 100 8169606 2.011709363
30 11 3 100 47048 2.011736403
27 7 3 100 1573511 2.011742110
16 24 3 100 18576938 2.011743165
13 28 3 100 28024 2.011756280
27 17 3 100 447 2.011769356
6 9 3 100 8643 2.011773650
1 7 3 100 3280035 2.011787928
22 26 3 100 966115 2.011813505
18 6 3 100 62465 2.011816195
2 3 3 100 70069 2.011826112
19 14 3 100 20958 2.011839809
1 18 3 100 28535 2.011856452
13 17 3 100 20415 2.011867184
29 17 3 100 5833724 2.011867189
13 23 3 100 4525123 2.011903443
11 25 3 100 7816955 2.011909134
7 28 3 100 28514 2.011920373
13 6 3 100 387322 2.011943851
20 16 3 100 1489651 2.011987343
19 2 3 100 116526 2.011991076
23 3 3 100 24653 2.011991649
15 31 3 100 733268 2.012000707
6 23 3 100 29592 2.012044667
26 22 3 100 973381 2.012060216
10 17 3 100 54153 2.012093273
25 1 3 100 8541 2.012100308
21 20 3 100 284986 2.012101609
6 9 3 100 1807412 2.012102378
19 10 3 100 4747 2.012102917
12 8 3 100 808396 2.012106216
13 15 3 100 78115 2.012113528
17 3 3 100 8417 2.012133746
2 6 3 100 70221 2.012166509
0 4 3 100 486406 2.012201111
7 3 3 100 6000896 2.012207663
24 20 3 100 6658259 2.012227962
27 19 3 100 1589173 2.012236452
23 11 3 100 38125 2.012258545
15 19 3 100 4622040 2.012270940
15 9 3 100 6700384 2.012287143
1 12 3 100 2532425 2.012317725
30 10 3 100 98444 2.012333056
20 18 3 100 174745 2.012336153
17 14 3 100 5269 2.012380356
5 25 3 100 26748 2.012380483
23 2 3 100 218284 2.012397041
12 0 3 100 28069 2.012424290
3 11 3 100 5500 2.012449193
4 10 3 100 26557 2.012472262
6 8 3 100 190655 2.012479058
19 14 3 100 8959931 2.012491765
20 6 3 100 810203 2.012496152
30 7 3 100 45771 2.012517059
17 7 3 100 1513871 2.012523690
19 31 3 100 41084 2.012525433
21 6 3 100 2974517 2.012529950
17 26 3 100 21682591 2.012541925
11 15 3 100 578564 2.012549241
25 28 3 100 1779 2.012552504
9 4 3 100 42838 2.012559965
20 8 3 100 27142 2.012578855
23 1 3 100 59268 2.012596954
6 11 3 100 4873742 2.012619423
21 8 3 100 39782 2.012624494
28 1 3 100 67421 2.012626187
3 27 3 100 77373 2.012652644
23 31 3 100 426893 2.012654056
16 22 3 100 40716 2.012669187
12 23 3 100 968151 2.012672832
4 23 3 100 871580 2.012698724
26 20 3 100 23838118 2.012701053
29 11 3 100 123518 2.012722519
31 8 3 100 64140 2.012728853
6 2 3 100 27685 2.012742249
6 15 3 100 3504 2.012743658
17 16 3 100 1666864 2.012746226
1 9 3 100 7369 2.012765429
9 30 3 100 637943 2.012786850
28 22 3 100 207 2.012792709
7 22 3 100 1452420 2.012797998
29 30 3 100 1516 2.012812992
20 29 3 100 3758988 2.012823503
4 25 3 100 8365278 2.012834227
13 31 3 100 9075 2.012859978
0 19 3 100 6700501 2.012917301
22 6 3 100 465597 2.012918112
22 30 3 100 7344 2.012926543
22 3 3 100 7436919 2.012941024
18 24 3 100 567579 2.013019666
18 29 3 100 20068 2.013020605
1 13 3 100 26413900 2.013039367
17 0 3 100 22994 2.013046907
26 10 3 100 311202 2.013060178
27 4 3 100 8659 2.013078222
23 11 3 100 17762 2.013088805
27 7 3 100 71207 2.013088862
11 15 3 100 7011470 2.013096091
12 2 3 100 1083558 2.013111963
30 6 3 100 2839014 2.013115767
17 15 3 100 14813 2.013142919
17 12 3 100 36448 2.013143322
15 11 3 100 16070 2.013156248
8 31 3 100 5823194 2.013196520
9 0 3 100 74251 2.013200285
9 28 3 100 783701 2.013201944
26 19 3 100 25319137 2.013214888
10 13 3 100 1610167 2.013234489
12 16 3 100 9787 2.013245437
25 13 3 100 1771750 2.013264044
20 0 3 100 8049 2.013284900
26 10 3 100 76095 2.013295862
11 26 3 100 166308 2.013315529
26 21 3 100 1463372 2.013341995
19 20 3 100 102833 2.013355034
3 2 3 100 2318 2.013356270
20 10 3 100 22921 2.013368574
18 12 3 100 8364 2.013376422
12 5 3 100 787935 2.013378090
5 17 3 100 2280 2.013403630
0 27 3 100 24024 2.013405738
9 5 3 100 28023 2.013411667
2 28 3 100 3788402 2.013416257
26 8 3 100 39284 2.013449431
10 13 3 100 1127425 2.013450085
17 2 3 100 51974 2.013493893
27 8 3 100 77297 2.013503239
15 12 3 100 16359 2.013519689
4 20 3 100 6057 2.013522607
22 2 3 100 23158907 2.013522863
15 10 3 100 3517843 2.013549023
6 3 3 100 3568 2.013555430
0 16 3 100 3873 2.013558842
31 2 3 100 996445 2.013595972
22 29 3 100 71374 2.013598898
10 23 3 100 24336 2.013609590
3 28 3 100 8647199 2.013626073
25 17 3 100 15081 2.013640219
11 30 3 100 785455 2.013643960
9 5 3 100 1268974 2.013664618
3 31 3 100 2123 2.013695261
16 1 3 100 71149 2.013705315
17 26 3 100 10289 2.013705942
23 8 3 100 31449 2.013748077
27 30 3 100 27825 2.013759700
11 0 3 100 97 2.013772438
4 13 3 100 40876 2.013796951
29 22 3 100 31082 2.013824144
6 23 3 100 27018 2.013825073
1 27 3 100 22130504 2.013826494
23 27 3 100 121805 2.013832958
20 24 3 100 26323 2.013835664
13 29 3 100 51195 2.013837323
8 2 3 100 21858 2.013848864
0 7 3 100 1454 2.013857070
30 1 3 100 1495649 2.013860253
5 28 3 100 11829984 2.013876728
25 16 3 100 272201 2.013879645
19 14 3 100 2139 2.013887983
8 27 3 100 747842 2.013970675
31 0 3 100 367102 2.014018425
8 12 3 100 1859301 2.014069453
10 16 3 100 18430 2.014087847
23 24 3 100 191616 2.014099536
14 16 3 100 863944 2.014122135
23 20 3 100 2726028 2.014127861
5 19 3 100 68299 2.014130564
6 24 3 100 35771 2.014138177
30 1 3 100 37830 2.014165379
31 22 3 100 1358015 2.014169783
22 8 3 100 86544 2.014170385
22 18 3 100 34503 2.014176202
21 2 3 100 429348 2.014197324
15 12 3 100 19378301 2.014209344
14 27 3 100 47089 2.014238904
17 15 3 100 26620 2.014240006
0 23 3 100 29242784 2.014241912
18 23 3 100 1115705 2.014250693
16 1 3 100 50080 2.014251231
29 10 3 100 2503063 2.014264467
13 3 3 100 39417 2.014291164
31 11 3 100 8801 2.014297982
30 1 3 100 22578 2.014301542
11 20 3 100 60417 2.014302757
23 28 3 100 910253 2.014318906
24 18 3 100 16663 2.014348639
18 6 3 100 7027 2.014351119
23 10 3 100 8839 2.014351587
3 20 3 100 8927 2.014352814
0 23 3 100 6541 2.014369207
28 26 3 100 34366 2.014430019
15 30 3 100 1104900 2.014432832
28 18 3 100 1555137 2.014435383
27 11 3 100 1152364 2.014440049
5 15 3 100 60584 2.014465513
31 18 3 100 3187 2.014476663
5 14 3 100 69727 2.014481620
29 31 3 100 9698603 2.014483669
26 29 3 100 172770 2.014496289
25 28 3 100 74010 2.014505042
23 9 3 100 3686410 2.014507857
26 4 3 100 10399413 2.014524147
1 6 3 100 21346 2.014531675
12 9 3 100 19974 2.014532820
5 24 3 100 1450219 2.014536106
13 6 3 100 25269 2.014549667
15 23 3 100 550512 2.014564731
1 6 3 100 3258476 2.014578336
11 17 3 100 3438255 2.014598781
18 22 3 100 62568 2.014605998
2 9 3 100 76629 2.014606631
0 5 3 100 1063505 2.014620926
23 24 3 100 785479 2.014628122
9 18 3 100 9853799 2.014676277
8 21 3 100 3966848 2.014694526
14 23 3 100 4042733 2.014742129
23 14 3 100 68582 2.014745093
15 11 3 100 1427646 2.014793069
30 21 3 100 28963 2.014794178
16 24 3 100 16719 2.014795992
17 23 3 100 28270 2.014797509
7 1 3 100 19602 2.014809696
12 22 3 100 545985 2.014813614
16 23 3 100 3443 2.014830216
27 24 3 100 183348 2.014842048
22 31 3 100 12645 2.014856746
24 6 3 100 90929 2.014900655
4 17 3 100 7219 2.014906262
3 18 3 100 14884 2.014906640
18 3 3 100 24829907 2.014932970
24 10 3 100 76680 2.014952516
9 19 3 100 4707 2.014968474
10 16 3 100 4415 2.014986225
0 7 3 100 605283 2.014991729
8 28 3 100 5876322 2.015029083
27 5 3 100 22137 2.015053733
21 13 3 100 20037 2.015096360
12 26 3 100 20990 2.015100226
18 1 3 100 30039 2.015111721
9 16 3 100 1809466 2.015122940
28 14 3 100 77372 2.015137552
29 19 3 100 1594558 2.015148481
15 24 3 100 35096 2.015172098
25 10 3 100 2194094 2.015183590
17 27 3 100 11836 2.015199410
27 20 3 100 1373782 2.015217571
25 30 3 100 153575 2.015231621
9 31 3 100 1565618 2.015241407
31 24 3 100 49456 2.015248365
21 0 3 100 352351 2.015249696
24 14 3 100 262925 2.015277807
11 16 3 100 55756 2.015303688
18 21 3 100 15909 2.015317388
26 5 3 100 75705 2.015322516
29 19 3 100 2499290 2.015387253
30 27 3 100 1005145 2.015394399
3 13 3 100 70507 2.015395074
17 18 3 100 24932 2.015400551
6 7 3 100 76049 2.015409914
5 12 3 100 227001 2.015431226
14 1 3 100 180348 2.015433071
2 12 3 100 1688110 2.015439705
4 2 3 100 3355327 2.015443037
24 27 3 100 28367821 2.015477232
26 14 3 100 33009 2.015494278
21 4 3 100 9727 2.015511605
16 15 3 100 10197 2.015521696
28 8 3 100 9978306 2.015533267
21 17 3 100 1439331 2.015553840
4 25 3 100 22023 2.015569646
8 21 3 100 7291547 2.015572459
28 1 3 100 457797 2.015572601
15 17 3 100 3444669 2.015586969
3 31 3 100 26242 2.015588184
15 31 3 100 59419 2.015589462
0 3 3 100 6034499 2.015598956
25 0 3 100 180770 2.015609676
11 4 3 100 41950 2.015618743
1 4 3 100 4748789 2.015630554
6 0 3 100 3591546 2.015658310
0 24 3 100 35496 2.015674889
1 29 3 100 5645 2.015693860
1 10 3 100 51552 2.015696149
10 14 3 100 7929 2.015736853
27 19 3 100 8308 2.015737733
10 3 3 100 7391339 2.015740322
17 11 3 100 24832 2.015752708
14 20 3 100 3865732 2.015773772
14 27 3 100 31465 2.015798961
27 2 3 100 1126792 2.015803932
23 0 3 100 51882 2.015811983
11 21 3 100 37090 2.015823346
31 17 3 100 1758688 2.015830615
26 17 3 100 1667139 2.015855508
13 9 3 100 7525 2.015857895
24 10 3 100 65000 2.015864533
8 26 3 100 4653240 2.015871739
20 24 3 100 113391 2.015893833
2 21 3 100 25908 2.015894989
18 16 3 100 28598 2.015911629
23 22 3 100 73406 2.015915556
31 19 3 100 9816 2.015933032
1 24 3 100 5036 2.015938787
30 28 3 100 309686 2.015960580
3 19 3 100 8653 2.015976011
13 20 3 100 18708727 2.016003135
1 0 3 100 64389 2.016003441
24 14 3 100 2985503 2.016017996
13 14 3 100 4613392 2.016061764
27 6 3 100 45158 2.016074811
19 17 3 100 20016 2.016097282
13 23 3 100 1972452 2.016100476
20 29 3 100 8113003 2.016106861
2 29 3 100 1358114 2.016108499
21 8 3 100 1578069 2.016112310
24 9 3 100 1493424 2.016116958
21 23 3 100 17112132 2.016135819
8 2 3 100 9982 2.016145986
28 9 3 100 7890363 2.016150820
16 31 3 100 146032 2.016210415
23 24 3 100 4320655 2.016214426
27 2 3 100 12414776 2.016214574
11 20 3 100 118042 2.016255263
4 0 3 100 8615 2.016257296
24 14 3 100 1936 2.016257515
1 10 3 100 3658653 2.016269535
16 15 3 100 21616726 2.016297832
24 19 3 100 2472646 2.016315503
4 3 3 100 21497 2.016356766
2 13 3 100 1492331 2.016366392
1 23 3 100 3956817 2.016390629
19 29 3 100 11640 2.016418972
3 20 3 100 5129 2.016435580
26 9 3 100 3707513 2.016471207
2 28 3 100 2043662 2.016536677
15 25 3 100 74866 2.016536821
23 15 3 100 267034 2.016547942
3 28 3 100 9247 2.016558177
10 2 3 100 43157 2.016559975
8 7 3 100 1492541 2.016577672
11 22 3 100 4021 2.016615957
22 17 3 100 7403 2.016626944
1 6 3 100 4901 2.016645329
8 14 3 100 1911600 2.016666841
23 12 3 100 14587 2.016688004
10 8 3 100 12651 2.016695647
13 9 3 100 852803 2.016697849
25 28 3 100 44400 2.016699273
26 0 3 100 43482 2.016701232
10 22 3 100 308579 2.016701960
1 6 3 100 7586 2.016744605
11 21 3 100 162615 2.016757942
17 3 3 100 9790 2.016769052
28 3 3 100 47279 2.016775256
8 0 3 100 4671295 2.016792376
25 2 3 100 7585 2.016799593
11 2 3 100 782628 2.016802254
17 12 3 100 23368 2.016803099
6 23 3 100 8655 2.016843204
0 12 3 100 6468 2.016847997
1 0 3 100 9876 2.016857284
3 12 3 100 5322549 2.016902288
29 23 3 100 805020 2.016924409
22 8 3 100 60004 2.016959399
16 2 3 100 9151 2.016966700
14 8 3 100 3114 2.016984580
11 13 3 100 6245 2.017017733
13 23 3 100 5641668 2.017030627
16 19 3 100 20604 2.017044950
7 21 3 100 816645 2.017071531
5 10 3 100 1108492 2.017086504
17 16 3 100 72104 2.017098285
28 13 3 100 152375 2.017100980
10 0 3 100 32820 2.017144394
23 6 3 100 3716 2.017162900
23 19 3 100 56852 2.017175342
6 4 3 100 716778 2.017183855
24 23 3 100 1302881 2.017186419
22 20 3 100 6312 2.017197813
24 22 3 100 66592 2.017207451
28 9 3 100 18680 2.017212316
21 28 3 100 57934 2.017223191
6 0 3 100 53187 2.017277817
21 5 3 100 8529666 2.017281382
13 26 3 100 436613 2.017304994
11 27 3 100 74920 2.017307821
22 18 3 100 83777 2.017324300
10 2 3 100 56406 2.017325158
2 10 3 100 90258 2.017330533
24 28 3 100 9725802 2.017335499
7 12 3 100 13910 2.017345551
9 22 3 100 577324 2.017350296
9 30 3 100 328917 2.017384424
17 9 3 100 4939443 2.017399214
3 21 3 100 23509 2.017411524
14 7 3 100 9246669 2.017420701
29 26 3 100 12625 2.017428405
25 19 3 100 5508196 2.017466335
7 25 3 100 39677 2.017492718
27 19 3 100 1951296 2.017494564
19 12 3 100 60865 2.017532176
20 5 3 100 1385510 2.017549324
2 17 3 100 4515 2.017550235
23 0 3 100 4479978 2.017567776
24 9 3 100 10786 2.017642285
12 6 3 100 55066 2.017669870
31 13 3 100 1503983 2.017677078
12 21 3 100 7751512 2.017683241
26 25 3 100 17401 2.017722918
25 30 3 100 864520 2.017725177
0 5 3 100 2617155 2.017740096
11 1 3 100 69478 2.017749008
31 21 3 100 6062 2.017761664
3 11 3 100 4075268 2.017774927
19 2 3 100 21698 2.017803690
22 4 3 100 23919 2.017842499
13 19 3 100 29391 2.017853932
26 25 3 100 8333 2.017858196
30 8 3 100 15599470 2.017859470
12 14 3 100 497199 2.017860604
23 27 3 100 38522 2.017866813
24 30 3 100 1953962 2.017873084
27 17 3 100 1614609 2.017887890
3 20 3 100 44122 2.017899260
23 28 3 100 56125 2.017911011
20 30 3 100 4245131 2.017940506
25 21 3 100 54082 2.017974620
24 2 3 100 4422 2.018016379
31 17 3 100 7807 2.018019805
2 17 3 100 647535 2.018035669
14 9 3 100 21829 2.018038888
27 5 3 100 54808 2.018041270
28 17 3 100 62453 2.018046575
2 18 3 100 7649764 2.018050501
3 4 3 100 24460 2.018055381
28 11 3 100 50835 2.018070955
31 2 3 100 300816 2.018101537
23 24 3 100 330 2.018109095
14 19 3 100 274183 2.018130552
27 25 3 100 1285169 2.018134687
28 31 3 100 5106728 2.018137805
29 9 3 100 463523 2.018157844
28 9 3 100 2821418 2.018164211
16 20 3 100 36671 2.018167540
0 3 3 100 1567833 2.018186621
20 0 3 100 21880 2.018205391
26 27 3 100 9324 2.018212109
7 21 3 100 196021 2.018216736
23 26 3 100 69613 2.018257467
8 0 3 100 9319904 2.018257704
26 12 3 100 29170 2.018277837
4 11 3 100 37119 2.018294932
8 23 3 100 75436 2.018304634
9 3 3 100 363893 2.018309081
6 21 3 100 2049751 2.018341922
10 20 3 100 20357 2.018351950
1 28 3 100 41993 2.018361774
24 6 3 100 1596888 2.018367352
24 19 3 100 27606 2.018372820
3 7 3 100 7179 2.018377188
8 5 3 100 1314844 2.018389482
7 9 3 100 37989 2.018402155
30 23 3 100 4637 2.018406096
30 2 3 100 7766752 2.018415696
10 28 3 100 27828 2.018438345
7 22 3 100 63471 2.018449285
12 5 3 100 28637 2.018455636
12 11 3 100 33540 2.018465295
17 8 3 100 3984 2.018496142
8 9 3 100 300 2.018497447
16 31 3 100 25400 2.018519147
4 12 3 100 22587 2.018523177
13 3 3 100 71676 2.018532254
21 7 3 100 8689 2.018544729
1 21 3 100 86148 2.018565557
28 7 3 100 1007888 2.018574799
3 8 3 100 4938404 2.018576761
27 24 3 100 71903 2.018577680
23 12 3 100 1466453 2.018627987
24 21 3 100 52113 2.018637688
4 27 3 100 64085 2.018652039
31 15 3 100 68879 2.018668771
29 8 3 100 24734 2.018686429
12 4 3 100 15765 2.018694415
1 17 3 100 2568 2.018700761
14 2 3 100 1764183 2.018740519
2 20 3 100 42532 2.018765056
23 8 3 100 556803 2.018790497
26 21 3 100 27505 2.018790961
7 17 3 100 561215 2.018797823
22 2 3 100 5812 2.018800211
31 12 3 100 12097 2.018802319
6 0 3 100 45191 2.018808765
11 4 3 100 71598 2.018814975
11 17 3 100 7857 2.018827175
26 13 3 100 54563 2.018841252
6 24 3 100 192370 2.018857312
28 9 3 100 9888 2.018881891
12 13 3 100 61732 2.018885893
7 2 3 100 2261 2.018910709
14 2 3 100 53659 2.018912551
11 13 3 100 145158 2.018937035
10 29 3 100 10359 2.018945233
4 17 3 100 3355368 2.018980091
12 20 3 100 23362 2.018992935
21 9 3 100 18065 2.018993897
23 14 3 100 22161416 2.019014837
2 21 3 100 69188 2.019021811
9 24 3 100 75429 2.019026355
13 19 3 100 3546 2.019042826
21 12 3 100 81512 2.019059525
30 15 3 100 151814 2.019089276
4 10 3 100 71477 2.019154866
17 3 3 100 9619773 2.019164800
5 12 3 100 980594 2.019186628
6 28 3 100 583596 2.019193482
3 15 3 100 267896 2.019194088
3 2 3 100 4493590 2.019209219
25 16 3 100 47873 2.019209756
4 9 3 100 4550399 2.019221660
26 16 3 100 3826630 2.019228001
7 4 3 100 1973682 2.019238269
25 19 3 100 33463 2.019253710
3 15 3 100 56930 2.019260135
10 31 3 100 36100 2.019264918
7 15 3 100 20434 2.019277803
21 2 3 100 3223977 2.019291218
19 22 3 100 16951 2.019301201
29 11 3 100 31427 2.019307462
25 1 3 100 47869 2.019309556
3 19 3 100 62076 2.019330708
21 22 3 100 8159015 2.019332499
10 26 3 100 1230 2.019341363
15 29 3 100 24126 2.019355364
27 22 3 100 577090 2.019361549
21 16 3 100 116128 2.019364683
22 21 3 100 17849 2.019386752
9 17 3 100 1094377 2.019402695
27 14 3 100 139926 2.019428710
19 29 3 100 3847 2.019437554
12 31 3 100 29772 2.019483076
4 6 3 100 57093 2.019563875
2 23 3 100 7792 2.019580630
24 21 3 100 6989225 2.019593994
13 12 3 100 22234 2.019601568
24 27 3 100 41658 2.019604650
6 21 3 100 765727 2.019611763
4 12 3 100 1112087 2.019632413
19 10 3 100 3239 2.019634774
11 12 3 100 20300 2.019644859
0 21 3 100 76046 2.019662325
19 1 3 100 93931 2.019674574
29 6 3 100 13235 2.019680743
15 7 3 100 1732 2.019696243
4 11 3 100 4009604 2.019708517
19 10 3 100 49434 2.019764940
24 3 3 100 74092 2.019779187
0 3 3 100 20910 2.019785852
23 5 3 100 26350 2.019810563
26 25 3 100 5117 2.019813948
13 27 3 100 6018336 2.019814028
25 30 3 100 62506 2.019814273
27 23 3 100 44038 2.019822734
29 27 3 100 2640289 2.019838567
22 9 3 100 30041 2.019844944
6 26 3 100 54853 2.019866864
11 0 3 100 306123 2.019877134
24 19 3 100 47574 2.019909093
4 28 3 100 8053 2.019932812
16 10 3 100 33025 2.019936682
25 7 3 100 73229 2.019939555
28 13 3 100 2577114 2.019944985
25 4 3 100 33305 2.019956382
15 28 3 100 242158 2.019962982
22 29 3 100 1265558 2.020001988
7 1 3 100 597 2.020013165
31 29 3 100 5831293 2.020019366
6 11 3 100 17623 2.020020791
29 15 3 100 6664990 2.020033572
8 18 3 100 1247785 2.020042389
8 9 3 100 2905922 2.020076669
10 3 3 100 10311156 2.020083413
28 24 3 100 5085 2.020091725
8 27 3 100 5570607 2.020106171
22 19 3 100 7477383 2.020109105
30 3 3 100 716203 2.020110907
21 27 3 100 68261 2.020112518
26 31 3 100 44269 2.020116796
24 9 3 100 2145 2.020141261
12 14 3 100 130201 2.020182048
13 7 3 100 6494306 2.020207431
8 1 3 100 9067383 2.020209621
1 2 3 100 5516751 2.020218383
14 22 3 100 47600 2.020232323
5 16 3 100 2722397 2.020257947
9 18 3 100 42333 2.020281662
1 21 3 100 28053 2.020282079
26 12 3 100 8634851 2.020294055
19 11 3 100 7438 2.020363265
4 8 3 100 45704 2.020371542
12 27 3 100 99780 2.020417312
7 0 3 100 13774 2.020463190
9 25 3 100 3290375 2.020470898
16 23 3 100 4099719 2.020476318
4 5 3 100 17537 2.020481147
12 14 3 100 3912920 2.020495034
10 28 3 100 78466 2.020495071
12 9 3 100 1154401 2.020511262
30 6 3 100 9785239 2.020545033
7 14 3 100 45769 2.020554302
14 2 3 100 189 2.020568537
18 2 3 100 27203 2.020575140
1 27 3 100 3223828 2.020584648
13 31 3 100 72204 2.020592544
13 6 3 100 4351812 2.020597962
3 25 3 100 4691136 2.020604581
31 29 3 100 19670 2.020610977
31 16 3 100 4524205 2.020618475
4 28 3 100 30467 2.020623521
4 10 3 100 5928 2.020627407
19 12 3 100 22081 2.020629546
31 4 3 100 155 2.020675324
10 30 3 100 6501313 2.020701200
0 10 3 100 148918 2.020736177
18 28 3 100 5518463 2.020738119
5 1 3 100 3808 2.020738447
16 23 3 100 13959092 2.020753175
6 5 3 100 54682 2.020763350
10 0 3 100 33055 2.020774341
26 7 3 100 5955 2.020783629
31 3 3 100 157056 2.020790594
14 10 3 100 905343 2.020805751
25 0 3 100 16951 2.020812270
17 16 3 100 18822324 2.020828102
27 10 3 100 36352 2.020851998
26 8 3 100 65395 2.020868856
28 27 3 100 672188 2.020883183
26 24 3 100 7901 2.020904071
22 6 3 100 24774 2.020930284
25 23 3 100 4685920 2.020940420
11 19 3 100 42935 2.020944598
27 28 3 100 49415 2.020952215
23 5 3 100 7054 2.020953485
14 9 3 100 29795 2.020961492
25 15 3 100 55712 2.020994436
27 5 3 100 3908 2.021000716
28 25 3 100 27712 2.021003608
2 6 3 100 105292 2.021006292
17 20 3 100 11141 2.021029593
29 7 3 100 1614486 2.021035847
13 28 3 100 36720 2.021060900
9 25 3 100 44578 2.021074562
30 29 3 100 54865 2.021089529
28 27 3 100 67810 2.021095786
21 6 3 100 68827 2.021098607
4 10 3 100 400639 2.021132541
2 0 3 100 6183 2.021151905
17 26 3 100 166922 2.021203644
23 17 3 100 5880301 2.021235921
3 21 3 100 28932 2.021238866
16 24 3 100 886693 2.021244842
11 5 3 100 147 2.021251193
0 5 3 100 44661 2.021281307
27 26 3 100 18127672 2.021283166
15 24 3 100 4028655 2.021285673
2 16 3 100 8603 2.021288272
26 2 3 100 1920692 2.021304323
25 15 3 100 74849 2.021322883
17 8 3 100 28245 2.021343511
16 19 3 100 4891 2.021400314
27 17 3 100 66139 2.021431458
9 3 3 100 2038046 2.021435225
22 21 3 100 32453 2.021441897
3 24 3 100 1241819 2.021453640
25 19 3 100 28403 2.021492517
10 17 3 100 7989 2.021499610
5 14 3 100 2156846 2.021531951
16 12 3 100 916274 2.021558423
2 27 3 100 34283 2.021570503
1 20 3 100 10415 2.021591060
3 5 3 100 45398 2.021635944
15 2 3 100 603155 2.021636337
3 31 3 100 182489 2.021664564
7 17 3 100 1714220 2.021664930
2 29 3 100 3281143 2.021677349
28 22 3 100 4981164 2.021681566
4 27 3 100 10071 2.021696322
7 20 3 100 6909 2.021699946
2 0 3 100 148244 2.021779516
31 21 3 100 125045 2.021802285
16 10 3 100 2606403 2.021805303
31 26 3 100 13260 2.021805434
11 12 3 100 4087053 2.021805935
18 7 3 100 3295645 2.021823850
30 12 3 100 103059 2.021832826
14 23 3 100 76702 2.021837386
24 28 3 100 36632 2.021841623
12 20 3 100 50212 2.021847659
16 11 3 100 14119 2.021884516
22 11 3 100 24500 2.021902130
9 30 3 100 6395 2.021905618
6 25 3 100 37982 2.021918581
15 13 3 100 6252 2.021927926
4 19 3 100 30601 2.021951106
14 10 3 100 222882 2.021955454
28 22 3 100 131194 2.021994748
20 29 3 100 48230 2.022019429
8 13 3 100 8969 2.022026859
10 18 3 100 523 2.022042731
12 16 3 100 48463 2.022044920
16 19 3 100 5286435 2.022054846
20 11 3 100 151233 2.022058837
3 19 3 100 1056931 2.022095536
25 27 3 100 9170113 2.022115214
30 20 3 100 801411 2.022124088
13 17 3 100 4121423 2.022130636
1 2 3 100 8022 2.022168639
14 11 3 100 4516 2.022186656
8 31 3 100 251534 2.022205996
11 1 3 100 16603 2.022215967
11 18 3 100 1159782 2.022235381
10 0 3 100 20264 2.022239353
1 0 3 100 6447 2.022273717
7 13 3 100 12616 2.022314232
27 16 3 100 36839 2.022333158
8 21 3 100 1061 2.022353355
30 17 3 100 23322620 2.022379938
0 31 3 100 47913 2.022390343
5 1 3 100 5276507 2.022397272
24 16 3 100 5265 2.022407744
27 4 3 100 8138 2.022413193
4 0 3 100 2422510 2.022434359
7 4 3 100 9946273 2.022441615
19 17 3 100 4916341 2.022457029
9 22 3 100 2901851 2.022461435
10 12 3 100 173552 2.022469653
16 6 3 100 29174 2.022474160
19 15 3 100 40173 2.022511072
31 0 3 100 2372 2.022520391
3 22 3 100 78354 2.022543661
15 2 3 100 29955 2.022554756
11 5 3 100 5255 2.022570700
23 11 3 100 25289 2.022573955
5 4 3 100 4427590 2.022574631
21 9 3 100 6571833 2.022599251
12 13 3 100 42059 2.022639824
26 17 3 100 949405 2.022641855
2 30 3 100 75462 2.022645127
7 23 3 100 8126 2.022657736
26 23 3 100 29217 2.022708546
30 22 3 100 210240 2.022710236
1 12 3 100 31863 2.022730825
30 13 3 100 66673 2.022750474
1 6 3 100 4299616 2.022751042
1 14 3 100 23304 2.022756827
15 19 3 100 132714 2.022767016
19 6 3 100 597 2.022786044
17 18 3 100 382191 2.022877204
27 3 3 100 35956 2.022878136
25 6 3 100 603966 2.022924845
15 31 3 100 7861367 2.022927363
21 25 3 100 3499151 2.022940962
2 15 3 100 20521 2.022943227
22 21 3 100 483910 2.022962281
13 17 3 100 7821 2.022967887
27 17 3 100 215905 2.022969012
9 17 3 100 9307562 2.022970885
13 19 3 100 108265 2.022985328
26 27 3 100 3885492 2.023005757
22 1 3 100 53980 2.023023264
4 25 3 100 1384157 2.023043415
9 4 3 100 400253 2.023065621
14 2 3 100 29086 2.023069008
26 17 3 100 48351 2.023070976
20 22 3 100 22743 2.023082344
2 8 3 100 770206 2.023085727
22 28 3 100 22138 2.023100257
31 5 3 100 4538574 2.023137387
30 5 3 100 10185 2.023138546
7 1 3 100 1629129 2.023142956
13 17 3 100 1813658 2.023151906
29 8 3 100 34184 2.023161137
18 16 3 100 606690 2.023171583
4 16 3 100 28796 2.023173736
21 28 3 100 1926976 2.023183029
1 13 3 100 226669 2.023193649
4 29 3 100 6027 2.023205607
28 9 3 100 121464 2.023243953
15 26 3 100 1198403 2.023253866
27 26 3 100 9939818 2.023264562
23 20 3 100 116645 2.023281980
24 22 3 100 44827 2.023328176
7 0 3 100 49989 2.023348480
28 0 3 100 131994 2.023359183
7 26 3 100 2843263 2.023361722
12 4 3 100 3697403 2.023406935
18 11 3 100 5379 2.023408194
17 22 3 100 4105790 2.023420394
22 12 3 100 66689 2.023423256
15 1 3 100 29622 2.023429983
28 23 3 100 3002707 2.023437986
8 5 3 100 23027 2.023439943
1 21 3 100 27389975 2.023441839
26 17 3 100 21215 2.023465592
2 15 3 100 34247 2.023467087
9 31 3 100 392356 2.023472453
18 20 3 100 5083 2.023474361
13 25 3 100 28327 2.023506049
18 21 3 100 64908 2.023520513
13 19 3 100 56169 2.023532398
15 26 3 100 48494 2.023552637
26 10 3 100 1384002 2.023560745
29 0 3 100 3733601 2.023603781
30 12 3 100 3115632 2.023608536
2 22 3 100 29394 2.023616553
26 19 3 100 1950735 2.023621128
31 1 3 100 20816 2.023631665
23 15 3 100 58356 2.023657344
17 9 3 100 807312 2.023665428
16 8 3 100 59494 2.023672954
1 25 3 100 1326698 2.023703001
11 27 3 100 215714 2.023703498
8 14 3 100 45395 2.023729978
1 5 3 100 164848 2.023750102
9 7 3 100 737637 2.023757833
31 8 3 100 60256 2.023774097
19 1 3 100 1158499 2.023777719
29 6 3 100 781 2.023807344
30 15 3 100 4216814 2.023809613
3 24 3 100 143422 2.023836331
11 25 3 100 147998 2.023842798
26 29 3 100 76881 2.023850728
23 18 3 100 43311 2.023861495
14 19 3 100 988 2.023865376
4 16 3 100 25716 2.023877080
13 30 3 100 193311 2.023914084
6 27 3 100 19658 2.023917475
26 5 3 100 27459 2.023922691
0 27 3 100 431885 2.023924114
17 10 3 100 14193 2.023932921
9 19 3 100 5920520 2.023936519
6 23 3 100 79908 2.023947086
20 30 3 100 7741246 2.023950697
20 26 3 100 65653 2.023951686
20 7 3 100 524813 2.023975578
24 21 3 100 4666915 2.023999648
3 19 3 100 4099846 2.024002743
7 19 3 100 1231000 2.024041193
0 17 3 100 38265 2.024065535
29 3 3 100 1182065 2.024069455
12 0 3 100 28823 2.024071551
11 17 3 100 3894 2.024074260
12 29 3 100 4396 2.024077997
15 30 3 100 27728 2.024099623
0 27 3 100 1498575 2.024105152
1 29 3 100 7782 2.024132204
8 0 3 100 1698605 2.024150381
23 3 3 100 203098 2.024190228
28 21 3 100 46028 2.024221369
6 7 3 100 4318 2.024233585
13 24 3 100 18133 2.024243734
27 21 3 100 12173 2.024267744
22 2 3 100 1394307 2.024270083
21 5 3 100 8214 2.024293055
4 2 3 100 1892 2.024314814
18 31 3 100 7878 2.024332305
13 23 3 100 8879571 2.024362849
12 10 3 100 25950 2.024378201
11 13 3 100 3127788 2.024382037
2 25 3 100 2387060 2.024398190
24 0 3 100 7013 2.024400360
16 4 3 100 27152 2.024429029
8 21 3 100 3301 2.024462351
29 0 3 100 61759 2.024487138
28 4 3 100 35669 2.024500613
26 4 3 100 29327 2.024575948
1 9 3 100 1970231 2.024598133
11 19 3 100 59268 2.024599584
6 29 3 100 2815830 2.024608942
1 23 3 100 2096041 2.024611280
23 31 3 100 33402 2.024662521
3 19 3 100 20690 2.024680938
7 1 3 100 19318 2.024704139
5 1 3 100 2081872 2.024724043
10 18 3 100 24215 2.024724569
30 25 3 100 62133 2.024725460
30 12 3 100 529347 2.024736295
12 13 3 100 42231 2.024739824
30 27 3 100 26876 2.024751881
25 23 3 100 27599 2.024772286
7 0 3 100 675728 2.024781965
22 21 3 100 143301 2.024791119
11 22 3 100 6912110 2.024823206
8 7 3 100 79418 2.024830864
7 19 3 100 790231 2.024839185
11 1 3 100 22644 2.024857675
7 31 3 100 869914 2.024871301
23 13 3 100 5895 2.024876410
3 9 3 100 8073124 2.024912015
17 30 3 100 37975 2.024952323
11 2 3 100 10627 2.024953137
20 1 3 100 2792636 2.024956566
14 15 3 100 22349866 2.024973236
18 20 3 100 8733 2.025018503
6 22 3 100 5708 2.025024380
9 8 3 100 507577 2.025031687
21 20 3 100 53305 2.025040227
6 28 3 100 38976 2.025041580
22 11 3 100 5301 2.025052473
31 1 3 100 25028 2.025067914
31 17 3 100 5102645 2.025103011
15 10 3 100 224742 2.025106663
10 6 3 100 2694203 2.025123850
18 14 3 100 740042 2.025126170
18 4 3 100 78207 2.025128645
1 20 3 100 33898 2.025156021
0 2 3 100 42401 2.025180037
19 29 3 100 15297 2.025196336
24 4 3 100 1319291 2.025222198
18 17 3 100 69382 2.025253600
26 9 3 100 38355 2.025278261
24 21 3 100 6453981 2.025293593
2 28 3 100 22048 2.025309967
12 29 3 100 164348 2.025323439
14 2 3 100 1609183 2.025325775
24 11 3 100 5090242 2.025331728
8 31 3 100 174404 2.025353887
10 7 3 100 177115 2.025357234
7 11 3 100 446462 2.025367659
21 7 3 100 22222 2.025368361
22 20 3 100 24469 2.025375083
27 17 3 100 3612 2.025387728
16 6 3 100 9075429 2.025402431
22 3 3 100 2537156 2.025414572
23 28 3 100 76975 2.025415908
28 20 3 100 4172 2.025431138
7 19 3 100 79955 2.025439733
0 5 3 100 613813 2.025449500
24 11 3 100 1430394 2.025468335
27 20 3 100 20913 2.025484839
3 21 3 100 7786804 2.025516225
9 8 3 100 1029882 2.025516371
16 1 3 100 164951 2.025520201
7 21 3 100 78370 2.025522976
6 27 3 100 5935535 2.025562129
26 30 3 100 99600 2.025576140
3 19 3 100 29565 2.025586713
1 29 3 100 8760 2.025601481
24 28 3 100 909901 2.025609296
4 25 3 100 958010 2.025684016
11 31 3 100 1401470 2.025688040
7 29 3 100 4362 2.025693726
0 7 3 100 42042 2.025720306
8 10 3 100 1171242 2.025783020
9 3 3 100 368765 2.025791032
21 13 3 100 804119 2.025806750
14 8 3 100 25457 2.025819269
27 26 3 100 37110 2.025825642
29 10 3 100 6808 2.025843627
4 1 3 100 5199 2.025848926
22 5 3 100 4261873 2.025876616
8 5 3 100 23766 2.025887111
10 9 3 100 2563 2.025901783
14 18 3 100 1187829 2.025905979
5 9 3 100 71629 2.025909954
4 25 3 100 29055 2.025930220
16 0 3 100 27260 2.025936087
4 28 3 100 32984 2.025946009
0 20 3 100 3268 2.025957077
31 2 3 100 7360391 2.025958997
17 10 3 100 29487 2.025959582
4 24 3 100 9937978 2.025985671
29 28 3 100 15538 2.026007135
16 4 3 100 28145 2.026012098
11 30 3 100 2166589 2.026052365
8 1 3 100 72911 2.026064953
21 12 3 100 1644111 2.026079574
14 9 3 100 69776 2.026084440
12 1 3 100 75448 2.026085724
29 2 3 100 963468 2.026085913
3 18 3 100 14759 2.026097212
28 4 3 100 23966 2.026100399
30 4 3 100 59674 2.026108353
17 29 3 100 3760 2.026128649
22 12 3 100 57866 2.026153122
3 10 3 100 65089 2.026156281
10 23 3 100 61585 2.026170760
9 15 3 100 66014 2.026178129
5 26 3 100 335 2.026182770
25 12 3 100 10736 2.026202495
13 25 3 100 157644 2.026219372
19 5 3 100 42046 2.026228873
3 25 3 100 61020 2.026230155
25 23 3 100 615574 2.026230417
25 9 3 100 2275249 2.026265186
19 25 3 100 61142 2.026275966
2 15 3 100 62262 2.026279896
3 1 3 100 11370617 2.026280764
7 24 3 100 1524616 2.026303199
15 25 3 100 6434088 2.026318179
26 20 3 100 177211 2.026322848
30 26 3 100 22506994 2.026325153
3 18 3 100 900018 2.026327442
21 19 3 100 192212 2.026416537
15 3 3 100 4241 2.026417178
10 28 3 100 33882 2.026482995
5 2 3 100 38046 2.026523244
21 12 3 100 5111056 2.026525017
17 16 3 100 184235 2.026535615
6 7 3 100 52396 2.026553884
26 20 3 100 27165 2.026587047
9 15 3 100 38922 2.026600897
21 13 3 100 3073 2.026608130
12 31 3 100 203677 2.026619362
14 5 3 100 3646794 2.026643922
0 4 3 100 151526 2.026670652
3 29 3 100 7720066 2.026689736
22 27 3 100 78671 2.026693443
29 11 3 100 57767 2.026704163
30 26 3 100 2604593 2.026719800
23 28 3 100 591028 2.026730815
17 7 3 100 26491188 2.026757569
24 27 3 100 3136 2.026758340
21 22 3 100 11994 2.026762686
16 2 3 100 62702 2.026812533
21 1 3 100 49434 2.026858111
25 4 3 100 4830 2.026861655
23 12 3 100 171013 2.026883978
8 16 3 100 24768 2.026908869
13 20 3 100 2333 2.026928656
15 29 3 100 307481 2.026940012
31 1 3 100 12671 2.026971677
8 20 3 100 715795 2.026981175
9 5 3 100 5578 2.027006889
1 0 3 100 6221 2.027017434
13 18 3 100 28884 2.027025061
30 11 3 100 816507 2.027026901
21 4 3 100 20321 2.027045101
20 22 3 100 1415 2.027051609
10 23 3 100 74587 2.027060406
8 21 3 100 48912 2.027087316
10 29 3 100 55486 2.027100922
3 28 3 100 1266944 2.027115252
14 25 3 100 9380 2.027134148
2 19 3 100 2315012 2.027154138
14 26 3 100 67994 2.027159522
10 26 3 100 78707 2.027169873
12 20 3 100 140476 2.027172297
7 13 3 100 548648 2.027175914
18 22 3 100 96372 2.027181782
22 0 3 100 20959 2.027206849
21 17 3 100 64887 2.027213356
26 14 3 100 24809 2.027221110
26 4 3 100 43141 2.027228737
0 23 3 100 9547 2.027230035
0 7 3 100 7522 2.027234145
28 8 3 100 1681 2.027234177
25 27 3 100 73089 2.027242551
21 0 3 100 1644113 2.027278384
0 31 3 100 41878 2.027328580
8 17 3 100 22920958 2.027350233
12 16 3 100 4876050 2.027385497
14 25 3 100 9377 2.027388545
10 24 3 100 25740 2.027429307
31 25 3 100 1579959 2.027437454
17 23 3 100 68592 2.027462804
15 4 3 100 8783516 2.027466311
2 24 3 100 30743 2.027516589
10 26 3 100 42001 2.027520782
23 4 3 100 18294 2.027525070
6 0 3 100 150193 2.027531627
19 6 3 100 3248576 2.027544432
4 25 3 100 25304 2.027568401
11 25 3 100 5698679 2.027575313
1 16 3 100 52823 2.027596453
27 26 3 100 1510108 2.027600958
4 20 3 100 288836 2.027609058
9 16 3 100 44328 2.027620188
7 20 3 100 79899 2.027621197
10 6 3 100 62744 2.027630691
29 19 3 100 9659 2.027633981
31 25 3 100 20375 2.027639281
23 20 3 100 18976 2.027655138
20 0 3 100 3107361 2.027692370
12 25 3 100 20615 2.027731569
30 4 3 100 72258 2.027741374
21 6 3 100 69109 2.027741615
30 2 3 100 2812012 2.027831559
24 1 3 100 828426 2.027832565
26 4 3 100 1287604 2.027832885
22 20 3 100 1019625 2.027838054
7 9 3 100 5447 2.027867891
30 8 3 100 32953 2.027870277
7 24 3 100 46634 2.027924082
27 24 3 100 7727 2.027959907
2 26 3 100 7075001 2.027960816
2 17 3 100 12852067 2.027977842
1 6 3 100 1117903 2.027982514
31 27 3 100 1966119 2.027983520
13 2 3 100 27077111 2.027993397
1 23 3 100 21088 2.027996332
26 5 3 100 16953 2.028010285
3 26 3 100 5496544 2.028022337
12 23 3 100 7588962 2.028041054
7 9 3 100 1382928 2.028053464
6 31 3 100 49887 2.028103093
23 10 3 100 11330 2.028108724
30 15 3 100 60559 2.028129137
14 4 3 100 441132 2.028142637
16 9 3 100 7030013 2.028143304
11 4 3 100 917357 2.028146824
13 22 3 100 4024 2.028162122
10 17 3 100 20547 2.028202519
2 0 3 100 1781427 2.028227286
16 19 3 100 49580 2.028237678
21 22 3 100 5994160 2.028241331
1 8 3 100 4655955 2.028243736
16 30 3 100 7669 2.028262542
3 5 3 100 74192 2.028278382
29 9 3 100 594899 2.028306434
6 31 3 100 2933795 2.028315034
26 21 3 100 3136551 2.028354017
12 21 3 100 440 2.028355596
22 29 3 100 59595 2.028400821
17 27 3 100 3590817 2.028478354
24 14 3 100 7714486 2.028496182
7 19 3 100 53070 2.028518414
23 16 3 100 2717 2.028524653
0 24 3 100 21979 2.028540736
11 17 3 100 20444 2.028544789
28 25 3 100 1247 2.028557867
6 19 3 100 1954159 2.028581310
12 8 3 100 6011185 2.028592790
19 23 3 100 1021149 2.028620729
19 22 3 100 597791 2.028646222
0 5 3 100 36117 2.028676839
7 29 3 100 139117 2.028703504
23 11 3 100 485402 2.028711530
28 19 3 100 24772 2.028749135
12 13 3 100 4161119 2.028776954
6 31 3 100 25883 2.028799354
3 9 3 100 964 2.028808679
15 24 3 100 73739 2.028821524
5 23 3 100 1548951 2.028842094
26 11 3 100 6973517 2.028849358
3 29 3 100 8224755 2.028855068
8 31 3 100 5428306 2.028875048
5 18 3 100 1150 2.028878650
29 6 3 100 25636 2.028881191
14 19 3 100 73891 2.028992954
28 26 3 100 36494 2.028994830
2 30 3 100 1522024 2.029000915
21 18 3 100 11866 2.029006378
19 11 3 100 3226 2.029033183
9 16 3 100 39618 2.029090416
0 20 3 100 70094 2.029159219
31 18 3 100 1719052 2.029215607
1 10 3 100 45463 2.029250460
11 21 3 100 308728 2.029257436
23 5 3 100 124432 2.029287757
18 9 3 100 46078 2.029290109
21 5 3 100 969814 2.029326274
15 8 3 100 179109 2.029337986
8 26 3 100 34244 2.029371758
28 22 3 100 24211 2.029381965
9 5 3 100 13288 2.029405259
10 27 3 100 1148709 2.029409248
3 28 3 100 1572586 2.029464651
22 3 3 100 1349613 2.029484713
11 8 3 100 3455864 2.029508028
24 27 3 100 4620963 2.029556008
3 23 3 100 6482 2.029557603
19 9 3 100 610369 2.029586924
18 7 3 100 41094 2.029617127
19 14 3 100 2977349 2.029617259
12 10 3 100 1160418 2.029642675
15 17 3 100 19295097 2.029685815
19 13 3 100 544729 2.029710572
3 12 3 100 9226 2.029732642
3 11 3 100 8673 2.029737172
2 15 3 100 52767 2.029756781
4 1 3 100 3166 2.029793620
18 15 3 100 27812286 2.029817162
21 22 3 100 72143 2.029829059
21 9 3 100 4050069 2.029878219
