1116 
18 9 3 100 21825 2.000006793
12 4 3 100 61846 2.000012674
30 27 3 100 13940864 2.000013577
6 8 3 100 196944 2.000014294
0 14 3 100 17504150 2.000021802
3 22 3 100 3638 2.000024711
11 8 3 100 9921 2.000040399
25 0 3 100 349421 2.000042153
27 31 3 100 4202 2.000042944
8 27 3 100 36421 2.000046026
9 14 3 100 4089144 2.000046846
15 3 3 100 9101 2.000053842
2 28 3 100 3630 2.000066540
10 17 3 100 9463684 2.000068649
2 27 3 100 26392 2.000070121
5 17 3 100 105197 2.000074664
6 0 3 100 7014089 2.000075653
19 11 3 100 4989618 2.000075804
21 1 3 100 23945 2.000081343
25 15 3 100 2073339 2.000081838
27 26 3 100 25696 2.000092369
30 14 3 100 11421 2.000093812
16 22 3 100 27211 2.000101197
13 2 3 100 172478 2.000105090
23 14 3 100 66073 2.000105875
3 10 3 100 18801 2.000106121
28 24 3 100 4081757 2.000114808
0 29 3 100 5981 2.000116432
0 29 3 100 71798 2.000117992
4 21 3 100 16953 2.000124978
27 25 3 100 20582 2.000125531
21 10 3 100 13347485 2.000129078
3 15 3 100 26106 2.000129862
30 2 3 100 20354 2.000134415
24 2 3 100 1379654 2.000135220
24 30 3 100 43051 2.000136033
11 8 3 100 626318 2.000139713
30 26 3 100 100430 2.000140229
3 16 3 100 23906339 2.000147294
29 12 3 100 3286 2.000147415
30 0 3 100 3279176 2.000161588
23 6 3 100 66901 2.000169243
30 15 3 100 8485 2.000170559
18 17 3 100 1349860 2.000172063
24 23 3 100 2762285 2.000175838
19 31 3 100 2484428 2.000178440
19 13 3 100 60287 2.000183905
30 25 3 100 6504 2.000193175
6 16 3 100 119396 2.000194199
16 0 3 100 1395033 2.000196072
11 14 3 100 10278 2.000196208
1 24 3 100 6213 2.000203425
12 27 3 100 56452 2.000214506
11 3 3 100 41085 2.000216236
24 18 3 100 39051 2.000230004
5 8 3 100 67926 2.000233187
27 16 3 100 20095 2.000251550
10 16 3 100 6043320 2.000251551
27 20 3 100 3863537 2.000256195
4 22 3 100 10001 2.000259784
28 16 3 100 682 2.000260631
2 15 3 100 1002897 2.000273033
14 26 3 100 3508 2.000273550
22 3 3 100 16450 2.000275515
14 12 3 100 8710313 2.000284884
25 21 3 100 24695 2.000293624
20 27 3 100 222829 2.000296019
22 18 3 100 11022 2.000309385
17 4 3 100 67172 2.000310307
0 27 3 100 8784 2.000314766
1 0 3 100 77304 2.000315975
4 26 3 100 1154547 2.000316671
29 4 3 100 3765 2.000319582
16 13 3 100 562807 2.000321813
0 30 3 100 228956 2.000322185
13 10 3 100 9376 2.000326961
23 14 3 100 117836 2.000339843
16 27 3 100 72133 2.000350245
27 18 3 100 61684 2.000353675
19 2 3 100 45163 2.000359416
0 25 3 100 63026 2.000366763
24 31 3 100 835824 2.000367113
25 2 3 100 216925 2.000370617
31 4 3 100 30708 2.000371707
21 13 3 100 146182 2.000376095
29 23 3 100 78188 2.000378405
20 14 3 100 2704 2.000381057
27 16 3 100 25661 2.000391607
24 12 3 100 20516 2.000395744
24 28 3 100 2401 2.000398168
4 28 3 100 7115920 2.000398695
1 23 3 100 430267 2.000399862
27 9 3 100 599491 2.000404970
29 3 3 100 14971 2.000409602
23 10 3 100 47578 2.000410166
3 7 3 100 1747273 2.000416957
0 24 3 100 8039 2.000419544
1 14 3 100 1665632 2.000421708
19 1 3 100 52888 2.000430693
18 31 3 100 53703 2.000432417
14 8 3 100 332519 2.000435710
7 20 3 100 6739368 2.000438767
24 21 3 100 3829 2.000439496
2 27 3 100 179318 2.000445602
21 1 3 100 3993599 2.000449239
8 10 3 100 22365 2.000452338
1 22 3 100 4679 2.000452794
12 17 3 100 405414 2.000456520
9 31 3 100 2675 2.000458628
26 0 3 100 4037 2.000459964
1 30 3 100 129437 2.000472978
22 26 3 100 382862 2.000478678
10 17 3 100 26846424 2.000484735
16 20 3 100 40102 2.000485524
25 3 3 100 712711 2.000485863
21 23 3 100 1723850 2.000489555
31 27 3 100 16336 2.000489903
6 19 3 100 712789 2.000490270
20 19 3 100 759976 2.000491072
8 21 3 100 5022070 2.000496770
18 24 3 100 820865 2.000500790
6 15 3 100 1775744 2.000506191
16 4 3 100 186176 2.000509104
11 10 3 100 137271 2.000509918
25 29 3 100 18640 2.000515006
23 13 3 100 674 2.000519192
25 12 3 100 78040 2.000524219
4 14 3 100 3234851 2.000531074
2 26 3 100 24815517 2.000532918
10 7 3 100 513 2.000539610
25 11 3 100 1188628 2.000555386
30 27 3 100 24663 2.000563046
30 17 3 100 1655747 2.000567529
20 22 3 100 60865 2.000568306
24 13 3 100 543985 2.000573984
25 2 3 100 35564 2.000578963
19 25 3 100 9795 2.000582569
4 26 3 100 27683 2.000582948
7 30 3 100 6852088 2.000585041
0 20 3 100 315096 2.000585473
14 10 3 100 29711 2.000588166
18 23 3 100 55146 2.000590118
9 5 3 100 1461708 2.000592878
26 21 3 100 3872904 2.000594142
19 1 3 100 2540497 2.000598120
24 15 3 100 722318 2.000615712
8 30 3 100 52890 2.000615969
7 5 3 100 5808 2.000616609
4 8 3 100 1079681 2.000620926
29 27 3 100 39976 2.000631174
13 21 3 100 7340 2.000637752
12 20 3 100 3719 2.000651805
30 21 3 100 26523 2.000657074
1 30 3 100 4250 2.000659946
0 2 3 100 1719223 2.000663359
8 27 3 100 71491 2.000665442
31 3 3 100 26744 2.000671585
13 1 3 100 66530 2.000674585
27 6 3 100 73658 2.000677133
19 12 3 100 43900 2.000677279
4 1 3 100 124830 2.000678122
4 14 3 100 6542 2.000680743
12 24 3 100 32554 2.000690891
5 20 3 100 4379468 2.000691548
30 17 3 100 69745 2.000697412
14 17 3 100 25127895 2.000702754
7 1 3 100 53218 2.000703111
23 10 3 100 9016244 2.000713971
25 23 3 100 1834555 2.000726535
9 11 3 100 28809 2.000729441
3 26 3 100 22892 2.000733243
26 31 3 100 762235 2.000738026
15 27 3 100 60911 2.000742106
24 12 3 100 6606551 2.000743025
31 12 3 100 27725 2.000757650
16 17 3 100 48805 2.000759237
24 8 3 100 8492638 2.000765583
9 1 3 100 1271915 2.000787325
7 14 3 100 3044168 2.000791070
31 1 3 100 7438 2.000809094
3 1 3 100 47318 2.000819641
6 27 3 100 772329 2.000822609
20 17 3 100 77677 2.000830325
21 25 3 100 26049756 2.000833167
0 31 3 100 1105569 2.000833582
1 0 3 100 1490234 2.000834241
16 5 3 100 2969 2.000835456
13 10 3 100 1481952 2.000843615
5 10 3 100 5935716 2.000857720
17 10 3 100 68712 2.000860577
16 22 3 100 119020 2.000861692
28 12 3 100 4477890 2.000868567
2 18 3 100 9429 2.000873455
1 17 3 100 3930523 2.000877993
4 20 3 100 310252 2.000878366
23 0 3 100 47998 2.000882933
21 18 3 100 65687 2.000898569
6 25 3 100 141293 2.000899700
18 10 3 100 28150105 2.000905289
4 11 3 100 941753 2.000905777
4 24 3 100 591660 2.000925006
31 26 3 100 5089 2.000932538
14 2 3 100 4916 2.000932602
25 11 3 100 24628 2.000942408
16 12 3 100 463394 2.000947775
0 1 3 100 109924 2.000951010
31 10 3 100 23921 2.000955107
20 7 3 100 145971 2.000955642
22 28 3 100 5716144 2.000960326
17 1 3 100 80444 2.000960391
18 15 3 100 10795897 2.000962061
7 14 3 100 13017747 2.000963848
4 9 3 100 127328 2.000967328
16 29 3 100 25484 2.000976341
25 19 3 100 3089403 2.000981339
27 23 3 100 1419208 2.000989444
10 6 3 100 31074 2.000990930
22 14 3 100 2954 2.000991635
0 3 3 100 22215 2.000993904
24 0 3 100 26891 2.000994719
8 17 3 100 14919 2.000995636
11 20 3 100 73688 2.000999179
25 15 3 100 17511 2.001002514
8 1 3 100 33482 2.001004346
27 31 3 100 61755 2.001005763
3 16 3 100 25916 2.001008057
3 11 3 100 46426 2.001008425
0 7 3 100 486053 2.001013789
14 13 3 100 9541 2.001018115
17 7 3 100 135454 2.001022666
8 10 3 100 721199 2.001025898
1 25 3 100 416147 2.001046697
24 22 3 100 4160612 2.001050806
24 25 3 100 2611785 2.001056130
12 17 3 100 2880513 2.001059796
31 1 3 100 8214437 2.001061336
31 6 3 100 70501 2.001063235
30 15 3 100 3992590 2.001069291
6 25 3 100 28000 2.001070420
12 27 3 100 29195 2.001070646
29 17 3 100 140453 2.001077947
24 19 3 100 29179 2.001083119
1 27 3 100 4161998 2.001087775
11 17 3 100 72026 2.001088471
14 24 3 100 7467240 2.001092457
3 29 3 100 19988 2.001093480
29 22 3 100 96543 2.001095580
10 26 3 100 835084 2.001096843
11 25 3 100 72720 2.001097332
4 23 3 100 74306 2.001100169
24 15 3 100 6021 2.001102622
26 21 3 100 2836661 2.001112984
21 1 3 100 4707649 2.001121416
3 5 3 100 383441 2.001127994
5 19 3 100 39329 2.001132037
22 1 3 100 199773 2.001139113
23 13 3 100 3227 2.001142788
1 15 3 100 184326 2.001143238
26 27 3 100 419245 2.001151844
13 3 3 100 4801 2.001155504
3 15 3 100 32517 2.001170598
6 8 3 100 27026 2.001173654
13 31 3 100 1362902 2.001180098
12 7 3 100 59335 2.001185557
1 22 3 100 57918 2.001185957
4 31 3 100 24267 2.001193807
3 0 3 100 5432957 2.001204106
21 8 3 100 109625 2.001205672
24 22 3 100 27564742 2.001207402
13 3 3 100 23104338 2.001215469
1 19 3 100 15161 2.001219513
28 30 3 100 1232207 2.001220488
21 14 3 100 4938181 2.001223259
17 11 3 100 938412 2.001226637
20 28 3 100 52889 2.001231244
12 1 3 100 1695467 2.001233119
19 15 3 100 1223377 2.001247533
27 4 3 100 1886681 2.001261498
10 13 3 100 5003885 2.001262254
17 11 3 100 2779201 2.001268144
30 18 3 100 1532396 2.001275289
13 2 3 100 3608974 2.001278076
11 16 3 100 159215 2.001287362
7 28 3 100 1452086 2.001289623
21 6 3 100 3950313 2.001292466
7 10 3 100 7390 2.001294479
30 31 3 100 18328 2.001301162
10 31 3 100 68529 2.001303621
20 28 3 100 1948574 2.001306544
2 31 3 100 26961 2.001307381
0 11 3 100 4878373 2.001311673
13 11 3 100 16614 2.001314668
23 1 3 100 13668 2.001315187
5 16 3 100 2892726 2.001318948
10 3 3 100 4264621 2.001326319
29 10 3 100 551304 2.001326449
16 5 3 100 2331 2.001327806
10 7 3 100 7794 2.001329020
5 2 3 100 24168 2.001334297
11 9 3 100 59034 2.001334941
24 1 3 100 44099 2.001341567
10 0 3 100 62740 2.001347116
13 17 3 100 7203 2.001353363
6 1 3 100 603127 2.001356799
15 12 3 100 24858 2.001360793
21 25 3 100 810188 2.001364368
31 23 3 100 702530 2.001367005
9 5 3 100 39954 2.001367650
9 22 3 100 34687 2.001374630
8 30 3 100 5678153 2.001386621
20 3 3 100 51664 2.001390649
13 14 3 100 519050 2.001391148
0 15 3 100 191353 2.001394318
18 8 3 100 3028405 2.001404188
2 6 3 100 558786 2.001404813
25 27 3 100 14327 2.001407430
11 1 3 100 33899 2.001410846
26 21 3 100 52479 2.001419793
28 14 3 100 4871617 2.001421508
6 3 3 100 10557 2.001433259
24 4 3 100 142656 2.001433600
22 11 3 100 650940 2.001434990
15 1 3 100 2864071 2.001448907
30 23 3 100 838077 2.001458233
2 5 3 100 695348 2.001460292
18 10 3 100 4656173 2.001460331
7 13 3 100 75273 2.001464644
12 26 3 100 519923 2.001465459
7 8 3 100 140817 2.001466065
17 26 3 100 21312 2.001473172
8 20 3 100 491258 2.001474123
21 3 3 100 4127141 2.001474833
2 3 3 100 47916 2.001477830
4 29 3 100 42812 2.001483597
3 19 3 100 21069 2.001486128
15 14 3 100 163254 2.001486345
20 26 3 100 18062 2.001487178
15 29 3 100 26464 2.001491611
30 23 3 100 9095 2.001492470
26 19 3 100 905678 2.001493867
4 19 3 100 1919168 2.001495751
15 6 3 100 4687 2.001498460
11 27 3 100 655214 2.001501889
1 6 3 100 40538 2.001505323
29 7 3 100 10062941 2.001506512
27 4 3 100 4750330 2.001509404
6 22 3 100 1476259 2.001511350
30 20 3 100 1871545 2.001517661
15 19 3 100 2987929 2.001518787
15 22 3 100 5464 2.001524803
2 28 3 100 4598 2.001526051
19 2 3 100 27965 2.001527974
25 23 3 100 79342 2.001538109
5 22 3 100 1887196 2.001545261
30 23 3 100 1944657 2.001550178
0 28 3 100 38911 2.001551911
25 24 3 100 63074 2.001556645
17 13 3 100 1635 2.001559237
14 21 3 100 42823 2.001564543
18 26 3 100 9958 2.001566369
19 29 3 100 4182700 2.001570739
8 17 3 100 18328 2.001577431
9 20 3 100 78291 2.001579971
25 9 3 100 28517 2.001581800
13 8 3 100 50811 2.001583629
31 27 3 100 15460 2.001587039
30 28 3 100 1750677 2.001595876
31 27 3 100 1752290 2.001597231
8 28 3 100 3327 2.001599272
10 0 3 100 233532 2.001599817
12 5 3 100 20113 2.001600272
5 9 3 100 6164 2.001603687
8 25 3 100 23245 2.001603908
24 16 3 100 4608624 2.001605474
31 28 3 100 6467075 2.001612006
6 17 3 100 1091193 2.001612357
11 10 3 100 872075 2.001613276
7 5 3 100 3845908 2.001614642
5 1 3 100 1305701 2.001615919
2 6 3 100 13526 2.001621726
7 10 3 100 5471 2.001635639
22 24 3 100 406994 2.001638060
4 6 3 100 41725 2.001644484
27 21 3 100 21462 2.001645580
3 12 3 100 28469 2.001653358
2 14 3 100 1617443 2.001655944
6 10 3 100 68410 2.001657461
8 9 3 100 2192 2.001662132
14 13 3 100 62731 2.001662728
2 12 3 100 32500 2.001663507
11 12 3 100 2226743 2.001667635
17 23 3 100 5373 2.001674607
20 25 3 100 154140 2.001686049
8 7 3 100 72701 2.001688837
21 17 3 100 4579047 2.001688978
29 30 3 100 3409054 2.001691935
20 30 3 100 32395 2.001692851
31 26 3 100 77809 2.001694045
25 30 3 100 409253 2.001694852
16 31 3 100 133846 2.001698033
19 17 3 100 65431 2.001698875
26 25 3 100 65176 2.001707588
10 3 3 100 886881 2.001710209
8 2 3 100 14023 2.001722644
23 31 3 100 899929 2.001725069
22 18 3 100 313 2.001728148
20 27 3 100 9880 2.001737876
7 5 3 100 23504 2.001742429
29 19 3 100 38529 2.001748506
27 23 3 100 38293 2.001751596
12 7 3 100 16784 2.001759753
3 0 3 100 833394 2.001760523
4 11 3 100 386777 2.001768229
1 15 3 100 8784899 2.001772832
10 8 3 100 35458 2.001773415
7 6 3 100 1905392 2.001773584
8 1 3 100 4193 2.001775362
31 21 3 100 3152795 2.001777311
22 20 3 100 3327145 2.001779089
16 22 3 100 979306 2.001783792
30 16 3 100 15868 2.001784249
12 4 3 100 21351957 2.001789757
1 0 3 100 22755 2.001794709
31 24 3 100 1469084 2.001801529
24 30 3 100 24545 2.001804860
12 11 3 100 52574 2.001817473
2 14 3 100 71421 2.001820360
15 3 3 100 1768565 2.001823870
18 27 3 100 20911400 2.001824941
22 21 3 100 4022697 2.001826681
28 24 3 100 6124710 2.001827181
9 3 3 100 44332 2.001829156
6 0 3 100 44946 2.001830549
31 21 3 100 198812 2.001838966
20 31 3 100 15367 2.001839870
18 22 3 100 3420872 2.001840144
5 6 3 100 36194 2.001840588
17 24 3 100 46513 2.001842850
17 19 3 100 42340 2.001848472
26 25 3 100 5538 2.001849868
6 2 3 100 78264 2.001852961
22 16 3 100 57372 2.001857993
24 19 3 100 610 2.001860922
9 7 3 100 19659272 2.001861773
5 7 3 100 27944 2.001872362
2 0 3 100 33000 2.001875595
6 5 3 100 3675528 2.001892087
11 13 3 100 15688 2.001904632
19 18 3 100 1028889 2.001906542
23 19 3 100 69144 2.001908641
25 30 3 100 41483 2.001909346
6 3 3 100 21327 2.001910887
27 21 3 100 2215673 2.001912374
4 13 3 100 3590 2.001913063
7 15 3 100 25323 2.001914683
0 6 3 100 111281 2.001924051
20 27 3 100 116081 2.001932909
1 14 3 100 9191 2.001938425
22 18 3 100 66444 2.001940268
5 4 3 100 8306879 2.001941005
29 17 3 100 321426 2.001945815
2 11 3 100 4373638 2.001949838
17 28 3 100 39806 2.001950858
8 14 3 100 30441 2.001960387
20 26 3 100 3689 2.001961238
6 13 3 100 13959 2.001964479
11 1 3 100 3703292 2.001966879
26 25 3 100 9478794 2.001967096
31 27 3 100 42459 2.001968280
3 4 3 100 1029076 2.001968437
29 18 3 100 9424803 2.001976149
24 19 3 100 16555 2.001997326
23 24 3 100 1826476 2.002003071
9 7 3 100 4826460 2.002004224
10 15 3 100 1521112 2.002012662
6 1 3 100 66432 2.002019006
5 15 3 100 34448 2.002019078
16 20 3 100 1061066 2.002021022
9 4 3 100 1610453 2.002022609
14 1 3 100 845369 2.002024221
21 29 3 100 383667 2.002030210
17 26 3 100 9522 2.002033263
19 26 3 100 74169 2.002042551
13 11 3 100 56335 2.002056868
8 9 3 100 2016168 2.002076157
21 17 3 100 61715 2.002079265
6 0 3 100 1927663 2.002083821
1 15 3 100 1744784 2.002084498
8 0 3 100 8270192 2.002094743
11 3 3 100 31678 2.002100164
2 15 3 100 65296 2.002105918
10 8 3 100 38924 2.002113957
7 6 3 100 6568 2.002116479
9 6 3 100 660132 2.002120436
27 26 3 100 5582 2.002121455
18 16 3 100 71729 2.002121664
22 17 3 100 14638 2.002121901
19 25 3 100 4180 2.002124994
28 23 3 100 543264 2.002127624
30 28 3 100 487603 2.002129546
6 4 3 100 72353 2.002138691
24 27 3 100 693 2.002143529
27 22 3 100 44228 2.002146514
10 15 3 100 75997 2.002147573
21 29 3 100 79102 2.002149352
26 16 3 100 60070 2.002153526
28 29 3 100 3561907 2.002162356
23 28 3 100 50811 2.002162593
19 16 3 100 7328 2.002165838
4 8 3 100 60602 2.002179812
25 26 3 100 2637334 2.002180330
4 11 3 100 67587 2.002183499
13 0 3 100 3082 2.002183782
9 8 3 100 2352081 2.002187815
26 23 3 100 13402 2.002191139
11 7 3 100 69852 2.002191637
21 26 3 100 864327 2.002192913
20 30 3 100 891848 2.002195175
23 17 3 100 4167692 2.002204483
18 29 3 100 77442 2.002205660
6 14 3 100 1849055 2.002208822
31 27 3 100 65877 2.002214058
5 14 3 100 2095879 2.002229328
23 17 3 100 30007 2.002233514
21 17 3 100 3104583 2.002244994
9 12 3 100 53498 2.002251795
0 15 3 100 72771 2.002254911
26 28 3 100 27009 2.002259287
9 8 3 100 2532 2.002262499
27 19 3 100 28662 2.002263616
9 15 3 100 9747 2.002283189
8 9 3 100 76950 2.002293071
1 11 3 100 20433 2.002294208
7 15 3 100 1814917 2.002299316
28 21 3 100 130 2.002300009
14 9 3 100 30777 2.002303513
4 2 3 100 197196 2.002303796
0 1 3 100 58261 2.002309001
13 5 3 100 7553 2.002311355
24 18 3 100 62091 2.002312388
12 8 3 100 3771591 2.002329625
29 30 3 100 8743361 2.002331181
15 6 3 100 3173039 2.002334450
10 3 3 100 21563 2.002342868
29 26 3 100 465215 2.002343562
7 2 3 100 9135 2.002354144
16 30 3 100 260739 2.002354998
7 15 3 100 1740227 2.002360437
22 18 3 100 62134 2.002375042
18 29 3 100 47443 2.002375436
25 23 3 100 1859766 2.002379134
8 0 3 100 134457 2.002379731
27 28 3 100 70201 2.002391631
29 25 3 100 20259915 2.002424069
14 7 3 100 26221 2.002427012
31 17 3 100 9732 2.002431232
7 4 3 100 173554 2.002432681
4 14 3 100 76076 2.002436151
17 30 3 100 143746 2.002436669
25 24 3 100 3573 2.002438694
29 27 3 100 17133 2.002439729
31 28 3 100 2792197 2.002441549
28 21 3 100 9103 2.002442380
30 18 3 100 51706 2.002446337
12 7 3 100 374 2.002449294
11 7 3 100 46829 2.002463112
14 10 3 100 37407 2.002463590
10 6 3 100 45074 2.002468014
6 15 3 100 6230 2.002471291
2 0 3 100 7312666 2.002477578
20 24 3 100 22583 2.002485502
19 27 3 100 317210 2.002486029
20 24 3 100 1908424 2.002489824
31 23 3 100 2963019 2.002490422
20 27 3 100 43798 2.002491755
4 14 3 100 2041 2.002493170
10 15 3 100 7954016 2.002493648
25 31 3 100 1006685 2.002494627
22 24 3 100 1135114 2.002499327
26 18 3 100 4764 2.002501181
26 22 3 100 217827 2.002535330
24 18 3 100 7385 2.002543091
17 26 3 100 24902 2.002545903
16 27 3 100 9951 2.002551034
18 28 3 100 3525 2.002551833
29 30 3 100 56243 2.002556592
8 5 3 100 23382 2.002557396
19 25 3 100 6714 2.002559023
18 16 3 100 56726 2.002561034
11 2 3 100 27605 2.002566138
13 14 3 100 4596476 2.002571935
7 8 3 100 52768 2.002572600
5 14 3 100 29201 2.002574709
28 30 3 100 7001887 2.002580960
12 11 3 100 1572738 2.002593166
9 12 3 100 1359032 2.002596858
2 6 3 100 58841 2.002608809
19 22 3 100 29279 2.002612671
20 18 3 100 5777 2.002620654
25 16 3 100 65451 2.002626372
23 25 3 100 44343 2.002631663
0 12 3 100 2427304 2.002632839
15 12 3 100 49666 2.002650961
30 25 3 100 4281 2.002652640
19 17 3 100 995167 2.002653087
10 4 3 100 1132381 2.002665818
31 20 3 100 73592 2.002673443
10 3 3 100 39856 2.002676054
19 16 3 100 2602228 2.002681302
20 16 3 100 4531 2.002692973
18 25 3 100 1929466 2.002693474
5 14 3 100 59691 2.002695297
24 29 3 100 7131 2.002696581
21 20 3 100 3646 2.002710828
0 11 3 100 24985 2.002713548
25 24 3 100 50998 2.002715106
1 2 3 100 98385 2.002726077
20 27 3 100 40571 2.002728516
26 17 3 100 617809 2.002730400
2 14 3 100 59753 2.002732327
9 4 3 100 500885 2.002739705
0 6 3 100 61326 2.002744255
1 6 3 100 22231 2.002746285
16 20 3 100 9168 2.002761099
25 18 3 100 36767 2.002764996
25 30 3 100 14917579 2.002771122
16 28 3 100 42286 2.002773808
21 23 3 100 88777 2.002783365
28 19 3 100 62759 2.002785141
24 28 3 100 41910 2.002786892
24 22 3 100 45880 2.002791215
0 9 3 100 16349 2.002795052
27 20 3 100 786855 2.002796803
13 15 3 100 6709 2.002803606
6 0 3 100 8755558 2.002805241
7 6 3 100 10968 2.002809864
26 29 3 100 18337 2.002810249
1 6 3 100 3668 2.002812642
11 4 3 100 125297 2.002819481
3 0 3 100 291180 2.002826285
11 10 3 100 64059 2.002828293
4 10 3 100 18691 2.002840318
26 29 3 100 44178 2.002842290
3 10 3 100 1316763 2.002847815
22 31 3 100 102494 2.002863152
30 24 3 100 9217 2.002864442
23 30 3 100 43947 2.002865898
17 16 3 100 3881850 2.002866359
17 30 3 100 45521 2.002877560
27 24 3 100 3506 2.002889638
28 16 3 100 20976 2.002892800
0 5 3 100 6428628 2.002897440
17 20 3 100 162945 2.002904721
21 31 3 100 17820260 2.002905032
29 21 3 100 25299 2.002906640
30 29 3 100 1418665 2.002908029
10 11 3 100 4285943 2.002908127
16 19 3 100 32996 2.002908979
30 21 3 100 638113 2.002909386
18 24 3 100 43018 2.002911752
15 13 3 100 164695 2.002912151
15 11 3 100 2140 2.002915125
24 19 3 100 8442791 2.002915856
28 17 3 100 1276241 2.002918254
12 7 3 100 1421 2.002925954
26 25 3 100 4366 2.002928356
28 24 3 100 13204 2.002928367
23 17 3 100 65475 2.002928665
21 20 3 100 77714 2.002934838
0 6 3 100 78750 2.002935065
0 5 3 100 30892 2.002939504
2 5 3 100 9305 2.002948449
23 18 3 100 8430 2.002950215
1 4 3 100 5000806 2.002959693
4 2 3 100 987 2.002959765
27 29 3 100 35358 2.002961354
18 20 3 100 5531 2.002962991
18 30 3 100 108316 2.002968210
8 11 3 100 602 2.002970004
17 24 3 100 44517 2.002971661
9 14 3 100 66505 2.002973228
7 5 3 100 2423751 2.002978114
28 25 3 100 508069 2.002985688
23 22 3 100 35354 2.002987707
15 1 3 100 8415 2.002989367
5 13 3 100 74804 2.002991491
15 12 3 100 3924 2.002996054
17 30 3 100 91623 2.002998325
17 28 3 100 9695 2.003000846
12 1 3 100 7310761 2.003005230
29 16 3 100 10537 2.003005296
24 26 3 100 95 2.003005804
18 28 3 100 805557 2.003006703
14 13 3 100 75174 2.003014174
26 25 3 100 66068 2.003021930
29 28 3 100 31315 2.003022528
27 25 3 100 8691079 2.003022982
1 11 3 100 67998 2.003023997
2 15 3 100 49920 2.003026764
13 9 3 100 8525 2.003031972
30 29 3 100 6765 2.003034559
23 26 3 100 32041 2.003043989
27 24 3 100 563 2.003052332
25 20 3 100 188274 2.003053633
23 17 3 100 46907 2.003054132
18 28 3 100 34312 2.003063378
30 17 3 100 4825733 2.003066390
3 10 3 100 47208 2.003069583
29 27 3 100 6405430 2.003070035
8 15 3 100 9666967 2.003073643
14 4 3 100 2307548 2.003077561
29 16 3 100 8099535 2.003078028
31 26 3 100 5603 2.003079468
1 15 3 100 59836 2.003080873
14 11 3 100 2024962 2.003081646
7 4 3 100 13902327 2.003088438
3 6 3 100 6232 2.003093314
21 18 3 100 207579 2.003097606
9 11 3 100 1553954 2.003099134
14 5 3 100 29675 2.003100260
6 11 3 100 9462 2.003102295
20 31 3 100 44754 2.003105311
8 0 3 100 2202530 2.003105524
12 5 3 100 65532 2.003115684
5 12 3 100 56035 2.003119240
28 23 3 100 149072 2.003135658
17 27 3 100 51 2.003135926
31 21 3 100 13898 2.003140610
11 3 3 100 602774 2.003148350
25 22 3 100 511736 2.003154578
7 6 3 100 1680593 2.003159105
11 4 3 100 1406793 2.003159880
17 16 3 100 27911 2.003163221
3 13 3 100 8980075 2.003172396
22 20 3 100 1945010 2.003175742
18 31 3 100 640160 2.003178239
24 17 3 100 78797 2.003180872
12 13 3 100 22334 2.003181244
12 8 3 100 5424737 2.003182000
26 30 3 100 3217051 2.003189518
19 25 3 100 36947 2.003203403
17 26 3 100 30583 2.003204603
15 14 3 100 8595 2.003209551
21 20 3 100 12304 2.003214449
15 12 3 100 4520486 2.003221777
0 2 3 100 6771 2.003222473
6 4 3 100 7964770 2.003223204
0 8 3 100 162688 2.003225569
11 10 3 100 2630559 2.003228100
17 31 3 100 857232 2.003228508
23 25 3 100 9262 2.003234016
24 20 3 100 23105 2.003236859
8 10 3 100 3617332 2.003242972
7 13 3 100 75402 2.003248730
28 16 3 100 70705 2.003253051
22 30 3 100 17168 2.003258795
9 4 3 100 3644 2.003260229
13 2 3 100 1083203 2.003265111
19 27 3 100 653526 2.003268126
4 5 3 100 38325 2.003269069
26 30 3 100 42295 2.003275584
3 1 3 100 22302 2.003282820
19 22 3 100 299825 2.003283387
1 3 3 100 27046 2.003283536
12 7 3 100 34826 2.003283803
19 22 3 100 45921 2.003295841
16 17 3 100 3772 2.003300524
24 25 3 100 26877 2.003304860
19 29 3 100 9515367 2.003310536
3 14 3 100 2435650 2.003314101
19 16 3 100 50670 2.003321853
2 13 3 100 77367 2.003326307
2 12 3 100 83913 2.003326807
11 5 3 100 42366 2.003326915
15 3 3 100 104 2.003327403
1 12 3 100 7236 2.003335850
14 3 3 100 21353 2.003337379
15 3 3 100 43909 2.003338121
26 24 3 100 159551 2.003338901
15 6 3 100 29700 2.003341345
10 12 3 100 33473 2.003344714
14 8 3 100 2187 2.003346148
23 20 3 100 157126 2.003353600
6 8 3 100 1738440 2.003359694
16 29 3 100 7383345 2.003363341
3 4 3 100 27207 2.003369221
10 15 3 100 18005 2.003369957
5 13 3 100 75528 2.003374118
16 20 3 100 49044 2.003378866
18 20 3 100 3149 2.003380082
21 23 3 100 30001 2.003386306
20 17 3 100 1356262 2.003390912
27 28 3 100 2664858 2.003399398
0 4 3 100 79695 2.003400045
11 4 3 100 55306 2.003401990
16 18 3 100 43934 2.003402257
16 22 3 100 3899488 2.003406379
3 10 3 100 26130 2.003408850
11 3 3 100 21818945 2.003422004
11 5 3 100 28977 2.003422027
17 26 3 100 530366 2.003425781
5 1 3 100 60113 2.003428592
5 11 3 100 7746910 2.003429008
31 29 3 100 1304806 2.003430112
14 1 3 100 1579377 2.003434085
20 24 3 100 167641 2.003449551
10 0 3 100 26615 2.003452282
30 28 3 100 22214 2.003453154
18 29 3 100 87740 2.003455470
0 3 3 100 429589 2.003456637
23 21 3 100 178036 2.003459530
28 31 3 100 44545 2.003461711
24 29 3 100 447679 2.003466329
15 8 3 100 103300 2.003478775
3 2 3 100 4569 2.003488636
1 11 3 100 124905 2.003488646
4 14 3 100 24314130 2.003497765
20 31 3 100 59796 2.003501085
0 7 3 100 39502 2.003510003
30 23 3 100 29347 2.003510123
21 31 3 100 3798 2.003512142
10 12 3 100 4639517 2.003512488
9 8 3 100 5882 2.003513025
30 24 3 100 6130 2.003517055
4 7 3 100 240354 2.003518985
22 17 3 100 3253785 2.003520473
2 3 3 100 32797 2.003524484
6 14 3 100 20126 2.003532816
27 29 3 100 41398 2.003535065
26 23 3 100 133439 2.003536447
14 12 3 100 33891 2.003559102
21 27 3 100 741783 2.003559486
27 16 3 100 182724 2.003563885
10 9 3 100 7254 2.003566343
24 28 3 100 70618 2.003567545
2 8 3 100 2369522 2.003571899
1 6 3 100 37223 2.003572561
30 19 3 100 72814 2.003584735
27 18 3 100 49989 2.003586742
4 7 3 100 3183033 2.003591177
19 30 3 100 3336174 2.003598434
2 8 3 100 15754 2.003607016
19 30 3 100 16180 2.003617171
6 11 3 100 158687 2.003620503
8 12 3 100 688 2.003627915
23 16 3 100 27719 2.003637867
5 3 3 100 76704 2.003642855
25 26 3 100 23606 2.003648932
0 8 3 100 43329 2.003650373
16 30 3 100 31534 2.003655134
6 4 3 100 17141 2.003658001
17 29 3 100 751335 2.003658063
28 17 3 100 3916962 2.003658480
26 24 3 100 4529977 2.003659618
8 15 3 100 12928 2.003660117
18 22 3 100 7436741 2.003662277
18 31 3 100 4399 2.003669131
24 31 3 100 2460620 2.003670839
7 12 3 100 1502201 2.003674053
5 15 3 100 797285 2.003679090
17 21 3 100 77882 2.003686430
1 7 3 100 4194 2.003688516
15 2 3 100 2807 2.003697388
29 28 3 100 9767 2.003712591
19 23 3 100 7437 2.003713238
21 22 3 100 3651 2.003719167
4 15 3 100 7058995 2.003727167
19 24 3 100 36840 2.003730514
24 20 3 100 2085203 2.003732209
9 10 3 100 192250 2.003734865
21 27 3 100 30332 2.003749195
30 24 3 100 3813 2.003759151
0 2 3 100 5299512 2.003762059
6 2 3 100 194570 2.003768291
11 6 3 100 122216 2.003768520
2 6 3 100 2499 2.003768627
2 3 3 100 12885 2.003782866
25 30 3 100 39500 2.003783949
27 18 3 100 241598 2.003785490
11 0 3 100 217315 2.003790782
18 16 3 100 1020248 2.003794087
18 17 3 100 43784 2.003796846
2 15 3 100 620582 2.003796914
26 29 3 100 41902 2.003799372
6 13 3 100 26379 2.003803401
19 24 3 100 2491526 2.003806626
20 19 3 100 81480 2.003824759
14 4 3 100 6321155 2.003834983
16 23 3 100 849 2.003838452
12 8 3 100 1623147 2.003848206
20 27 3 100 372406 2.003854191
26 21 3 100 35958 2.003860657
24 26 3 100 570718 2.003875135
6 1 3 100 8457 2.003882891
3 5 3 100 3125 2.003885882
20 25 3 100 10790 2.003891752
26 20 3 100 75900 2.003899375
24 31 3 100 29139 2.003907368
29 22 3 100 58775 2.003909766
31 16 3 100 5714770 2.003923433
25 20 3 100 37338 2.003936705
14 6 3 100 3074507 2.003945055
13 3 3 100 23172017 2.003945941
10 12 3 100 2278846 2.003946290
9 13 3 100 1207970 2.003950164
28 31 3 100 77673 2.003952383
26 18 3 100 4691446 2.003953204
7 8 3 100 1976697 2.003961825
6 11 3 100 1573949 2.003964345
1 13 3 100 78198 2.003973243
31 28 3 100 42892 2.003973960
11 12 3 100 15942076 2.003981211
26 25 3 100 712778 2.003995396
27 29 3 100 3741 2.004000013
21 23 3 100 43999 2.004000282
7 0 3 100 49582 2.004002769
6 12 3 100 11325 2.004012826
1 3 3 100 1324736 2.004016193
15 12 3 100 1099689 2.004025167
26 24 3 100 2492282 2.004028982
6 12 3 100 1020298 2.004030665
17 30 3 100 166284 2.004031273
2 5 3 100 1048619 2.004033574
22 24 3 100 78828 2.004034605
4 6 3 100 15352 2.004041234
16 25 3 100 4069620 2.004043536
9 8 3 100 8667272 2.004058879
31 25 3 100 32842 2.004067805
31 22 3 100 16092758 2.004076851
23 27 3 100 50530 2.004081437
7 2 3 100 52177 2.004082500
30 17 3 100 150695 2.004083854
29 22 3 100 19643 2.004086706
11 6 3 100 1829979 2.004088871
19 18 3 100 11210674 2.004090015
27 28 3 100 9918 2.004091512
23 31 3 100 3122590 2.004095644
29 21 3 100 7897 2.004097685
9 12 3 100 59520 2.004107363
28 19 3 100 62642 2.004120403
13 3 3 100 2109 2.004122674
20 28 3 100 22575 2.004126947
16 24 3 100 36892 2.004130194
2 5 3 100 1779327 2.004146506
3 4 3 100 3876380 2.004162917
28 31 3 100 1957 2.004167641
16 23 3 100 4797 2.004171033
10 14 3 100 151755 2.004174331
15 7 3 100 2947652 2.004175175
24 29 3 100 39538 2.004175302
6 14 3 100 29671 2.004182478
6 0 3 100 9341 2.004184503
16 30 3 100 69944 2.004200111
25 18 3 100 400597 2.004206855
3 8 3 100 26197 2.004207532
26 21 3 100 22903 2.004209996
6 7 3 100 322261 2.004214757
31 30 3 100 24140 2.004216008
1 3 3 100 32514 2.004221008
26 29 3 100 7895365 2.004231600
9 7 3 100 70458 2.004236788
30 21 3 100 40069 2.004242060
14 9 3 100 57305 2.004246939
31 20 3 100 667989 2.004256832
5 11 3 100 3408344 2.004265753
8 13 3 100 365639 2.004268886
2 9 3 100 1238615 2.004273957
13 15 3 100 73951 2.004278120
26 29 3 100 5424822 2.004278512
21 28 3 100 48367 2.004280957
2 4 3 100 49223 2.004281674
7 13 3 100 659997 2.004286883
16 20 3 100 3204231 2.004291043
19 21 3 100 8967 2.004294661
12 2 3 100 28030 2.004295009
20 18 3 100 22009 2.004301748
6 13 3 100 406956 2.004305410
26 16 3 100 12213070 2.004305869
28 19 3 100 140601 2.004306156
1 4 3 100 3829 2.004307196
9 6 3 100 3199708 2.004319162
23 30 3 100 3674 2.004321250
18 30 3 100 9675 2.004322887
9 3 3 100 32966 2.004335987
26 23 3 100 32505 2.004341501
27 26 3 100 3096349 2.004342522
21 27 3 100 3730437 2.004342688
19 26 3 100 65853 2.004342896
20 29 3 100 56269 2.004343614
8 2 3 100 9054 2.004349055
0 13 3 100 807398 2.004351597
2 4 3 100 4522 2.004352441
19 31 3 100 82875 2.004354372
20 25 3 100 5919361 2.004366396
31 26 3 100 77295 2.004366859
4 5 3 100 3448 2.004368921
22 24 3 100 4458 2.004371872
30 29 3 100 4117310 2.004373999
9 6 3 100 1911611 2.004375176
21 25 3 100 17553 2.004375965
18 27 3 100 70911 2.004381177
3 12 3 100 30055 2.004383275
24 19 3 100 1151086 2.004388071
27 28 3 100 22968 2.004397237
28 31 3 100 110323 2.004408216
27 25 3 100 4219817 2.004409441
7 12 3 100 23965083 2.004409805
10 11 3 100 41660 2.004410835
25 22 3 100 119 2.004428580
31 18 3 100 46698 2.004434802
17 25 3 100 74416 2.004436004
0 4 3 100 830661 2.004436969
3 8 3 100 9739636 2.004439278
16 31 3 100 33855 2.004442079
23 22 3 100 79588 2.004443711
13 8 3 100 1651 2.004446829
2 9 3 100 43777 2.004449482
16 28 3 100 76386 2.004450053
21 24 3 100 42103 2.004454235
14 13 3 100 3457046 2.004454365
24 23 3 100 9156 2.004456827
5 11 3 100 9417669 2.004465804
18 31 3 100 37926 2.004467918
8 15 3 100 74044 2.004472309
26 17 3 100 69646 2.004475198
13 4 3 100 18877 2.004482891
11 6 3 100 11978 2.004490329
15 14 3 100 4580066 2.004492064
29 26 3 100 69695 2.004496895
1 7 3 100 42799 2.004499060
4 5 3 100 62246 2.004500633
23 29 3 100 42927 2.004503238
17 23 3 100 29699788 2.004507887
29 25 3 100 3606 2.004508144
30 31 3 100 7681 2.004511208
23 25 3 100 4191498 2.004512060
24 23 3 100 176650 2.004513494
29 19 3 100 828364 2.004514278
24 30 3 100 46958 2.004520383
31 25 3 100 6848 2.004520864
8 11 3 100 5144 2.004526695
20 22 3 100 9822507 2.004529124
23 24 3 100 296340 2.004529330
0 2 3 100 3421799 2.004532849
31 20 3 100 43052 2.004532970
22 26 3 100 1796873 2.004552445
6 2 3 100 28576 2.004567473
15 7 3 100 1235 2.004567818
31 20 3 100 6141 2.004571863
24 29 3 100 1187 2.004573448
5 13 3 100 72522 2.004574441
10 3 3 100 45117 2.004575557
30 27 3 100 72116 2.004584636
11 15 3 100 62724 2.004597441
9 0 3 100 151975 2.004597936
2 14 3 100 1056305 2.004599464
8 10 3 100 989437 2.004600260
15 10 3 100 3316413 2.004609089
8 6 3 100 46855 2.004615828
24 31 3 100 161951 2.004617656
30 27 3 100 8362 2.004619915
26 27 3 100 261 2.004630029
6 5 3 100 1108536 2.004638944
12 9 3 100 48043 2.004660226
10 7 3 100 72905 2.004662719
0 1 3 100 2018633 2.004667167
15 1 3 100 36760 2.004670715
14 12 3 100 78045 2.004673249
3 5 3 100 2667395 2.004675290
8 15 3 100 1093 2.004676230
24 18 3 100 21705 2.004677998
12 11 3 100 28253 2.004684123
31 16 3 100 3922775 2.004692857
16 17 3 100 44163 2.004693847
14 13 3 100 8627 2.004694793
4 11 3 100 3860 2.004697756
21 27 3 100 3898 2.004707116
2 5 3 100 44388 2.004722684
30 26 3 100 817754 2.004736608
24 16 3 100 1075892 2.004736810
11 8 3 100 1495069 2.004739815
4 13 3 100 78555 2.004744338
6 7 3 100 14256 2.004744985
18 21 3 100 54131 2.004749278
15 9 3 100 39216 2.004752643
17 18 3 100 977998 2.004755734
25 27 3 100 20620 2.004756124
22 20 3 100 21339 2.004760832
25 31 3 100 42263 2.004770223
25 18 3 100 492116 2.004781044
20 27 3 100 48549 2.004784863
20 22 3 100 10855 2.004785678
19 17 3 100 70857 2.004786092
12 13 3 100 2953554 2.004787305
12 1 3 100 47752 2.004787616
22 21 3 100 1182875 2.004787747
0 11 3 100 9373 2.004805542
21 27 3 100 3160148 2.004816073
6 8 3 100 50003 2.004821504
20 21 3 100 653019 2.004841173
17 26 3 100 204465 2.004853357
11 12 3 100 34087 2.004854958
12 6 3 100 21531 2.004864421
19 21 3 100 251096 2.004865067
19 24 3 100 95037 2.004866961
26 28 3 100 96189 2.004881956
2 11 3 100 5858651 2.004884276
18 20 3 100 5677399 2.004901735
0 1 3 100 27214 2.004910024
12 11 3 100 1139494 2.004916673
26 19 3 100 96992 2.004918389
17 28 3 100 59063 2.004932769
12 1 3 100 867108 2.004946771
6 15 3 100 148325 2.004949943
6 15 3 100 3826 2.004964006
6 13 3 100 10004898 2.004987318
