2716 
28 26 3 100 6983761 2.000002169
23 29 3 100 35412 2.000016041
18 24 3 100 1741019 2.000024311
16 23 3 100 716554 2.000029491
26 28 3 100 82909 2.000042925
17 18 3 100 63561 2.000052448
24 25 3 100 38264 2.000063387
28 17 3 100 53866 2.000068254
28 26 3 100 24508038 2.000116889
26 31 3 100 26727 2.000134824
27 28 3 100 34895 2.000137367
23 30 3 100 1886 2.000138540
19 21 3 100 69856 2.000138991
26 22 3 100 29576 2.000141594
30 23 3 100 3810 2.000168721
29 24 3 100 71013 2.000178274
27 23 3 100 39440 2.000187040
25 29 3 100 182588 2.000215855
17 20 3 100 100906 2.000217256
26 31 3 100 38536 2.000232748
24 31 3 100 45633 2.000238857
20 24 3 100 43187 2.000241096
22 19 3 100 1336 2.000246204
18 21 3 100 4647940 2.000306362
25 28 3 100 25262666 2.000331550
24 23 3 100 782009 2.000355764
20 22 3 100 339490 2.000377340
18 26 3 100 8961 2.000379472
0 20 3 100 4561 2.000403609
16 21 3 100 8356 2.000422480
30 25 3 100 58299 2.000438721
28 22 3 100 77786 2.000450405
17 20 3 100 19188 2.000504905
28 29 3 100 2405720 2.000540110
23 18 3 100 127006 2.000540602
24 25 3 100 76995 2.000555091
18 27 3 100 4709234 2.000577612
18 28 3 100 29596 2.000604320
31 17 3 100 216598 2.000605011
19 20 3 100 1197376 2.000621046
26 31 3 100 8356 2.000625231
15 22 3 100 798791 2.000634084
21 17 3 100 679427 2.000638245
27 29 3 100 19273063 2.000641454
16 31 3 100 86647 2.000649581
31 18 3 100 3155489 2.000670845
31 25 3 100 16837467 2.000675419
6 21 3 100 6767 2.000685315
17 21 3 100 21239 2.000698328
27 29 3 100 41995 2.000713995
28 30 3 100 10266 2.000727776
17 18 3 100 323524 2.000739309
22 31 3 100 2891529 2.000753105
22 19 3 100 61708 2.000765105
28 18 3 100 47142 2.000783280
30 28 3 100 254 2.000789326
28 19 3 100 3397781 2.000798175
24 30 3 100 48872 2.000800581
23 31 3 100 78696 2.000826122
19 22 3 100 43744 2.000835316
28 16 3 100 1684 2.000877972
26 25 3 100 5366 2.000879692
23 27 3 100 200685 2.000902807
22 16 3 100 4731 2.000904109
10 27 3 100 2830 2.000964633
31 18 3 100 21195 2.000978822
21 31 3 100 30532 2.000983555
28 22 3 100 53255 2.001004552
23 18 3 100 67681 2.001014213
16 29 3 100 706481 2.001020189
25 16 3 100 4297643 2.001037466
11 31 3 100 4620968 2.001043295
30 25 3 100 18385 2.001050749
17 21 3 100 22008 2.001077057
1 20 3 100 2749775 2.001079448
6 28 3 100 14967 2.001080117
18 28 3 100 149901 2.001095587
29 21 3 100 45969 2.001116403
24 23 3 100 162200 2.001158210
17 22 3 100 15834285 2.001168845
10 16 3 100 1743247 2.001229967
27 24 3 100 356959 2.001230893
17 31 3 100 4420796 2.001235704
22 29 3 100 3153479 2.001237098
28 18 3 100 42688 2.001259228
31 30 3 100 3322953 2.001291829
21 30 3 100 24079 2.001306438
6 20 3 100 73460 2.001326345
25 23 3 100 52016 2.001336666
20 25 3 100 29188 2.001342546
29 26 3 100 802692 2.001349944
17 19 3 100 4011586 2.001350912
26 25 3 100 9201431 2.001362728
24 17 3 100 4244280 2.001373134
12 19 3 100 160158 2.001385323
27 29 3 100 8219954 2.001451406
18 29 3 100 10936481 2.001466316
24 21 3 100 192759 2.001514909
29 28 3 100 3492068 2.001523434
21 29 3 100 7264 2.001554900
17 21 3 100 1093 2.001591094
17 26 3 100 7313 2.001599599
4 18 3 100 60460 2.001626534
31 21 3 100 1787404 2.001629917
31 26 3 100 57218 2.001646230
26 24 3 100 2332976 2.001659825
27 19 3 100 16557 2.001660369
20 21 3 100 2574086 2.001683312
19 18 3 100 14985 2.001701572
19 30 3 100 48355 2.001717634
24 29 3 100 68798 2.001728877
29 31 3 100 17489 2.001732841
17 27 3 100 68136 2.001745981
18 23 3 100 34131 2.001772544
21 16 3 100 7199 2.001776288
20 28 3 100 419770 2.001820771
27 30 3 100 12919 2.001827407
17 24 3 100 8555379 2.001857361
22 24 3 100 72090 2.001871628
26 31 3 100 10119 2.001883949
25 17 3 100 25986 2.001888018
29 16 3 100 33332 2.001896243
18 16 3 100 127002 2.001906829
20 29 3 100 53130 2.001927530
17 19 3 100 20675 2.001952681
5 29 3 100 109968 2.001967325
21 31 3 100 49889 2.001974610
29 26 3 100 77278 2.001994729
27 17 3 100 272492 2.002020337
22 20 3 100 60162 2.002054411
26 30 3 100 11085307 2.002100934
30 16 3 100 3702 2.002176743
25 27 3 100 2263256 2.002183682
26 29 3 100 4138455 2.002235217
31 20 3 100 7340 2.002247311
17 25 3 100 55039 2.002250191
31 27 3 100 365460 2.002266274
7 27 3 100 24501 2.002319391
24 17 3 100 2107 2.002334378
18 28 3 100 27748 2.002341635
24 25 3 100 24154 2.002348361
30 22 3 100 2614 2.002348653
19 21 3 100 6018236 2.002364974
18 30 3 100 43984 2.002371823
23 21 3 100 3508632 2.002389899
29 28 3 100 8018 2.002401625
20 22 3 100 1674188 2.002407554
21 22 3 100 10939 2.002407912
31 18 3 100 23432 2.002408647
19 20 3 100 954285 2.002414882
20 27 3 100 14016759 2.002422167
21 17 3 100 1826 2.002462977
21 25 3 100 26349 2.002469824
31 30 3 100 6276514 2.002486334
20 31 3 100 15898 2.002513491
21 23 3 100 52663 2.002519044
25 17 3 100 4717895 2.002520025
28 31 3 100 1903830 2.002522566
25 26 3 100 64127 2.002535234
27 31 3 100 45863 2.002556998
22 27 3 100 4870518 2.002596683
30 17 3 100 907 2.002633708
20 21 3 100 3576 2.002638893
23 26 3 100 6264612 2.002669332
20 31 3 100 25617 2.002682567
31 21 3 100 21316 2.002700915
28 22 3 100 28581531 2.002714741
21 16 3 100 32882 2.002732856
24 29 3 100 497316 2.002741810
28 29 3 100 1895486 2.002753130
28 20 3 100 165316 2.002795177
20 24 3 100 6090 2.002804287
19 20 3 100 10880 2.002836034
18 24 3 100 77436 2.002871117
22 21 3 100 41219 2.002879307
29 24 3 100 712376 2.002883236
30 27 3 100 26070 2.002886026
25 26 3 100 943766 2.002913520
16 18 3 100 9930 2.002916330
29 31 3 100 1847926 2.002921861
15 16 3 100 21106 2.002970302
16 21 3 100 24833 2.003056288
28 27 3 100 7655611 2.003058874
7 21 3 100 1848614 2.003060677
16 23 3 100 8162 2.003064902
22 26 3 100 5945388 2.003065228
24 23 3 100 76934 2.003069368
17 16 3 100 1767793 2.003070007
25 26 3 100 671 2.003092647
9 24 3 100 70128 2.003104781
22 30 3 100 1336 2.003106203
31 17 3 100 3279183 2.003107884
16 28 3 100 9349 2.003111440
25 18 3 100 155638 2.003129764
31 16 3 100 42155 2.003161748
6 16 3 100 3767502 2.003168117
16 30 3 100 49802 2.003186009
28 25 3 100 24849 2.003198322
2 29 3 100 1731055 2.003215759
29 24 3 100 2316147 2.003223698
20 23 3 100 21447 2.003228501
20 23 3 100 1645537 2.003254018
25 17 3 100 3604 2.003302883
20 28 3 100 9686 2.003350840
22 28 3 100 112305 2.003351987
26 25 3 100 1058363 2.003353905
22 27 3 100 1292 2.003354901
21 19 3 100 28466 2.003374226
29 16 3 100 833 2.003400265
23 24 3 100 982683 2.003402129
30 18 3 100 24090 2.003407329
22 23 3 100 12118 2.003414266
23 25 3 100 4210 2.003420904
16 21 3 100 40280 2.003429001
21 29 3 100 21785594 2.003438817
24 23 3 100 34323 2.003444342
23 26 3 100 859 2.003445230
26 24 3 100 2289987 2.003449132
18 27 3 100 29229847 2.003485421
24 18 3 100 150503 2.003490194
28 27 3 100 821843 2.003496146
22 30 3 100 2779 2.003499371
25 24 3 100 43056 2.003514081
6 30 3 100 212139 2.003538890
16 24 3 100 13779198 2.003556396
24 17 3 100 40227 2.003569310
20 23 3 100 8731060 2.003569457
21 18 3 100 19480 2.003575086
23 25 3 100 26447 2.003592797
16 22 3 100 29594 2.003595826
13 26 3 100 7801 2.003599973
22 27 3 100 714621 2.003610397
28 17 3 100 2754438 2.003616928
26 19 3 100 7004 2.003617885
31 30 3 100 6894971 2.003634272
22 25 3 100 111543 2.003644303
21 29 3 100 1575925 2.003649190
27 25 3 100 19129 2.003665623
27 25 3 100 772548 2.003679251
8 28 3 100 64488 2.003684299
30 18 3 100 29771 2.003692055
8 27 3 100 20968 2.003698299
2 23 3 100 4868 2.003704104
26 31 3 100 73769 2.003705762
25 28 3 100 1496144 2.003707565
27 30 3 100 43145 2.003727717
31 22 3 100 4286396 2.003737642
28 20 3 100 7141415 2.003748672
25 18 3 100 189465 2.003762813
20 31 3 100 7824566 2.003775529
31 18 3 100 5192336 2.003780993
23 18 3 100 24122 2.003808817
20 16 3 100 942212 2.003811245
22 31 3 100 25776 2.003841115
7 27 3 100 16622 2.003855402
6 22 3 100 27755 2.003870140
29 30 3 100 68255 2.003886533
28 20 3 100 1094013 2.003914101
26 18 3 100 8397 2.003917266
28 20 3 100 13054 2.003943443
17 16 3 100 35532 2.003949037
29 27 3 100 1050688 2.003958597
29 27 3 100 22613 2.003964834
18 16 3 100 60172 2.003966524
24 29 3 100 28556385 2.003977720
30 25 3 100 164361 2.003981749
16 23 3 100 1669 2.003985860
20 25 3 100 15518 2.003987907
21 31 3 100 55277 2.003994592
26 16 3 100 17520 2.004003497
26 21 3 100 4176864 2.004031823
29 26 3 100 37841 2.004061033
18 30 3 100 1912 2.004065635
31 22 3 100 7405412 2.004128452
1 24 3 100 3267828 2.004139983
17 20 3 100 4246 2.004146061
28 24 3 100 2632 2.004160466
20 22 3 100 3113191 2.004174766
21 22 3 100 804 2.004183888
27 16 3 100 9718548 2.004221889
31 18 3 100 1415329 2.004257969
16 18 3 100 31509 2.004261517
20 30 3 100 28747584 2.004263925
29 19 3 100 29296 2.004306339
28 24 3 100 7307 2.004309886
27 24 3 100 6698772 2.004317039
17 26 3 100 1630684 2.004338357
17 24 3 100 43629 2.004357200
23 29 3 100 364068 2.004368338
18 28 3 100 61014 2.004378944
19 30 3 100 135683 2.004381321
29 21 3 100 8058896 2.004382065
18 21 3 100 9297559 2.004437647
28 16 3 100 33514 2.004445511
20 23 3 100 5686910 2.004487614
6 21 3 100 7913 2.004509744
28 16 3 100 62063 2.004517183
22 20 3 100 623366 2.004528786
29 26 3 100 9696 2.004532290
22 26 3 100 8111162 2.004536326
12 16 3 100 32493 2.004539484
6 24 3 100 23923 2.004549066
21 17 3 100 174269 2.004616791
18 22 3 100 26450 2.004622690
23 20 3 100 26893 2.004630187
18 30 3 100 52667 2.004631894
24 21 3 100 14687 2.004649434
22 27 3 100 9036738 2.004662282
5 31 3 100 4359533 2.004672585
23 25 3 100 988020 2.004673146
25 17 3 100 21750 2.004703055
21 29 3 100 4542933 2.004708959
27 26 3 100 55162 2.004712162
27 22 3 100 63227 2.004723816
19 27 3 100 79064 2.004731216
28 29 3 100 4113317 2.004746052
30 18 3 100 9280 2.004750439
23 29 3 100 35941 2.004754881
25 29 3 100 7226 2.004757767
20 23 3 100 168633 2.004783524
30 29 3 100 24637 2.004784844
16 24 3 100 58812 2.004787017
27 16 3 100 2245 2.004814946
24 29 3 100 27931 2.004877346
24 21 3 100 47037 2.004882032
29 28 3 100 506 2.004894573
22 31 3 100 247692 2.004916217
20 24 3 100 60599 2.004926707
23 22 3 100 56775 2.004943622
12 28 3 100 5644 2.004944329
18 28 3 100 77702 2.004947644
24 31 3 100 9188566 2.004962909
24 25 3 100 71732 2.004972840
23 31 3 100 45256 2.005007434
19 30 3 100 2843 2.005029954
13 18 3 100 583379 2.005049279
17 29 3 100 58069 2.005071410
27 21 3 100 53642 2.005071800
8 19 3 100 32262 2.005080702
17 23 3 100 904708 2.005082946
16 29 3 100 21836 2.005108668
25 26 3 100 1386987 2.005112914
16 26 3 100 38203 2.005126411
30 17 3 100 12232 2.005172768
22 21 3 100 63075 2.005195027
31 17 3 100 44352 2.005202440
28 16 3 100 5258964 2.005212668
20 16 3 100 52664 2.005216326
15 21 3 100 35297 2.005232170
16 23 3 100 65520 2.005242520
16 31 3 100 46308 2.005270589
25 31 3 100 1009049 2.005318125
17 23 3 100 26744778 2.005319458
25 20 3 100 2631869 2.005323772
22 27 3 100 39246 2.005367556
29 23 3 100 1443070 2.005371898
30 22 3 100 1755067 2.005390655
30 17 3 100 114122 2.005390964
22 19 3 100 27526 2.005427034
22 16 3 100 14254 2.005429118
27 24 3 100 20887 2.005430129
11 30 3 100 5607 2.005442226
20 23 3 100 798138 2.005456692
25 20 3 100 37350 2.005457176
16 18 3 100 24404585 2.005468140
23 24 3 100 4502994 2.005472839
16 26 3 100 27535019 2.005498967
31 22 3 100 841 2.005499567
22 30 3 100 9745 2.005511237
16 24 3 100 2352104 2.005541823
24 18 3 100 3200822 2.005543668
28 16 3 100 40414 2.005552220
7 21 3 100 59468 2.005559012
20 24 3 100 79100 2.005567820
28 31 3 100 739585 2.005575597
24 26 3 100 1056205 2.005590234
17 20 3 100 39671 2.005611999
0 23 3 100 7249 2.005618189
29 28 3 100 8636 2.005628827
30 20 3 100 37588 2.005636999
17 27 3 100 1720765 2.005671514
21 31 3 100 25756 2.005694633
19 31 3 100 62140 2.005703234
16 24 3 100 20676 2.005726374
25 26 3 100 52541 2.005737908
28 19 3 100 15304 2.005753720
23 28 3 100 15378542 2.005767721
19 31 3 100 7350019 2.005778882
28 23 3 100 126035 2.005780678
19 23 3 100 1657602 2.005785059
10 21 3 100 4649534 2.005785925
17 29 3 100 269224 2.005796860
31 16 3 100 73248 2.005811195
23 18 3 100 162 2.005812569
16 29 3 100 1274818 2.005828500
30 19 3 100 2221 2.005831719
19 17 3 100 64129 2.005845113
28 17 3 100 8048 2.005846518
8 17 3 100 1300240 2.005851494
27 29 3 100 21303 2.005896565
31 22 3 100 78107 2.005913796
26 18 3 100 6860420 2.005922098
17 20 3 100 1910835 2.005927741
22 17 3 100 970561 2.005936367
17 24 3 100 183409 2.005936973
20 31 3 100 9041812 2.005939338
22 16 3 100 8072730 2.005992905
22 31 3 100 5059 2.005994969
18 26 3 100 27030 2.005999860
19 29 3 100 1205305 2.006009597
21 28 3 100 27941 2.006030147
29 31 3 100 2132072 2.006034670
17 28 3 100 57201 2.006045157
25 23 3 100 16417 2.006053194
24 29 3 100 9910753 2.006056212
16 25 3 100 4062573 2.006061435
19 27 3 100 71541 2.006098577
4 26 3 100 15556643 2.006121821
22 24 3 100 8055 2.006136418
27 24 3 100 39444 2.006139861
17 29 3 100 25331 2.006158935
25 26 3 100 3218016 2.006160604
21 27 3 100 1650 2.006172058
9 19 3 100 16175447 2.006203087
0 22 3 100 14623652 2.006204500
22 20 3 100 991440 2.006228594
30 18 3 100 75903 2.006249788
14 26 3 100 67664 2.006253916
30 31 3 100 101818 2.006255284
22 31 3 100 10899 2.006261606
31 16 3 100 39663 2.006265881
25 17 3 100 26714 2.006283920
28 27 3 100 7597061 2.006285989
20 29 3 100 70417 2.006286853
20 21 3 100 2318 2.006296413
23 31 3 100 24212 2.006304355
26 28 3 100 9523401 2.006314569
21 27 3 100 129158 2.006320273
19 20 3 100 22429 2.006321619
12 23 3 100 141071 2.006363766
25 30 3 100 25624 2.006377659
22 19 3 100 782624 2.006382931
4 28 3 100 38620 2.006398820
19 27 3 100 1281993 2.006412843
7 22 3 100 7167 2.006426565
19 23 3 100 1820790 2.006479523
16 17 3 100 8090790 2.006493962
17 27 3 100 5013 2.006510794
31 21 3 100 4536610 2.006518958
8 18 3 100 26226 2.006534682
17 21 3 100 122873 2.006534717
30 31 3 100 20773 2.006535367
23 22 3 100 20564 2.006538705
16 21 3 100 3247 2.006545658
20 19 3 100 2973968 2.006573487
17 21 3 100 141769 2.006577020
21 20 3 100 56060 2.006577151
23 26 3 100 1847616 2.006580904
30 17 3 100 4844 2.006589761
29 16 3 100 666095 2.006591184
26 21 3 100 729532 2.006617739
27 29 3 100 56796 2.006619515
28 29 3 100 75169 2.006621885
16 28 3 100 814120 2.006652932
18 21 3 100 11410 2.006665628
27 30 3 100 49538 2.006672842
29 20 3 100 21158 2.006677593
12 24 3 100 35263 2.006695647
16 20 3 100 2337879 2.006705852
31 30 3 100 63838 2.006710889
5 16 3 100 33156 2.006721561
25 31 3 100 13978546 2.006734788
16 23 3 100 6120 2.006744544
30 17 3 100 853372 2.006770086
21 26 3 100 16173539 2.006786052
22 28 3 100 24799 2.006794294
20 22 3 100 543366 2.006805931
19 31 3 100 8782 2.006832015
29 31 3 100 1604 2.006849292
17 18 3 100 2339786 2.006850941
26 24 3 100 6687678 2.006859111
30 16 3 100 28899 2.006879179
19 17 3 100 1559586 2.006888886
22 17 3 100 1087559 2.006901781
25 30 3 100 647592 2.006903570
19 29 3 100 1743548 2.006907275
30 24 3 100 24536 2.006938669
17 28 3 100 14122 2.006958589
22 23 3 100 63006 2.006970340
19 21 3 100 4649 2.006975936
17 21 3 100 19408 2.006988464
20 16 3 100 25930 2.006998362
22 30 3 100 325095 2.007011366
26 16 3 100 825837 2.007017659
23 31 3 100 163055 2.007038548
29 17 3 100 153783 2.007071973
22 30 3 100 1484066 2.007085063
17 27 3 100 28550 2.007096163
21 25 3 100 7360462 2.007097299
24 22 3 100 3841110 2.007109972
25 21 3 100 46218 2.007137559
16 23 3 100 21542 2.007172321
28 23 3 100 1057313 2.007176619
26 27 3 100 4987 2.007178557
29 27 3 100 170024 2.007183911
26 20 3 100 29100232 2.007186368
17 23 3 100 26655 2.007195820
14 23 3 100 9137472 2.007204127
22 30 3 100 809747 2.007205335
22 25 3 100 24795013 2.007212312
20 22 3 100 539275 2.007220347
4 30 3 100 12226 2.007223972
16 17 3 100 24994 2.007240075
24 20 3 100 1449579 2.007242694
21 19 3 100 99737 2.007253102
9 17 3 100 69100 2.007269545
21 20 3 100 6375934 2.007327038
19 23 3 100 439645 2.007333680
30 27 3 100 57252 2.007344695
27 29 3 100 5164217 2.007348938
26 31 3 100 2829418 2.007352989
18 16 3 100 3878658 2.007375439
31 16 3 100 346111 2.007375528
23 31 3 100 886413 2.007403045
28 23 3 100 33240 2.007414545
0 22 3 100 2960342 2.007420455
26 28 3 100 56984 2.007445879
30 22 3 100 57897 2.007449968
26 21 3 100 73524 2.007460426
20 16 3 100 7712 2.007476231
26 25 3 100 36779 2.007497777
1 18 3 100 4349131 2.007500632
31 25 3 100 20809 2.007510869
25 29 3 100 23665 2.007536850
28 26 3 100 44760 2.007559445
23 18 3 100 6694025 2.007570997
29 30 3 100 3182 2.007580792
29 20 3 100 47393 2.007661773
21 28 3 100 512 2.007669058
31 30 3 100 53972 2.007669749
27 23 3 100 1853854 2.007698215
21 24 3 100 675545 2.007710624
16 30 3 100 8102952 2.007719428
18 23 3 100 1327600 2.007733938
2 27 3 100 1208361 2.007738427
29 18 3 100 22426 2.007741157
18 31 3 100 4744118 2.007760807
28 21 3 100 1340855 2.007818396
0 21 3 100 5799 2.007819514
16 28 3 100 204911 2.007824283
24 29 3 100 662811 2.007828765
27 18 3 100 78538 2.007840029
24 25 3 100 48679 2.007845550
30 21 3 100 160705 2.007855212
17 16 3 100 2820570 2.007880383
27 30 3 100 20153872 2.007891721
28 19 3 100 900215 2.007927287
3 18 3 100 29281 2.007934611
24 16 3 100 41724 2.007944523
28 30 3 100 29657 2.007961867
28 29 3 100 22024 2.007965033
30 17 3 100 716887 2.008000507
17 27 3 100 50832 2.008009171
16 20 3 100 25541 2.008021900
25 17 3 100 33126 2.008025674
21 29 3 100 7610 2.008038530
25 28 3 100 403360 2.008040882
31 27 3 100 120196 2.008064369
9 25 3 100 12092 2.008086123
17 30 3 100 106882 2.008095003
21 23 3 100 13165747 2.008098611
4 26 3 100 195437 2.008131822
24 23 3 100 4232 2.008153680
30 23 3 100 1498 2.008160625
26 27 3 100 5548 2.008161461
27 31 3 100 269713 2.008177522
26 19 3 100 191612 2.008188019
24 16 3 100 64203 2.008188993
20 18 3 100 2077 2.008197286
17 22 3 100 2696 2.008212558
25 21 3 100 129224 2.008226616
28 29 3 100 1827929 2.008229589
25 22 3 100 53625 2.008275717
27 16 3 100 6251 2.008276968
17 25 3 100 768938 2.008295010
21 17 3 100 1210509 2.008311473
19 31 3 100 28279 2.008312113
24 23 3 100 22792 2.008315144
21 20 3 100 9700 2.008320542
22 26 3 100 1797450 2.008328669
30 27 3 100 3616189 2.008338646
30 26 3 100 3459156 2.008351529
31 24 3 100 10786 2.008372782
19 20 3 100 3116345 2.008404191
20 24 3 100 21212 2.008414911
29 24 3 100 31941 2.008420803
19 24 3 100 60793 2.008422047
3 26 3 100 90562 2.008422956
30 25 3 100 2312523 2.008489718
19 22 3 100 70053 2.008537342
25 19 3 100 8025 2.008548978
26 22 3 100 1282978 2.008567842
28 31 3 100 55283 2.008587185
23 29 3 100 64912 2.008591252
19 30 3 100 2343899 2.008592072
20 19 3 100 79159 2.008613054
16 29 3 100 34393 2.008625173
16 30 3 100 10982 2.008645599
29 21 3 100 15530 2.008657345
16 30 3 100 6586 2.008672658
16 23 3 100 21488 2.008683806
25 22 3 100 39855 2.008692691
21 16 3 100 58051 2.008693258
22 28 3 100 45311 2.008701638
21 31 3 100 9143 2.008718320
18 31 3 100 12580549 2.008718941
8 23 3 100 57232 2.008728271
26 17 3 100 19008 2.008728709
31 27 3 100 26555 2.008730173
29 26 3 100 9697 2.008753549
24 29 3 100 57313 2.008774418
21 20 3 100 21175987 2.008784860
31 28 3 100 25639 2.008812394
25 22 3 100 1725099 2.008829450
18 29 3 100 1490813 2.008855044
26 18 3 100 3375076 2.008858349
26 20 3 100 21474 2.008882111
4 31 3 100 33460 2.008893365
22 16 3 100 105165 2.008897988
29 21 3 100 180940 2.008900624
29 26 3 100 73191 2.008960486
25 27 3 100 21969 2.009000606
29 24 3 100 1994555 2.009014636
31 16 3 100 3627804 2.009026127
8 19 3 100 529066 2.009029968
22 23 3 100 26951 2.009038653
31 29 3 100 62355 2.009054854
23 27 3 100 26179 2.009081300
20 17 3 100 30141 2.009098234
16 27 3 100 33735 2.009107904
16 27 3 100 138265 2.009108401
31 18 3 100 326349 2.009122425
29 26 3 100 35835 2.009124482
3 27 3 100 22717 2.009145979
27 23 3 100 1217277 2.009149145
21 25 3 100 16534482 2.009152435
26 30 3 100 6461141 2.009220921
31 21 3 100 2613 2.009236167
10 19 3 100 24697 2.009246675
21 27 3 100 617544 2.009246828
27 16 3 100 3989790 2.009265105
24 19 3 100 9412 2.009265255
31 21 3 100 9694 2.009287232
18 22 3 100 52554 2.009287447
23 17 3 100 4542906 2.009298144
30 17 3 100 1960747 2.009307343
19 26 3 100 5327307 2.009309833
24 31 3 100 20960 2.009320837
21 24 3 100 3973458 2.009333165
30 24 3 100 4258131 2.009333399
21 19 3 100 12219750 2.009415201
23 16 3 100 369796 2.009444122
25 26 3 100 467577 2.009448229
26 21 3 100 254280 2.009457066
14 21 3 100 35220 2.009470682
3 17 3 100 2017501 2.009499485
25 28 3 100 4145680 2.009501615
1 18 3 100 56386 2.009524852
27 26 3 100 20249 2.009528802
24 20 3 100 102556 2.009539021
26 29 3 100 149987 2.009540367
20 22 3 100 56924 2.009549296
17 24 3 100 11161 2.009562535
21 27 3 100 7886361 2.009562650
18 31 3 100 32149 2.009582388
17 28 3 100 103329 2.009611912
17 27 3 100 4275622 2.009613919
18 27 3 100 1994235 2.009628735
3 19 3 100 29939 2.009641227
26 29 3 100 51612 2.009702634
31 20 3 100 4007531 2.009706831
25 18 3 100 79756 2.009712898
28 24 3 100 1081837 2.009739266
6 31 3 100 30611 2.009766185
24 20 3 100 21518 2.009775273
11 24 3 100 4560398 2.009783355
16 23 3 100 451 2.009799895
24 29 3 100 51306 2.009825970
24 27 3 100 519081 2.009851564
29 24 3 100 174740 2.009861857
21 16 3 100 13979 2.009863774
16 26 3 100 4163802 2.009893908
20 19 3 100 64590 2.009897915
23 27 3 100 55428 2.009908046
22 17 3 100 965058 2.009921332
19 26 3 100 13862 2.009931916
18 26 3 100 26878970 2.009954751
28 30 3 100 942058 2.009955342
18 21 3 100 5363735 2.009978891
30 17 3 100 144578 2.009979301
26 21 3 100 12089 2.009979792
27 16 3 100 1997405 2.009987141
29 25 3 100 58719 2.009994446
27 31 3 100 24378 2.010000565
21 24 3 100 1333 2.010071424
13 16 3 100 24983 2.010078000
29 16 3 100 5723123 2.010086440
29 16 3 100 74032 2.010106038
25 21 3 100 11097512 2.010121913
19 28 3 100 9683 2.010126756
31 30 3 100 1920 2.010141398
26 18 3 100 249413 2.010151233
31 18 3 100 3630995 2.010163635
27 30 3 100 28279 2.010174036
20 24 3 100 23287 2.010177483
30 16 3 100 3385 2.010180626
18 26 3 100 1943616 2.010197193
30 16 3 100 15711162 2.010231093
28 18 3 100 51132 2.010235933
26 16 3 100 39141 2.010236178
23 31 3 100 2710489 2.010236929
20 28 3 100 21538 2.010240750
1 30 3 100 19552 2.010294781
22 24 3 100 8812 2.010339617
19 25 3 100 8070370 2.010364032
24 31 3 100 6438 2.010366948
17 16 3 100 1254951 2.010372551
31 29 3 100 73702 2.010391162
22 17 3 100 3834763 2.010401147
18 23 3 100 21025 2.010403989
22 26 3 100 27499 2.010414384
21 18 3 100 3382754 2.010417820
24 23 3 100 22571 2.010441423
2 16 3 100 63831 2.010447293
23 18 3 100 23530 2.010449714
17 26 3 100 2453 2.010459765
21 26 3 100 4188187 2.010462529
25 18 3 100 6963 2.010469927
21 24 3 100 51956 2.010471904
26 28 3 100 26239 2.010503551
23 30 3 100 12966 2.010507453
19 27 3 100 186241 2.010519673
21 18 3 100 25944 2.010525286
25 27 3 100 120853 2.010525294
16 24 3 100 68959 2.010553411
31 28 3 100 63511 2.010553565
23 24 3 100 73419 2.010553716
18 20 3 100 260430 2.010564254
30 28 3 100 4452925 2.010588167
19 27 3 100 408876 2.010613375
27 28 3 100 2664546 2.010620280
28 31 3 100 1830467 2.010639816
2 17 3 100 22641 2.010676297
26 19 3 100 1175895 2.010706118
18 27 3 100 1485983 2.010765326
31 28 3 100 1149460 2.010780416
23 25 3 100 6529 2.010782546
27 24 3 100 2495681 2.010796636
31 30 3 100 2942007 2.010812560
13 26 3 100 181953 2.010873182
21 17 3 100 3993969 2.010875797
23 20 3 100 1290626 2.010889062
16 17 3 100 12094827 2.010890283
16 28 3 100 127689 2.010900276
26 30 3 100 3635275 2.010958539
30 31 3 100 9422 2.010977114
29 27 3 100 87736 2.010978609
13 22 3 100 7695835 2.010979135
30 26 3 100 6895567 2.011009577
27 29 3 100 50612 2.011021587
16 24 3 100 185608 2.011025296
25 19 3 100 27596 2.011032323
24 29 3 100 671 2.011045040
24 17 3 100 147497 2.011066866
27 20 3 100 1599381 2.011110591
16 17 3 100 388 2.011129648
29 28 3 100 26345 2.011129804
26 30 3 100 59800 2.011152371
16 21 3 100 3092379 2.011166156
19 26 3 100 44475 2.011166888
27 23 3 100 7006 2.011174978
9 16 3 100 64945 2.011179716
31 28 3 100 52428 2.011180172
20 23 3 100 14384 2.011182275
24 23 3 100 1860360 2.011203323
17 23 3 100 6009 2.011214861
19 18 3 100 9941291 2.011276877
28 27 3 100 3489239 2.011278204
28 23 3 100 88264 2.011316180
31 20 3 100 3572546 2.011320118
26 23 3 100 79789 2.011324519
26 21 3 100 15755274 2.011338201
16 17 3 100 20715267 2.011376208
21 31 3 100 50944 2.011376385
17 23 3 100 39609 2.011390279
7 31 3 100 7948068 2.011399259
27 30 3 100 51527 2.011417549
16 30 3 100 3792001 2.011425224
26 23 3 100 273826 2.011428470
16 29 3 100 68078 2.011451753
25 31 3 100 100416 2.011461071
27 17 3 100 13945 2.011474866
26 16 3 100 192 2.011480300
4 30 3 100 31847 2.011483011
17 19 3 100 597836 2.011529798
24 25 3 100 160549 2.011534444
27 24 3 100 42631 2.011549793
30 18 3 100 190769 2.011562686
29 26 3 100 1166803 2.011584660
21 29 3 100 29196 2.011585282
22 25 3 100 482853 2.011587923
14 23 3 100 29497 2.011595096
23 27 3 100 2387 2.011595197
27 21 3 100 1243703 2.011595546
24 26 3 100 25308 2.011604380
29 19 3 100 735603 2.011639712
23 21 3 100 29013 2.011648342
25 16 3 100 1266366 2.011655281
17 28 3 100 2609425 2.011656376
29 17 3 100 5033 2.011700446
17 25 3 100 13898 2.011702717
16 18 3 100 365291 2.011723147
30 29 3 100 69332 2.011729528
23 21 3 100 1198417 2.011744548
30 31 3 100 6158106 2.011745053
23 25 3 100 14358 2.011754163
16 20 3 100 4908392 2.011764660
11 28 3 100 1946779 2.011773431
17 21 3 100 7770630 2.011782187
29 25 3 100 29318551 2.011783995
29 16 3 100 2149031 2.011788453
28 25 3 100 9903643 2.011796700
29 16 3 100 3341120 2.011805737
16 26 3 100 19142 2.011808066
28 17 3 100 11623 2.011856464
23 25 3 100 5189 2.011859555
28 18 3 100 1158247 2.011864256
17 27 3 100 8769891 2.011872295
26 25 3 100 453598 2.011894903
27 21 3 100 4924526 2.011906898
18 25 3 100 1149060 2.011909695
27 20 3 100 42402 2.011935924
27 18 3 100 2029 2.011950503
13 21 3 100 812817 2.011982263
31 25 3 100 70619 2.011996245
4 20 3 100 179064 2.012007762
29 28 3 100 752599 2.012008480
27 18 3 100 2198380 2.012014918
24 29 3 100 32749 2.012020417
23 18 3 100 111008 2.012023795
23 19 3 100 19962561 2.012030597
25 31 3 100 616536 2.012039434
28 27 3 100 75226 2.012047204
23 24 3 100 278707 2.012053471
7 27 3 100 911249 2.012056839
18 24 3 100 31165 2.012060949
26 17 3 100 2061564 2.012061116
26 21 3 100 43672 2.012063263
27 16 3 100 6412517 2.012108191
29 24 3 100 322286 2.012109063
16 27 3 100 4179 2.012109373
17 19 3 100 776981 2.012117210
28 16 3 100 28655 2.012117364
22 20 3 100 65781 2.012127214
20 16 3 100 17836 2.012133145
26 19 3 100 33173 2.012160761
26 21 3 100 157598 2.012163540
19 31 3 100 79053 2.012168524
27 30 3 100 377 2.012169324
23 29 3 100 4787553 2.012182102
25 29 3 100 3433 2.012191606
28 24 3 100 5735758 2.012200557
19 20 3 100 3752408 2.012223731
19 20 3 100 155478 2.012225606
31 18 3 100 2792891 2.012236030
22 30 3 100 7083651 2.012247723
28 24 3 100 1116610 2.012248626
24 30 3 100 27921 2.012253127
21 22 3 100 36697 2.012268341
0 28 3 100 61231 2.012313490
17 30 3 100 100959 2.012320388
22 30 3 100 114807 2.012333697
27 16 3 100 9954607 2.012343213
21 16 3 100 7007 2.012362052
1 21 3 100 31163 2.012364661
22 28 3 100 131989 2.012384820
17 30 3 100 6114 2.012385051
16 21 3 100 3518 2.012388169
16 25 3 100 41534 2.012401488
17 26 3 100 4370 2.012408568
17 26 3 100 62795 2.012427379
22 31 3 100 2487090 2.012451461
23 19 3 100 16366 2.012470142
19 23 3 100 1624446 2.012491218
28 31 3 100 8161536 2.012491346
21 26 3 100 64773 2.012513898
27 25 3 100 56323 2.012539127
27 24 3 100 1029919 2.012550188
20 30 3 100 2066807 2.012553010
27 31 3 100 68248 2.012569341
6 31 3 100 3707700 2.012571379
16 23 3 100 78627 2.012585686
30 16 3 100 868400 2.012588146
16 17 3 100 71839 2.012594820
30 22 3 100 50983 2.012606345
22 21 3 100 9042 2.012661110
28 20 3 100 3153413 2.012673330
22 28 3 100 940008 2.012674279
24 23 3 100 77442 2.012708841
26 27 3 100 6017486 2.012736465
25 27 3 100 9306 2.012746260
26 24 3 100 2946700 2.012750501
28 19 3 100 4424745 2.012753893
23 31 3 100 1058726 2.012758921
30 24 3 100 3241584 2.012777619
20 26 3 100 16156 2.012806837
22 25 3 100 1002678 2.012815612
28 24 3 100 8371 2.012822646
21 24 3 100 25151 2.012836937
29 28 3 100 158862 2.012866387
25 21 3 100 2423907 2.012877990
22 29 3 100 4728 2.012903292
19 26 3 100 2734731 2.012906351
28 29 3 100 60207 2.012914231
24 29 3 100 11845 2.012931361
29 31 3 100 15121 2.012935053
18 17 3 100 141804 2.012946943
21 27 3 100 2260998 2.012950730
6 25 3 100 7499590 2.012956120
24 21 3 100 118509 2.012968120
29 16 3 100 9864330 2.012997090
20 23 3 100 6237846 2.012999525
21 22 3 100 3973 2.013010471
26 30 3 100 17565 2.013018286
28 27 3 100 1786 2.013023548
26 19 3 100 20694 2.013034824
29 18 3 100 8828809 2.013042172
17 31 3 100 620685 2.013048188
28 17 3 100 7065 2.013054277
25 18 3 100 188179 2.013088210
27 22 3 100 2153505 2.013096696
29 18 3 100 1848613 2.013112809
22 26 3 100 27064 2.013152089
27 17 3 100 11336233 2.013159454
13 27 3 100 13308 2.013160775
20 22 3 100 47523 2.013163964
18 27 3 100 1057198 2.013167339
27 29 3 100 7012 2.013186012
28 23 3 100 71279 2.013208062
24 20 3 100 32632 2.013210930
26 27 3 100 3665071 2.013234774
23 24 3 100 85937 2.013266783
24 21 3 100 67595 2.013299446
24 27 3 100 307447 2.013301952
23 19 3 100 3791705 2.013324183
26 31 3 100 3960 2.013326630
28 26 3 100 415120 2.013333077
20 31 3 100 1788269 2.013390759
23 17 3 100 72028 2.013416685
29 25 3 100 917603 2.013427420
20 19 3 100 4479 2.013450933
20 30 3 100 1634707 2.013471717
27 17 3 100 1492039 2.013474749
19 26 3 100 34800 2.013493829
26 25 3 100 26973 2.013511702
27 19 3 100 18180 2.013530680
24 17 3 100 1738963 2.013550868
22 18 3 100 121222 2.013559770
16 23 3 100 52495 2.013594881
17 20 3 100 9766061 2.013598155
28 29 3 100 8233469 2.013599062
3 22 3 100 6689 2.013602019
18 24 3 100 16793 2.013645727
30 23 3 100 574876 2.013653380
30 23 3 100 20286 2.013655494
16 18 3 100 42855 2.013667708
27 22 3 100 1483818 2.013692994
25 17 3 100 20012 2.013694845
27 19 3 100 3768 2.013723859
29 21 3 100 29389 2.013732948
17 21 3 100 23808 2.013758416
28 23 3 100 9297324 2.013822864
22 24 3 100 42808 2.013825391
20 28 3 100 22173 2.013939653
22 30 3 100 13335545 2.013956260
18 24 3 100 23359 2.013980786
30 17 3 100 732152 2.013982476
31 20 3 100 5484 2.014002697
23 17 3 100 18124 2.014004817
17 27 3 100 38551 2.014016729
17 25 3 100 7418208 2.014028070
17 25 3 100 7098 2.014035962
28 17 3 100 22487 2.014058754
16 24 3 100 12326 2.014087459
24 20 3 100 1685754 2.014093643
27 28 3 100 31698 2.014100729
16 18 3 100 2210669 2.014166554
31 17 3 100 43786 2.014170876
29 16 3 100 64131 2.014197579
26 16 3 100 65172 2.014217586
24 16 3 100 75166 2.014219821
28 17 3 100 28376086 2.014229307
28 21 3 100 2918415 2.014271001
21 26 3 100 1443800 2.014272637
22 23 3 100 2125771 2.014278248
20 28 3 100 65711 2.014287215
16 28 3 100 13221 2.014287986
17 21 3 100 1144991 2.014295468
17 27 3 100 82590 2.014309928
29 18 3 100 67303 2.014317214
23 16 3 100 8719 2.014329705
28 25 3 100 30353 2.014367213
28 20 3 100 7484 2.014370107
22 17 3 100 4653453 2.014414722
16 24 3 100 98945 2.014419258
24 17 3 100 9434858 2.014435234
27 24 3 100 62626 2.014449390
22 27 3 100 6070661 2.014451262
27 24 3 100 27411 2.014451425
27 16 3 100 22554 2.014452049
8 23 3 100 183582 2.014461466
25 20 3 100 1827202 2.014473215
16 29 3 100 2926 2.014483893
25 27 3 100 619231 2.014509601
27 18 3 100 5590 2.014555023
16 26 3 100 6066 2.014557096
2 18 3 100 15598 2.014557514
7 29 3 100 2640 2.014575987
19 27 3 100 26845 2.014588886
20 17 3 100 19594636 2.014592870
23 18 3 100 4035431 2.014623821
26 24 3 100 8099 2.014645018
23 20 3 100 5221804 2.014645877
5 23 3 100 6789 2.014647008
18 26 3 100 43365 2.014658674
27 17 3 100 630560 2.014752618
24 23 3 100 7998 2.014752943
20 24 3 100 988423 2.014761620
25 28 3 100 111701 2.014816977
24 16 3 100 33778 2.014836067
27 23 3 100 7484 2.014853720
10 24 3 100 3978 2.014859425
28 21 3 100 46532 2.014885349
20 25 3 100 2413 2.014889188
24 29 3 100 35903 2.014937829
30 21 3 100 31759 2.014939502
22 21 3 100 41059 2.014957871
16 31 3 100 435568 2.014992341
21 29 3 100 4290678 2.015001560
23 16 3 100 886456 2.015031437
20 23 3 100 28587 2.015032799
18 31 3 100 16886 2.015048436
30 26 3 100 7514800 2.015058510
16 21 3 100 19395801 2.015069181
16 18 3 100 37662 2.015076750
29 16 3 100 1376 2.015108357
21 26 3 100 160460 2.015110152
29 27 3 100 116428 2.015126910
22 21 3 100 5565 2.015135088
28 27 3 100 29133 2.015138239
18 30 3 100 787811 2.015149445
16 27 3 100 79357 2.015184007
27 19 3 100 21805264 2.015185472
16 23 3 100 20301 2.015188138
25 31 3 100 25437 2.015195795
22 18 3 100 1884845 2.015199142
23 18 3 100 3616618 2.015206403
17 28 3 100 924 2.015216190
1 28 3 100 7797 2.015226270
19 25 3 100 4844448 2.015245657
23 28 3 100 1564800 2.015264385
27 30 3 100 69269 2.015264721
26 18 3 100 69082 2.015270396
7 20 3 100 8831 2.015272278
18 27 3 100 601592 2.015275056
18 27 3 100 20643 2.015278923
24 30 3 100 40676 2.015287857
29 19 3 100 8799230 2.015290017
18 19 3 100 674570 2.015301809
3 26 3 100 17165 2.015315328
28 22 3 100 7142690 2.015330845
22 31 3 100 58682 2.015345684
30 25 3 100 2179 2.015360876
31 21 3 100 36544 2.015364070
25 16 3 100 5778 2.015387779
26 20 3 100 30540 2.015397067
20 21 3 100 2165695 2.015407122
18 27 3 100 17929 2.015431876
16 18 3 100 9478894 2.015450941
22 31 3 100 977734 2.015506286
21 23 3 100 3736 2.015513389
21 23 3 100 26775819 2.015538153
26 28 3 100 2986 2.015573426
21 24 3 100 912084 2.015581900
6 21 3 100 51163 2.015620131
23 19 3 100 1197677 2.015622117
19 31 3 100 7714 2.015625015
21 26 3 100 3520838 2.015628246
27 16 3 100 16157 2.015630027
24 27 3 100 1090275 2.015630510
28 31 3 100 7475793 2.015631365
20 22 3 100 26722 2.015637019
25 27 3 100 2666783 2.015647101
25 28 3 100 376552 2.015647759
25 21 3 100 697743 2.015652736
11 20 3 100 7133571 2.015707163
29 31 3 100 9851804 2.015757368
17 26 3 100 6109 2.015764003
27 24 3 100 28935 2.015773361
13 29 3 100 9673432 2.015776727
31 23 3 100 57511 2.015810705
30 26 3 100 13515 2.015817698
22 24 3 100 86711 2.015821042
17 19 3 100 10666373 2.015824974
30 17 3 100 19901632 2.015836324
16 30 3 100 1237666 2.015866051
26 29 3 100 1805553 2.015886718
19 24 3 100 61954 2.015894655
30 16 3 100 861 2.015919977
27 22 3 100 4139144 2.015982727
24 21 3 100 9908 2.015989403
18 17 3 100 23400 2.015998948
26 27 3 100 6484 2.016001749
23 30 3 100 1192 2.016006605
21 19 3 100 18996 2.016023935
28 29 3 100 4514 2.016040535
31 18 3 100 525964 2.016073018
27 25 3 100 5969988 2.016094332
16 20 3 100 51526 2.016100799
22 17 3 100 170183 2.016105581
24 20 3 100 40998 2.016135282
28 27 3 100 3103526 2.016147088
18 17 3 100 714491 2.016154483
26 21 3 100 3703380 2.016208083
17 28 3 100 166172 2.016223695
27 20 3 100 22771395 2.016234888
30 20 3 100 28967 2.016240740
20 31 3 100 2568 2.016260535
8 26 3 100 9077385 2.016264426
19 21 3 100 455 2.016271694
24 20 3 100 31259 2.016289333
26 25 3 100 3476479 2.016289868
21 26 3 100 3881348 2.016305967
30 22 3 100 146926 2.016317519
19 18 3 100 8214 2.016328763
26 28 3 100 2217 2.016333008
17 22 3 100 1476604 2.016333973
28 18 3 100 23945918 2.016362991
2 24 3 100 23960 2.016370667
21 30 3 100 1470401 2.016372481
24 29 3 100 65549 2.016391077
30 22 3 100 1419255 2.016419003
11 18 3 100 20286 2.016419313
6 24 3 100 259169 2.016483344
22 30 3 100 49207 2.016489884
29 22 3 100 140025 2.016494641
26 31 3 100 613833 2.016497250
25 30 3 100 39213 2.016499371
20 30 3 100 356835 2.016505038
22 20 3 100 50601 2.016556264
21 31 3 100 7549 2.016568890
20 17 3 100 1921236 2.016578573
31 17 3 100 120347 2.016596866
20 19 3 100 122372 2.016604024
16 30 3 100 188159 2.016605940
16 30 3 100 28237169 2.016609873
18 31 3 100 29748 2.016642671
26 29 3 100 715214 2.016682283
30 19 3 100 3679 2.016699842
12 25 3 100 29147 2.016705948
25 30 3 100 15016 2.016711158
28 17 3 100 5249 2.016718142
30 20 3 100 23117 2.016719706
25 24 3 100 183655 2.016748327
11 26 3 100 65603 2.016820419
26 31 3 100 649230 2.016876686
23 19 3 100 13079 2.016877271
24 22 3 100 127676 2.016878432
25 16 3 100 723715 2.016890627
27 24 3 100 11987 2.016904271
18 20 3 100 1195110 2.016932810
4 27 3 100 27527 2.016950695
19 21 3 100 1486509 2.016966441
21 24 3 100 124220 2.016969233
30 28 3 100 1751216 2.017020168
22 28 3 100 4067 2.017032577
26 20 3 100 62948 2.017050232
26 17 3 100 708906 2.017078139
23 26 3 100 3983466 2.017084047
25 23 3 100 740009 2.017099783
23 16 3 100 104989 2.017105415
28 25 3 100 37458 2.017112872
24 16 3 100 14133 2.017114902
16 17 3 100 1526821 2.017125334
16 22 3 100 29931 2.017129463
27 31 3 100 32271 2.017143622
23 20 3 100 1204 2.017166072
27 17 3 100 72672 2.017182827
17 16 3 100 50427 2.017191591
26 23 3 100 70121 2.017211538
22 25 3 100 70262 2.017222707
25 29 3 100 1939 2.017263654
19 22 3 100 24990 2.017277917
24 26 3 100 89376 2.017278901
17 16 3 100 134354 2.017284754
17 29 3 100 719954 2.017290978
29 30 3 100 4382955 2.017312244
26 17 3 100 9016171 2.017322741
19 22 3 100 17610 2.017323683
24 18 3 100 803919 2.017341394
28 27 3 100 1606258 2.017348690
25 24 3 100 407808 2.017371769
21 31 3 100 73219 2.017387546
19 26 3 100 64789 2.017398920
18 19 3 100 535087 2.017404663
22 31 3 100 10715 2.017414852
28 27 3 100 9601104 2.017417410
17 16 3 100 5663 2.017419438
21 18 3 100 2318 2.017426848
17 22 3 100 7082866 2.017429448
4 24 3 100 8438187 2.017442842
27 26 3 100 29031859 2.017452636
25 29 3 100 11913140 2.017489158
22 27 3 100 2098773 2.017496465
12 17 3 100 99495 2.017497102
20 22 3 100 95242 2.017509730
20 28 3 100 3596231 2.017516542
23 25 3 100 28775 2.017540507
21 25 3 100 5567 2.017562714
25 17 3 100 1949 2.017572732
17 25 3 100 74290 2.017575471
30 17 3 100 38274 2.017576224
24 30 3 100 22134 2.017584341
18 26 3 100 482 2.017594522
18 17 3 100 249497 2.017616998
30 19 3 100 9169 2.017622528
16 20 3 100 48875 2.017688903
31 18 3 100 799940 2.017695127
24 25 3 100 8241739 2.017715713
30 20 3 100 48835 2.017731772
25 21 3 100 2413 2.017762750
22 20 3 100 27779 2.017767885
26 29 3 100 37033 2.017791451
17 18 3 100 14673500 2.017800817
21 24 3 100 9884 2.017801739
31 28 3 100 3863027 2.017821520
16 17 3 100 324957 2.017835002
30 31 3 100 186164 2.017840469
24 19 3 100 50687 2.017843429
22 16 3 100 61504 2.017861403
19 26 3 100 9266 2.017872913
22 18 3 100 44004 2.017876587
17 26 3 100 59818 2.017904136
25 27 3 100 472185 2.017918971
17 29 3 100 21510 2.017923001
30 23 3 100 52100 2.017939131
19 23 3 100 40837 2.017941159
31 26 3 100 1644846 2.017942144
1 27 3 100 7947 2.017949224
21 29 3 100 639135 2.017964428
18 24 3 100 7484 2.017972423
26 28 3 100 5303011 2.017978094
31 26 3 100 3924549 2.018007639
20 24 3 100 20547 2.018020086
29 31 3 100 2142 2.018026096
24 25 3 100 60132 2.018036010
25 31 3 100 4962 2.018038686
27 26 3 100 2603 2.018042510
7 17 3 100 7605 2.018044937
24 18 3 100 3545 2.018086412
10 25 3 100 766232 2.018104654
24 30 3 100 60435 2.018120461
19 24 3 100 66357 2.018121908
25 26 3 100 4610 2.018149951
23 21 3 100 73925 2.018152727
26 18 3 100 2263754 2.018159695
16 25 3 100 4747700 2.018177814
17 28 3 100 1371748 2.018179625
16 22 3 100 4543643 2.018189067
20 21 3 100 717679 2.018189941
16 22 3 100 5861 2.018193248
29 18 3 100 73517 2.018193719
5 24 3 100 6139 2.018213160
17 28 3 100 1601228 2.018218547
23 20 3 100 4768 2.018238365
24 30 3 100 6460 2.018247342
24 31 3 100 1293733 2.018273303
28 21 3 100 2927 2.018279174
28 24 3 100 35106 2.018280464
18 22 3 100 304616 2.018291495
20 22 3 100 32483 2.018295416
30 25 3 100 9650 2.018308169
20 23 3 100 8717 2.018311095
17 27 3 100 3172 2.018342193
24 23 3 100 306 2.018349686
25 24 3 100 155847 2.018351101
31 21 3 100 10445 2.018351833
24 28 3 100 512740 2.018352745
21 24 3 100 341739 2.018366006
22 26 3 100 183408 2.018416729
2 21 3 100 2222049 2.018433808
31 27 3 100 7576703 2.018434598
16 22 3 100 165657 2.018439562
31 24 3 100 306320 2.018440710
27 17 3 100 1258 2.018463666
20 25 3 100 4564125 2.018466322
18 19 3 100 27381 2.018474696
26 30 3 100 893860 2.018508544
25 26 3 100 66507 2.018510020
5 30 3 100 55866 2.018519324
29 30 3 100 37717 2.018528689
17 24 3 100 2951338 2.018589538
25 16 3 100 132186 2.018604785
25 28 3 100 9870 2.018623714
29 20 3 100 23815 2.018635091
29 16 3 100 71949 2.018638581
21 24 3 100 2437 2.018653749
22 19 3 100 27819172 2.018725011
23 20 3 100 24068 2.018730389
18 24 3 100 619514 2.018768542
25 30 3 100 146489 2.018769515
23 26 3 100 13302 2.018770969
16 26 3 100 59096 2.018777129
21 28 3 100 29051 2.018781655
31 27 3 100 6255 2.018800009
24 29 3 100 49584 2.018831405
31 19 3 100 10339243 2.018838936
29 19 3 100 9571537 2.018852711
19 18 3 100 163351 2.018853465
25 22 3 100 159206 2.018871538
28 29 3 100 79262 2.018896006
26 19 3 100 777810 2.018924304
23 31 3 100 45082 2.018926374
31 24 3 100 11646 2.018947077
17 22 3 100 805316 2.018969466
30 17 3 100 42261 2.018973215
21 16 3 100 720 2.019006603
26 17 3 100 36137 2.019018201
19 16 3 100 173637 2.019026817
21 30 3 100 1848905 2.019046134
29 16 3 100 41285 2.019050109
19 27 3 100 4348812 2.019067328
27 16 3 100 2777397 2.019070079
20 22 3 100 627876 2.019072455
26 20 3 100 52492 2.019073359
11 21 3 100 6942235 2.019088907
25 20 3 100 73828 2.019094583
16 19 3 100 4819621 2.019098838
29 27 3 100 2287 2.019102595
18 24 3 100 21567 2.019122765
18 25 3 100 168982 2.019126944
30 23 3 100 1994068 2.019141429
19 29 3 100 4688323 2.019142115
23 17 3 100 14580 2.019157362
31 21 3 100 93811 2.019161879
28 26 3 100 419411 2.019170641
27 20 3 100 98630 2.019171566
29 20 3 100 9392330 2.019175916
15 28 3 100 21744 2.019180041
17 22 3 100 45617 2.019187855
20 25 3 100 1439846 2.019190284
13 27 3 100 7186061 2.019199921
17 22 3 100 2356 2.019212118
18 27 3 100 5855589 2.019242359
23 16 3 100 3194368 2.019245132
31 25 3 100 99360 2.019312142
22 30 3 100 21533 2.019314945
19 25 3 100 22967679 2.019318685
28 17 3 100 48287 2.019323346
23 29 3 100 1315070 2.019340833
24 29 3 100 92395 2.019348663
29 19 3 100 21441 2.019362091
21 28 3 100 57359 2.019367867
20 30 3 100 52468 2.019389794
23 22 3 100 729 2.019392060
22 25 3 100 21492 2.019394155
5 22 3 100 33471 2.019403110
21 24 3 100 110816 2.019435249
23 28 3 100 23697 2.019437805
22 16 3 100 4817897 2.019445276
29 21 3 100 9649460 2.019446153
30 19 3 100 913298 2.019449796
1 17 3 100 61138 2.019464201
31 23 3 100 2598 2.019525584
23 22 3 100 62631 2.019561203
27 18 3 100 11251 2.019570998
22 21 3 100 46946 2.019581444
21 29 3 100 2295 2.019581842
19 17 3 100 14746386 2.019587498
22 23 3 100 77691 2.019588342
22 28 3 100 935460 2.019642735
6 21 3 100 5334815 2.019648933
29 24 3 100 27016101 2.019660667
30 23 3 100 2833508 2.019680490
31 18 3 100 603800 2.019684667
17 27 3 100 561 2.019688417
19 23 3 100 4927866 2.019710987
29 27 3 100 68132 2.019713915
16 17 3 100 29929004 2.019722207
23 29 3 100 27645 2.019731530
30 19 3 100 152597 2.019737516
15 22 3 100 913949 2.019744664
17 31 3 100 5836580 2.019749498
20 26 3 100 32271 2.019755107
29 17 3 100 734670 2.019758914
27 16 3 100 320418 2.019772357
2 16 3 100 138224 2.019779080
25 29 3 100 1073233 2.019779216
31 25 3 100 23180 2.019819281
17 22 3 100 108058 2.019827991
16 18 3 100 3784222 2.019858731
30 19 3 100 4954043 2.019939084
21 20 3 100 6041775 2.019940474
26 28 3 100 8687936 2.019942997
26 20 3 100 87833 2.019944732
30 18 3 100 17754 2.019946711
16 31 3 100 4935 2.019958491
3 23 3 100 381432 2.019963290
29 23 3 100 4635787 2.019990634
23 21 3 100 48820 2.020004161
18 24 3 100 2942070 2.020010895
4 26 3 100 399717 2.020011427
24 29 3 100 19542534 2.020015523
9 20 3 100 5706116 2.020026523
22 24 3 100 1457893 2.020036186
21 17 3 100 8101 2.020050389
29 31 3 100 17795 2.020054760
23 19 3 100 25900 2.020057577
20 22 3 100 2114 2.020068428
17 25 3 100 8994 2.020116053
23 18 3 100 79264 2.020158757
28 19 3 100 1302814 2.020160225
31 28 3 100 4303 2.020162123
26 23 3 100 124708 2.020180537
19 28 3 100 1957897 2.020181970
23 18 3 100 3928 2.020197679
23 31 3 100 67193 2.020205348
9 21 3 100 5293 2.020225210
27 17 3 100 6715 2.020237823
26 31 3 100 68952 2.020245331
24 19 3 100 7344 2.020259070
20 23 3 100 6234592 2.020299545
23 19 3 100 15347 2.020302523
24 18 3 100 76145 2.020311281
22 30 3 100 3927337 2.020319491
31 16 3 100 707496 2.020324059
29 18 3 100 1705539 2.020339561
21 28 3 100 39103 2.020347107
17 25 3 100 76327 2.020348860
29 28 3 100 1605772 2.020379724
2 25 3 100 4943 2.020383943
16 26 3 100 1163313 2.020385180
16 21 3 100 944972 2.020394636
23 17 3 100 25004 2.020400390
17 16 3 100 4010634 2.020412837
28 23 3 100 12403 2.020419694
29 18 3 100 22328 2.020420211
12 30 3 100 5480860 2.020436938
21 22 3 100 1059981 2.020451136
21 29 3 100 6685 2.020461664
17 18 3 100 256517 2.020498662
24 26 3 100 20704 2.020522288
29 24 3 100 1002849 2.020572176
28 23 3 100 51945 2.020573405
30 16 3 100 47931 2.020615569
16 17 3 100 4272608 2.020615795
18 21 3 100 193405 2.020625381
30 20 3 100 8771025 2.020628133
30 16 3 100 77353 2.020677316
21 19 3 100 121421 2.020690843
22 26 3 100 54330 2.020695375
27 24 3 100 7794727 2.020696900
7 29 3 100 8527090 2.020725041
21 26 3 100 4902231 2.020740980
17 20 3 100 6900349 2.020788318
21 16 3 100 73347 2.020799348
18 21 3 100 39668 2.020837451
28 17 3 100 28672 2.020860943
29 21 3 100 5887276 2.020875153
29 27 3 100 7617 2.020876910
30 23 3 100 33034 2.020918950
31 23 3 100 15876 2.020920085
28 22 3 100 932509 2.020929163
25 28 3 100 11984 2.020939068
18 23 3 100 1692 2.020941826
19 30 3 100 2657 2.020953151
28 29 3 100 1259613 2.020963606
28 21 3 100 36637 2.020968590
29 16 3 100 1574 2.020977025
16 31 3 100 49657 2.020980999
31 25 3 100 103802 2.020989954
27 30 3 100 79070 2.021005048
27 17 3 100 3843 2.021010387
23 19 3 100 195471 2.021013447
31 26 3 100 2996651 2.021017486
19 22 3 100 22380 2.021023015
27 17 3 100 36880 2.021023886
19 24 3 100 20572 2.021036784
19 31 3 100 25397290 2.021072008
26 20 3 100 5065 2.021086092
31 25 3 100 1849948 2.021095555
30 23 3 100 22935 2.021113659
16 26 3 100 1918353 2.021125706
22 28 3 100 555142 2.021152217
27 17 3 100 70875 2.021157899
26 21 3 100 3914968 2.021180336
19 26 3 100 26202 2.021203667
17 25 3 100 4436274 2.021217947
21 19 3 100 415169 2.021312720
23 20 3 100 9330 2.021330501
29 20 3 100 3684682 2.021335407
21 22 3 100 31332 2.021344365
20 27 3 100 2544243 2.021348043
31 22 3 100 1811617 2.021348494
21 31 3 100 2618 2.021381408
31 17 3 100 73374 2.021386461
17 29 3 100 49947 2.021398661
31 19 3 100 3313 2.021411623
6 27 3 100 49717 2.021438168
22 29 3 100 2525 2.021439343
22 21 3 100 71912 2.021470256
25 29 3 100 10227306 2.021521346
25 17 3 100 4712666 2.021551437
29 17 3 100 9844 2.021555267
20 26 3 100 4475003 2.021576631
29 28 3 100 5074 2.021584031
18 29 3 100 14181 2.021591068
16 27 3 100 38493 2.021604375
30 22 3 100 26290 2.021619430
22 21 3 100 186149 2.021621636
25 18 3 100 25434 2.021646672
29 26 3 100 22835 2.021649906
16 17 3 100 68142 2.021683175
25 16 3 100 787923 2.021686317
22 30 3 100 8218890 2.021697689
14 22 3 100 50748 2.021700547
24 21 3 100 27528 2.021734272
8 19 3 100 61663 2.021764382
27 17 3 100 333003 2.021779640
16 20 3 100 2190363 2.021791578
29 16 3 100 68338 2.021812851
18 19 3 100 384051 2.021822048
18 27 3 100 1938 2.021842750
21 23 3 100 4258047 2.021859580
19 18 3 100 1005026 2.021887670
22 17 3 100 749 2.021906903
15 16 3 100 38287 2.021915730
23 29 3 100 10216 2.021923455
22 20 3 100 3548816 2.021945184
30 21 3 100 73076 2.021998288
28 18 3 100 184563 2.022001181
26 25 3 100 2272239 2.022015900
21 17 3 100 68264 2.022018939
17 16 3 100 95911 2.022032727
18 30 3 100 163018 2.022033275
19 21 3 100 67152 2.022043065
31 26 3 100 14126 2.022043863
25 23 3 100 1211867 2.022045064
27 31 3 100 9814 2.022045251
27 31 3 100 1551694 2.022076315
30 21 3 100 139383 2.022095189
26 17 3 100 45670 2.022104613
28 29 3 100 2408 2.022109351
22 21 3 100 8972862 2.022112465
26 29 3 100 24898 2.022121170
25 18 3 100 46129 2.022203757
24 26 3 100 6099 2.022211243
24 28 3 100 23299 2.022222294
31 16 3 100 859361 2.022224608
26 16 3 100 4972448 2.022226942
16 28 3 100 1721477 2.022242047
27 18 3 100 6352 2.022245746
8 31 3 100 6364 2.022276699
10 25 3 100 3044122 2.022279402
21 24 3 100 65015 2.022282744
29 24 3 100 1218750 2.022328442
19 29 3 100 8886 2.022330966
24 23 3 100 2930355 2.022429501
18 19 3 100 39041 2.022437779
21 23 3 100 68240 2.022443437
24 18 3 100 4574111 2.022449665
16 23 3 100 1829010 2.022484966
27 28 3 100 1491313 2.022516680
7 19 3 100 26388 2.022520995
30 22 3 100 1505343 2.022532689
17 30 3 100 35767 2.022547668
27 17 3 100 1043939 2.022562373
6 29 3 100 309744 2.022562461
21 29 3 100 394841 2.022584695
31 30 3 100 441118 2.022586336
28 31 3 100 34730 2.022620283
25 16 3 100 4237982 2.022620359
24 18 3 100 1264166 2.022630533
28 20 3 100 930023 2.022643342
31 26 3 100 18785522 2.022643395
23 28 3 100 7296527 2.022669782
16 27 3 100 465399 2.022670211
17 29 3 100 23368 2.022670317
29 23 3 100 930452 2.022674648
19 31 3 100 35276 2.022675422
24 19 3 100 73515 2.022707739
22 29 3 100 2111308 2.022708026
17 21 3 100 2116125 2.022709353
23 19 3 100 26859 2.022712030
13 25 3 100 36711 2.022731586
22 29 3 100 71708 2.022739632
23 24 3 100 39337 2.022742305
16 26 3 100 7834354 2.022757257
31 16 3 100 1012672 2.022761845
20 28 3 100 27888 2.022772750
11 24 3 100 528301 2.022797853
19 20 3 100 1015319 2.022823734
16 31 3 100 5331666 2.022833405
30 20 3 100 31524 2.022858795
16 30 3 100 3524593 2.022859663
16 23 3 100 126539 2.022870586
17 25 3 100 937832 2.022875976
22 19 3 100 6721 2.022879862
28 17 3 100 926689 2.022900488
26 22 3 100 2175 2.022901000
22 21 3 100 22941580 2.022909421
19 20 3 100 26587 2.022929747
29 25 3 100 17506754 2.022931893
30 22 3 100 24805 2.022940453
26 19 3 100 560914 2.022941359
2 18 3 100 452009 2.023010698
28 25 3 100 9814 2.023033788
21 27 3 100 91023 2.023045754
19 27 3 100 24775 2.023103030
30 19 3 100 132500 2.023113287
18 17 3 100 20993580 2.023140010
28 31 3 100 27077 2.023167986
20 16 3 100 19541 2.023197847
23 19 3 100 518281 2.023216285
18 24 3 100 284276 2.023219371
26 27 3 100 581257 2.023224822
24 20 3 100 2948954 2.023228758
22 16 3 100 4071 2.023230405
20 30 3 100 3163 2.023259798
28 25 3 100 41 2.023268406
26 20 3 100 5250069 2.023287994
30 26 3 100 806357 2.023309464
30 24 3 100 4142124 2.023318909
1 26 3 100 1274452 2.023321621
23 31 3 100 25447 2.023323074
26 27 3 100 5748723 2.023329441
29 23 3 100 9224347 2.023333615
18 31 3 100 887882 2.023355108
16 17 3 100 1580791 2.023359829
26 31 3 100 3322276 2.023364819
13 24 3 100 46341 2.023369764
26 23 3 100 193534 2.023372028
10 27 3 100 530394 2.023433365
17 22 3 100 76946 2.023450072
24 16 3 100 49887 2.023472615
22 28 3 100 4314421 2.023491513
31 17 3 100 1137444 2.023528288
20 18 3 100 61900 2.023529547
27 24 3 100 1564346 2.023536298
27 28 3 100 597826 2.023542087
18 30 3 100 4536463 2.023551102
21 23 3 100 2361100 2.023560854
21 30 3 100 77998 2.023566907
16 31 3 100 406832 2.023580322
25 26 3 100 1035 2.023591153
0 20 3 100 12360 2.023602982
22 20 3 100 28255 2.023610157
13 19 3 100 51090 2.023634820
29 20 3 100 1227289 2.023637880
29 26 3 100 1631 2.023642758
30 21 3 100 6803 2.023653146
6 20 3 100 2182105 2.023657392
24 31 3 100 127058 2.023686661
18 29 3 100 360435 2.023711734
19 30 3 100 66913 2.023726061
30 20 3 100 7498 2.023747130
21 16 3 100 15108784 2.023751606
31 18 3 100 15750 2.023769097
26 31 3 100 1084152 2.023776943
17 26 3 100 751511 2.023784391
21 24 3 100 46038 2.023804642
7 19 3 100 29800 2.023813082
24 30 3 100 2550379 2.023814083
20 28 3 100 5692 2.023820136
31 30 3 100 12251200 2.023854082
28 23 3 100 82485 2.023855105
16 22 3 100 4746138 2.023857053
26 21 3 100 48251 2.023858097
17 16 3 100 1452569 2.023861803
16 26 3 100 2659740 2.023892669
24 22 3 100 39273 2.023919889
24 22 3 100 148286 2.023926778
6 24 3 100 69881 2.023933357
26 23 3 100 4015 2.023976280
25 16 3 100 351525 2.024034497
29 21 3 100 62175 2.024036702
24 28 3 100 8988396 2.024045096
26 23 3 100 9950283 2.024096506
26 19 3 100 25853 2.024118935
17 27 3 100 311017 2.024128350
28 19 3 100 35425 2.024134799
20 31 3 100 66882 2.024135635
21 16 3 100 6918261 2.024137453
27 21 3 100 14771676 2.024143744
3 29 3 100 1322 2.024145471
20 27 3 100 703922 2.024154715
31 19 3 100 58580 2.024158195
16 26 3 100 2711933 2.024184535
25 20 3 100 64482 2.024189691
22 26 3 100 20893 2.024212066
31 29 3 100 1743971 2.024246701
30 16 3 100 28439 2.024326601
31 24 3 100 20468 2.024333518
31 25 3 100 1902018 2.024342598
26 19 3 100 36673 2.024362132
24 17 3 100 47100 2.024363078
25 19 3 100 79284 2.024399561
31 25 3 100 15160 2.024420814
30 31 3 100 1409285 2.024437980
23 30 3 100 1366 2.024448879
22 26 3 100 1605 2.024461334
23 27 3 100 1214297 2.024471630
27 20 3 100 2138 2.024484200
30 18 3 100 8557 2.024501849
20 17 3 100 77223 2.024505062
28 20 3 100 7154 2.024527753
20 29 3 100 17673 2.024538006
20 28 3 100 922191 2.024540984
19 27 3 100 74697 2.024547393
21 17 3 100 72813 2.024563159
25 16 3 100 6483864 2.024574982
11 24 3 100 78944 2.024582421
27 24 3 100 9916 2.024585528
20 31 3 100 83949 2.024612730
18 23 3 100 77931 2.024654797
24 29 3 100 1264923 2.024691967
22 23 3 100 53305 2.024705009
22 23 3 100 1535108 2.024708199
1 17 3 100 101010 2.024728980
22 29 3 100 29274 2.024739442
27 18 3 100 9398 2.024748016
27 26 3 100 1110642 2.024750984
16 19 3 100 24751 2.024784814
22 28 3 100 26169 2.024796193
16 29 3 100 3593 2.024842794
21 31 3 100 53905 2.024861289
26 31 3 100 27396 2.024874606
25 21 3 100 9731496 2.024876307
28 18 3 100 1866710 2.024905486
22 29 3 100 63704 2.024925119
24 27 3 100 23891 2.024929587
25 28 3 100 40394 2.024942985
20 30 3 100 169774 2.024950207
24 25 3 100 1561808 2.024964561
19 28 3 100 79250 2.024966282
30 18 3 100 635998 2.024968625
23 18 3 100 113570 2.025003209
20 25 3 100 1411773 2.025041644
24 16 3 100 70254 2.025077209
31 28 3 100 484012 2.025079238
26 18 3 100 301719 2.025092528
29 18 3 100 53704 2.025102838
25 30 3 100 25029 2.025139774
24 21 3 100 2429 2.025160629
22 27 3 100 53395 2.025160796
26 21 3 100 2787309 2.025188588
22 29 3 100 26013 2.025203695
7 27 3 100 9724605 2.025224734
24 22 3 100 2721182 2.025226781
21 19 3 100 8717 2.025236154
25 21 3 100 40287 2.025241028
27 23 3 100 1247756 2.025254784
10 22 3 100 838250 2.025266301
26 16 3 100 2044687 2.025267253
17 21 3 100 243 2.025298903
21 24 3 100 2713321 2.025314727
2 27 3 100 4235 2.025321231
28 21 3 100 61172 2.025401979
20 29 3 100 5632475 2.025405946
31 22 3 100 295 2.025419757
25 16 3 100 42884 2.025428812
28 24 3 100 8111 2.025433531
30 26 3 100 4228 2.025446405
20 18 3 100 7823 2.025451753
20 28 3 100 1780332 2.025478844
28 24 3 100 77290 2.025486025
24 26 3 100 93769 2.025489235
30 22 3 100 1952338 2.025494546
18 30 3 100 5326 2.025495065
16 21 3 100 6912 2.025512498
17 21 3 100 71575 2.025550878
27 19 3 100 1303288 2.025568353
26 29 3 100 597 2.025569570
30 25 3 100 605361 2.025571948
21 23 3 100 2139 2.025609397
22 23 3 100 1772076 2.025614031
29 27 3 100 4795878 2.025623919
31 28 3 100 25555 2.025631842
7 26 3 100 3541655 2.025632123
16 31 3 100 8671 2.025639894
16 30 3 100 10167903 2.025647056
23 16 3 100 378216 2.025651848
31 30 3 100 2326 2.025679538
19 22 3 100 73746 2.025702610
13 19 3 100 38538 2.025723586
25 30 3 100 1254 2.025737228
28 26 3 100 7735 2.025743956
28 17 3 100 696466 2.025782457
26 20 3 100 76624 2.025786394
30 25 3 100 7976869 2.025804486
18 31 3 100 133 2.025812940
29 31 3 100 37059 2.025832152
27 16 3 100 1853331 2.025839244
24 16 3 100 3951764 2.025862471
25 31 3 100 8034367 2.025869970
27 20 3 100 1854434 2.025878686
16 27 3 100 3694 2.025882600
16 19 3 100 84596 2.025883865
28 27 3 100 39435 2.025904594
10 23 3 100 46707 2.025922653
23 21 3 100 25645 2.025971841
17 28 3 100 3585675 2.025975269
22 21 3 100 7321230 2.025982171
27 20 3 100 51015 2.026001692
21 18 3 100 3579708 2.026004581
21 25 3 100 27844 2.026014070
29 27 3 100 38138 2.026017212
27 17 3 100 1748492 2.026061436
24 25 3 100 63918 2.026066570
25 16 3 100 1124342 2.026080171
7 20 3 100 5138786 2.026106863
18 28 3 100 2333327 2.026110255
29 25 3 100 59874 2.026122081
22 18 3 100 73133 2.026126033
23 25 3 100 741261 2.026131678
22 29 3 100 20974 2.026150759
26 23 3 100 162199 2.026160018
17 21 3 100 9436 2.026174756
26 30 3 100 371 2.026176668
17 31 3 100 47425 2.026180773
19 18 3 100 824086 2.026190392
31 20 3 100 610912 2.026201118
22 27 3 100 43985 2.026216672
25 28 3 100 890 2.026233381
13 25 3 100 3562956 2.026273023
19 26 3 100 1540721 2.026275033
10 21 3 100 28292 2.026275293
17 19 3 100 31509 2.026277740
16 26 3 100 845 2.026280437
20 26 3 100 75409 2.026285742
29 19 3 100 1918 2.026298756
27 16 3 100 12984010 2.026320433
23 31 3 100 124589 2.026336684
3 21 3 100 24936 2.026350399
26 22 3 100 22482 2.026364687
18 23 3 100 21347 2.026375660
24 20 3 100 47239 2.026378928
3 30 3 100 19528 2.026382133
19 26 3 100 62097 2.026385845
25 29 3 100 9490310 2.026397551
0 21 3 100 1158924 2.026407240
27 17 3 100 1787270 2.026416729
17 24 3 100 2941805 2.026418099
18 20 3 100 2569111 2.026425307
27 20 3 100 7207 2.026427732
24 26 3 100 1583921 2.026446952
23 30 3 100 73182 2.026469631
24 18 3 100 31772 2.026491922
10 17 3 100 24783 2.026499521
26 21 3 100 13601 2.026521554
24 31 3 100 68656 2.026545843
26 18 3 100 53075 2.026554922
14 19 3 100 46615 2.026566553
7 20 3 100 1522698 2.026577317
24 27 3 100 1949363 2.026588883
17 26 3 100 4599921 2.026600953
16 21 3 100 21331 2.026607352
24 30 3 100 246736 2.026618448
22 17 3 100 393142 2.026765788
22 16 3 100 4139267 2.026779522
23 18 3 100 16630 2.026814397
28 31 3 100 126397 2.026823848
19 18 3 100 43669 2.026834046
22 20 3 100 35169 2.026834321
31 28 3 100 40387 2.026836632
14 26 3 100 12378 2.026843854
25 30 3 100 157085 2.026861757
19 22 3 100 1949565 2.026865631
19 16 3 100 1040964 2.026867612
27 25 3 100 6861 2.026869239
26 20 3 100 27576 2.026881927
16 24 3 100 22692 2.026881935
17 23 3 100 1209403 2.026885440
26 20 3 100 159643 2.026910947
2 26 3 100 1235484 2.026914490
29 19 3 100 4110942 2.026943294
29 19 3 100 16138 2.026947481
30 17 3 100 289654 2.026963838
29 23 3 100 77285 2.026968235
27 29 3 100 13471 2.026980868
14 17 3 100 50535 2.027011645
22 16 3 100 9671437 2.027021372
26 23 3 100 1108060 2.027026810
20 28 3 100 851006 2.027027175
28 22 3 100 1179624 2.027054808
18 24 3 100 1596706 2.027079640
16 30 3 100 2948986 2.027107734
24 27 3 100 66572 2.027111476
23 19 3 100 33565 2.027114938
17 23 3 100 2178895 2.027128195
29 27 3 100 22842 2.027138489
27 19 3 100 1703641 2.027139701
28 21 3 100 27037 2.027163119
22 30 3 100 8179268 2.027173786
24 18 3 100 120167 2.027188695
16 28 3 100 32612 2.027204600
31 25 3 100 1502149 2.027225427
3 21 3 100 8957 2.027238724
8 23 3 100 815473 2.027245713
11 24 3 100 33432 2.027288609
16 22 3 100 678362 2.027290763
23 26 3 100 10319 2.027297641
25 23 3 100 53965 2.027315645
16 28 3 100 67334 2.027408035
27 24 3 100 55800 2.027440106
23 18 3 100 2505130 2.027451302
31 27 3 100 72640 2.027452065
18 19 3 100 1242508 2.027466829
16 24 3 100 1185963 2.027471542
15 31 3 100 35973 2.027473081
24 25 3 100 1374799 2.027480617
25 19 3 100 6359192 2.027490068
22 21 3 100 185017 2.027496845
20 31 3 100 75072 2.027501773
25 20 3 100 3733022 2.027512199
23 30 3 100 25244 2.027515882
18 25 3 100 27081 2.027521740
24 21 3 100 30530 2.027539487
24 28 3 100 3390515 2.027548379
16 28 3 100 15756 2.027549791
13 25 3 100 42492 2.027554970
24 26 3 100 209405 2.027559375
16 21 3 100 588195 2.027590103
31 17 3 100 2478416 2.027634783
17 24 3 100 9669 2.027636409
18 27 3 100 199513 2.027647682
20 30 3 100 51437 2.027672587
28 18 3 100 1504578 2.027673830
16 24 3 100 5489738 2.027688363
21 24 3 100 694725 2.027693800
6 16 3 100 2904 2.027704809
19 24 3 100 75863 2.027711730
2 19 3 100 372935 2.027716759
22 24 3 100 434852 2.027719620
29 27 3 100 4548195 2.027754341
21 17 3 100 27493 2.027811082
26 24 3 100 3603929 2.027813120
16 17 3 100 65958 2.027818012
25 24 3 100 39808 2.027853629
25 31 3 100 5970 2.027869859
25 24 3 100 7376508 2.027877972
21 27 3 100 5864 2.027880403
22 28 3 100 65030 2.027883720
16 22 3 100 6705448 2.027888636
27 26 3 100 718871 2.027895687
31 27 3 100 836160 2.027925346
22 27 3 100 172223 2.027929705
31 28 3 100 24373 2.027930636
30 18 3 100 5200246 2.027946610
12 20 3 100 25684 2.027968000
31 22 3 100 65817 2.028000224
30 17 3 100 12548 2.028015502
22 29 3 100 36410 2.028066827
26 28 3 100 27861 2.028108256
0 21 3 100 3089 2.028127650
28 27 3 100 3115274 2.028161819
17 22 3 100 64694 2.028193661
20 16 3 100 51555 2.028207822
22 26 3 100 5938532 2.028224926
23 30 3 100 3072436 2.028233728
21 30 3 100 739687 2.028243480
23 27 3 100 4383340 2.028254333
29 28 3 100 2499421 2.028264092
23 21 3 100 3788698 2.028273153
25 19 3 100 7001 2.028279331
4 21 3 100 22800 2.028286562
16 27 3 100 76437 2.028287309
25 16 3 100 335234 2.028293454
24 16 3 100 8711065 2.028301250
27 21 3 100 1902402 2.028320366
20 28 3 100 972025 2.028338762
20 21 3 100 23161 2.028340904
7 21 3 100 152270 2.028381715
30 20 3 100 22700 2.028404039
23 30 3 100 78216 2.028410947
5 31 3 100 49179 2.028450094
26 16 3 100 2289720 2.028453195
22 27 3 100 1796362 2.028469028
29 31 3 100 637933 2.028478865
31 18 3 100 47810 2.028491136
21 19 3 100 1171514 2.028499393
22 24 3 100 70090 2.028502877
21 27 3 100 5121315 2.028509059
27 28 3 100 29241 2.028553272
30 31 3 100 20986 2.028576532
17 22 3 100 3279 2.028576541
21 18 3 100 9156235 2.028589549
31 30 3 100 76819 2.028605636
21 27 3 100 7489 2.028623321
19 26 3 100 1904076 2.028666389
27 21 3 100 450529 2.028676498
30 21 3 100 808584 2.028732635
22 31 3 100 40575 2.028746246
22 30 3 100 47130 2.028760325
19 21 3 100 5629 2.028774530
29 26 3 100 130577 2.028781298
16 25 3 100 79916 2.028783730
16 24 3 100 338 2.028818926
30 20 3 100 50222 2.028820590
18 26 3 100 20939 2.028828517
27 16 3 100 35557 2.028836879
25 31 3 100 69044 2.028860016
18 17 3 100 53613 2.028870882
19 25 3 100 140361 2.028898097
23 28 3 100 1185294 2.028901902
20 30 3 100 195167 2.028902636
10 24 3 100 56904 2.028931966
2 26 3 100 386987 2.028962736
21 31 3 100 4868 2.028998832
1 19 3 100 34068 2.028999489
24 31 3 100 4872 2.029005874
31 24 3 100 1194108 2.029015881
18 21 3 100 40207 2.029021417
17 18 3 100 79018 2.029036266
19 28 3 100 781883 2.029052136
1 19 3 100 72510 2.029076183
12 16 3 100 8339844 2.029078958
21 23 3 100 75647 2.029082123
28 16 3 100 347772 2.029118256
28 31 3 100 23383 2.029157062
28 20 3 100 758215 2.029177471
12 17 3 100 924 2.029184670
29 18 3 100 69720 2.029187835
16 20 3 100 609567 2.029204653
17 20 3 100 90400 2.029219665
19 27 3 100 1284550 2.029221748
23 19 3 100 40031 2.029242977
17 27 3 100 498637 2.029281726
17 25 3 100 139166 2.029339123
16 27 3 100 31615 2.029358498
30 28 3 100 56276 2.029381955
19 24 3 100 570942 2.029408523
3 23 3 100 11988 2.029438247
31 19 3 100 1028397 2.029447225
27 22 3 100 56507 2.029488801
20 18 3 100 8079613 2.029516690
18 23 3 100 22138 2.029518258
16 31 3 100 31917 2.029521569
16 31 3 100 74870 2.029532897
17 27 3 100 135452 2.029534043
18 27 3 100 752317 2.029538027
28 27 3 100 11283 2.029539416
27 22 3 100 8301178 2.029546282
23 30 3 100 1753158 2.029572409
18 26 3 100 2468345 2.029578428
23 26 3 100 29568 2.029596747
24 17 3 100 26042 2.029610435
25 26 3 100 22078 2.029613168
17 23 3 100 67712 2.029613219
25 22 3 100 1766262 2.029626165
24 21 3 100 36247 2.029632015
16 29 3 100 8260 2.029638922
27 19 3 100 68814 2.029642381
31 19 3 100 68109 2.029644764
19 22 3 100 36629 2.029649403
21 30 3 100 7843 2.029678992
28 21 3 100 3457480 2.029695390
30 18 3 100 120369 2.029700650
21 16 3 100 495 2.029729538
28 18 3 100 25769 2.029737065
16 19 3 100 279402 2.029746660
30 23 3 100 1616115 2.029766560
17 30 3 100 28351 2.029770610
24 25 3 100 68170 2.029777772
23 30 3 100 11184 2.029777929
31 21 3 100 50332 2.029803404
25 17 3 100 180728 2.029809841
29 31 3 100 1041333 2.029862428
16 24 3 100 160640 2.029890941
16 18 3 100 14890 2.029903863
29 20 3 100 704371 2.029994176
26 23 3 100 20192 2.030002708
22 30 3 100 30821 2.030021633
7 23 3 100 8349097 2.030055851
25 29 3 100 39365 2.030057667
29 16 3 100 1252520 2.030060426
31 28 3 100 3353 2.030062601
17 31 3 100 512 2.030072076
23 19 3 100 55036 2.030080371
19 21 3 100 5200 2.030087905
22 27 3 100 1399021 2.030089696
18 17 3 100 22393 2.030100678
17 22 3 100 58081 2.030110415
28 19 3 100 127890 2.030123394
19 16 3 100 8063 2.030129388
20 31 3 100 1118080 2.030137639
31 21 3 100 68681 2.030138727
0 20 3 100 52424 2.030189829
26 31 3 100 11326 2.030200626
31 24 3 100 13611264 2.030207022
18 23 3 100 136009 2.030216385
30 21 3 100 464029 2.030217584
24 23 3 100 57362 2.030243661
18 21 3 100 1644 2.030243722
29 20 3 100 58235 2.030250657
25 27 3 100 119866 2.030264624
28 30 3 100 2499630 2.030312630
19 27 3 100 8672821 2.030319597
29 16 3 100 1326625 2.030325611
27 30 3 100 208513 2.030330070
29 27 3 100 7129 2.030331514
21 19 3 100 1258203 2.030332161
16 29 3 100 10197754 2.030354551
25 18 3 100 189032 2.030369415
19 27 3 100 1765 2.030370244
25 30 3 100 1558195 2.030376451
23 21 3 100 338001 2.030443816
26 30 3 100 23118615 2.030449995
9 28 3 100 123959 2.030458253
18 17 3 100 66047 2.030513516
23 16 3 100 6386225 2.030524035
27 21 3 100 3080836 2.030526945
29 26 3 100 144791 2.030533034
23 26 3 100 6039567 2.030558529
28 22 3 100 71027 2.030560999
27 30 3 100 9983 2.030562043
16 23 3 100 6170948 2.030571008
28 20 3 100 436864 2.030587633
16 19 3 100 55199 2.030610493
23 17 3 100 59080 2.030639478
19 18 3 100 7717451 2.030639740
24 28 3 100 63208 2.030642780
26 24 3 100 59399 2.030664542
25 19 3 100 4029893 2.030776732
28 22 3 100 465713 2.030790510
26 30 3 100 134257 2.030805885
17 29 3 100 6863620 2.030810798
16 18 3 100 62519 2.030838160
31 24 3 100 53047 2.030889353
27 18 3 100 9885 2.030949505
19 26 3 100 37621 2.030951110
24 18 3 100 74518 2.030961671
20 26 3 100 4626875 2.030964701
20 16 3 100 4764108 2.030973098
0 25 3 100 2692956 2.030978603
25 27 3 100 59118 2.030992056
30 29 3 100 18134794 2.031005964
17 20 3 100 5709 2.031010120
30 31 3 100 5121 2.031040055
27 17 3 100 123349 2.031077976
25 17 3 100 2053208 2.031079338
31 23 3 100 1539353 2.031082175
17 27 3 100 68660 2.031095724
29 27 3 100 10019 2.031118258
21 26 3 100 27909 2.031135087
20 19 3 100 874402 2.031135981
18 20 3 100 5174394 2.031140535
29 19 3 100 9616 2.031162190
25 28 3 100 7895307 2.031165434
20 31 3 100 1850625 2.031172357
28 22 3 100 162778 2.031193223
18 25 3 100 31853 2.031195855
26 18 3 100 360982 2.031200704
28 27 3 100 70662 2.031214290
23 25 3 100 3075111 2.031230426
25 29 3 100 2894131 2.031249592
12 29 3 100 1511356 2.031250900
16 30 3 100 19943 2.031281924
20 31 3 100 7860 2.031325317
26 21 3 100 99415 2.031327157
14 19 3 100 1068 2.031333242
15 17 3 100 51580 2.031340492
27 26 3 100 7996 2.031353383
26 30 3 100 710 2.031356735
17 20 3 100 26339 2.031368036
27 24 3 100 20479 2.031387278
21 30 3 100 7002 2.031408453
27 28 3 100 4098767 2.031409486
24 23 3 100 1145644 2.031427911
26 17 3 100 40578 2.031432762
20 29 3 100 69490 2.031432861
18 23 3 100 2966671 2.031436379
29 27 3 100 34368 2.031447515
27 31 3 100 4617266 2.031469724
23 31 3 100 54512 2.031481131
20 31 3 100 562530 2.031494561
21 31 3 100 1608467 2.031495486
17 25 3 100 8625 2.031497589
17 27 3 100 320162 2.031504763
28 25 3 100 59433 2.031513583
18 17 3 100 4611234 2.031555227
24 21 3 100 21447 2.031567423
28 27 3 100 66025 2.031572148
26 25 3 100 50116 2.031591570
6 16 3 100 3960226 2.031595157
20 21 3 100 2566419 2.031613776
26 18 3 100 4496084 2.031629195
19 28 3 100 1039564 2.031641202
31 18 3 100 477076 2.031654534
16 22 3 100 58040 2.031659132
27 17 3 100 14385 2.031659338
16 27 3 100 22772 2.031659527
30 22 3 100 49570 2.031660354
27 28 3 100 6182 2.031661399
7 24 3 100 899 2.031677656
5 21 3 100 1922680 2.031679533
25 27 3 100 1705474 2.031698104
17 22 3 100 615289 2.031714222
16 24 3 100 26377 2.031720070
29 27 3 100 7684 2.031722289
21 31 3 100 60369 2.031741340
25 31 3 100 103 2.031746630
28 20 3 100 74115 2.031766736
31 29 3 100 9990038 2.031776898
27 30 3 100 848964 2.031789215
24 26 3 100 34278 2.031791731
22 30 3 100 137870 2.031791881
17 24 3 100 55022 2.031797389
27 28 3 100 4478810 2.031800673
28 17 3 100 58334 2.031836019
19 28 3 100 43545 2.031857412
26 28 3 100 920529 2.031867015
18 29 3 100 9206 2.031870712
17 30 3 100 967087 2.031881110
17 31 3 100 62221 2.031905993
22 17 3 100 2793503 2.031907095
23 17 3 100 9111901 2.031920860
22 26 3 100 221720 2.031925490
26 30 3 100 78647 2.031935106
29 19 3 100 196020 2.031956586
28 31 3 100 1317 2.031980514
20 24 3 100 1123633 2.031999567
27 23 3 100 1805926 2.032006175
4 21 3 100 20492439 2.032008948
16 18 3 100 1215 2.032025950
24 19 3 100 13185993 2.032033137
17 28 3 100 1687059 2.032038990
16 22 3 100 69166 2.032057935
30 26 3 100 9834108 2.032058523
27 16 3 100 4669 2.032062911
31 25 3 100 803667 2.032068388
24 28 3 100 35511 2.032077050
23 16 3 100 54176 2.032113196
26 27 3 100 3884 2.032126896
31 20 3 100 2639906 2.032157736
30 24 3 100 1281667 2.032201419
21 23 3 100 38125 2.032214135
31 23 3 100 65034 2.032266684
20 28 3 100 33004 2.032267396
17 31 3 100 1837757 2.032294176
18 27 3 100 1372662 2.032326264
16 18 3 100 4579 2.032347695
19 21 3 100 168431 2.032376273
18 23 3 100 83037 2.032388702
30 18 3 100 21109 2.032408380
28 20 3 100 72892 2.032425299
26 20 3 100 2867317 2.032429282
21 16 3 100 4688766 2.032449640
19 30 3 100 268 2.032475776
1 27 3 100 540218 2.032547659
30 22 3 100 71728 2.032558001
27 19 3 100 2149124 2.032570723
21 24 3 100 115890 2.032595357
30 31 3 100 17319 2.032611625
24 26 3 100 181035 2.032627260
30 26 3 100 68800 2.032652432
29 24 3 100 62379 2.032665573
20 29 3 100 19018 2.032667993
18 28 3 100 76311 2.032777047
28 19 3 100 1894283 2.032780691
19 24 3 100 10127 2.032844970
21 23 3 100 2071 2.032879902
29 22 3 100 21547 2.032884412
20 27 3 100 564100 2.032904060
26 27 3 100 36533 2.032918623
20 28 3 100 28841 2.032932641
17 20 3 100 24943 2.032953496
26 28 3 100 7234 2.033009396
1 24 3 100 3591906 2.033019124
16 30 3 100 331 2.033030098
16 28 3 100 2845 2.033040266
22 24 3 100 9813856 2.033080086
22 28 3 100 78505 2.033086505
27 23 3 100 4481261 2.033101658
21 25 3 100 157725 2.033127212
23 26 3 100 9741515 2.033128054
31 16 3 100 5370111 2.033143314
23 22 3 100 9100 2.033154431
25 24 3 100 2898617 2.033157431
31 30 3 100 186502 2.033167828
30 26 3 100 402132 2.033179530
24 16 3 100 2052 2.033186070
26 24 3 100 9675 2.033190860
17 23 3 100 556807 2.033201437
1 31 3 100 6160 2.033205736
20 25 3 100 790858 2.033213447
28 18 3 100 9238 2.033215916
28 29 3 100 1471466 2.033224314
26 30 3 100 19632 2.033264257
19 29 3 100 4340590 2.033270488
19 24 3 100 29422142 2.033336029
28 23 3 100 86525 2.033344761
21 28 3 100 49644 2.033355547
31 29 3 100 5669 2.033382724
13 30 3 100 2121206 2.033410020
17 29 3 100 21591 2.033422927
20 22 3 100 15213 2.033458945
16 22 3 100 11380 2.033484093
16 23 3 100 6813126 2.033491823
26 18 3 100 592716 2.033510568
29 23 3 100 2695562 2.033518676
25 19 3 100 4465454 2.033519488
18 22 3 100 743683 2.033525871
26 28 3 100 12355018 2.033535113
23 17 3 100 26670 2.033538135
28 24 3 100 75092 2.033540871
20 17 3 100 7037921 2.033554005
28 22 3 100 1982608 2.033555640
25 16 3 100 16343 2.033577099
17 24 3 100 59536 2.033635258
24 17 3 100 25846 2.033662810
27 30 3 100 75134 2.033668153
0 29 3 100 34510 2.033673958
25 31 3 100 616263 2.033677374
24 28 3 100 1831819 2.033687366
31 22 3 100 156945 2.033697221
19 28 3 100 151232 2.033709123
24 27 3 100 2251097 2.033710036
22 17 3 100 3333 2.033737555
21 24 3 100 1410937 2.033745791
26 23 3 100 2386184 2.033783831
21 27 3 100 5993018 2.033789778
21 28 3 100 1254117 2.033808594
20 17 3 100 133283 2.033824922
18 29 3 100 65442 2.033840858
15 17 3 100 159094 2.033858587
27 17 3 100 24870 2.033859021
24 28 3 100 49488 2.033875782
31 27 3 100 20 2.033903857
27 26 3 100 21277 2.033912034
18 27 3 100 4886 2.033920028
20 30 3 100 33515 2.033928926
19 18 3 100 544984 2.033944243
21 20 3 100 1935198 2.033955650
30 27 3 100 6033917 2.033968940
13 30 3 100 2065033 2.033986974
22 25 3 100 29200 2.034006886
21 17 3 100 14458 2.034020617
16 21 3 100 1839654 2.034081747
29 17 3 100 72186 2.034098945
18 27 3 100 3817 2.034141467
17 29 3 100 25013 2.034165236
31 18 3 100 27512 2.034196644
16 24 3 100 2688 2.034235146
18 22 3 100 43842 2.034275189
28 19 3 100 27015 2.034277253
22 30 3 100 44729 2.034288328
25 27 3 100 3597528 2.034305070
20 24 3 100 45997 2.034314971
30 25 3 100 4608 2.034316699
29 23 3 100 28037 2.034319976
30 21 3 100 1769570 2.034351790
18 29 3 100 3667 2.034382060
19 17 3 100 62252 2.034382878
5 24 3 100 5055690 2.034398616
21 24 3 100 10879 2.034431888
16 28 3 100 17025 2.034433467
21 19 3 100 5691 2.034435795
17 26 3 100 58738 2.034439616
19 31 3 100 6965 2.034446751
20 18 3 100 24925 2.034472149
18 29 3 100 175828 2.034480054
25 20 3 100 1319211 2.034488261
24 16 3 100 52091 2.034492129
22 23 3 100 1174639 2.034549312
31 16 3 100 67364 2.034564646
17 20 3 100 27158053 2.034583558
26 31 3 100 2328197 2.034588976
31 25 3 100 22494 2.034596987
31 24 3 100 726493 2.034597736
18 30 3 100 11664 2.034598724
28 23 3 100 20663 2.034598970
23 21 3 100 66427 2.034600332
29 25 3 100 9187 2.034632299
23 28 3 100 6902156 2.034672603
29 20 3 100 701068 2.034715837
22 18 3 100 742225 2.034775991
9 27 3 100 1893367 2.034777534
19 17 3 100 29936 2.034788841
30 16 3 100 5904 2.034790378
31 23 3 100 62166 2.034794515
20 19 3 100 231485 2.034799656
7 24 3 100 29678 2.034801069
29 24 3 100 63605 2.034808131
19 20 3 100 5600 2.034809595
16 19 3 100 7005 2.034822293
23 28 3 100 7567 2.034825716
23 26 3 100 429543 2.034836020
31 23 3 100 33488 2.034844239
22 24 3 100 23093 2.034857792
9 17 3 100 25112 2.034899663
27 22 3 100 4391 2.034926979
19 18 3 100 3467299 2.034947702
23 17 3 100 178140 2.034958239
30 23 3 100 10815 2.034992208
16 23 3 100 41425 2.035004148
16 22 3 100 9680 2.035014989
25 23 3 100 20249 2.035032863
24 31 3 100 23383 2.035087972
28 22 3 100 2032928 2.035101028
8 28 3 100 3651 2.035134351
30 19 3 100 77322 2.035143484
25 30 3 100 32143 2.035177088
23 26 3 100 544529 2.035177148
28 29 3 100 9742309 2.035185695
29 31 3 100 1596594 2.035190137
22 25 3 100 4617620 2.035192032
23 30 3 100 5227 2.035192781
18 29 3 100 319747 2.035198171
0 17 3 100 6283 2.035204770
23 29 3 100 1698091 2.035222679
22 28 3 100 1124370 2.035224829
26 22 3 100 774860 2.035228871
17 16 3 100 34733 2.035244538
23 30 3 100 5580376 2.035251386
19 16 3 100 28086 2.035265688
22 17 3 100 43070 2.035347143
1 27 3 100 5029 2.035378898
16 24 3 100 1919380 2.035393336
31 28 3 100 877789 2.035428302
16 26 3 100 2646291 2.035436586
29 25 3 100 35942 2.035437611
22 17 3 100 250303 2.035438432
24 16 3 100 25140 2.035444174
17 26 3 100 3971969 2.035479118
28 16 3 100 60069 2.035494931
29 28 3 100 43151 2.035506122
26 17 3 100 4670 2.035506173
19 29 3 100 74232 2.035522025
11 24 3 100 832078 2.035555137
22 20 3 100 5172 2.035562029
17 18 3 100 2892059 2.035567758
28 26 3 100 18004 2.035579398
27 30 3 100 69449 2.035579638
29 25 3 100 196350 2.035593826
0 23 3 100 770524 2.035603329
17 29 3 100 4168551 2.035606607
26 23 3 100 1753267 2.035617409
9 23 3 100 13656 2.035631328
4 28 3 100 23842 2.035666563
22 20 3 100 5093 2.035673685
19 27 3 100 1699224 2.035677900
25 26 3 100 20062 2.035720590
19 25 3 100 25960 2.035774016
20 16 3 100 152919 2.035776013
30 17 3 100 10925444 2.035783200
19 27 3 100 8504 2.035896881
2 22 3 100 4794 2.035903631
19 21 3 100 4606550 2.035927710
27 29 3 100 64089 2.035927719
18 25 3 100 3206110 2.035941403
27 30 3 100 74269 2.035985962
30 26 3 100 396866 2.035989423
16 20 3 100 902889 2.035999082
20 27 3 100 1919530 2.036006268
21 25 3 100 7954 2.036011572
30 28 3 100 38521 2.036016548
25 26 3 100 20475400 2.036017710
19 23 3 100 1572535 2.036022122
31 19 3 100 828870 2.036027916
27 21 3 100 368907 2.036033620
21 29 3 100 1712102 2.036079463
27 17 3 100 1076453 2.036082354
29 28 3 100 53099 2.036088747
19 16 3 100 89948 2.036094492
16 24 3 100 6532 2.036108885
16 22 3 100 61418 2.036140479
16 17 3 100 194159 2.036144712
30 21 3 100 538 2.036152777
17 27 3 100 253370 2.036165598
18 25 3 100 3505050 2.036195588
15 22 3 100 2072853 2.036218863
17 22 3 100 18371 2.036221192
26 21 3 100 24113 2.036257440
11 18 3 100 17162621 2.036265393
28 25 3 100 3839 2.036276105
9 25 3 100 112542 2.036284322
24 16 3 100 72207 2.036300710
21 31 3 100 79064 2.036350110
29 19 3 100 65198 2.036362079
17 31 3 100 1016277 2.036390548
21 25 3 100 155494 2.036398693
20 24 3 100 122412 2.036399895
18 26 3 100 9245 2.036450925
30 20 3 100 88500 2.036498348
18 29 3 100 154232 2.036524165
17 18 3 100 1281004 2.036544711
16 22 3 100 2618507 2.036548577
19 18 3 100 1470580 2.036550482
31 16 3 100 4834852 2.036566373
28 21 3 100 10287287 2.036566849
21 20 3 100 3865 2.036571686
16 21 3 100 3421351 2.036625068
22 28 3 100 17821 2.036636839
26 29 3 100 100754 2.036637841
20 30 3 100 3782405 2.036643838
29 28 3 100 3232538 2.036672486
13 20 3 100 7102 2.036800925
7 21 3 100 150492 2.036817943
29 26 3 100 3997018 2.036819792
21 20 3 100 19426 2.036825260
26 25 3 100 136802 2.036833087
30 25 3 100 7934 2.036835689
25 19 3 100 7874 2.036856732
26 28 3 100 3803949 2.036887705
25 29 3 100 4566688 2.036905028
21 22 3 100 2422 2.036905617
21 16 3 100 3936 2.036909662
28 25 3 100 1509336 2.036921330
21 24 3 100 1873736 2.036926900
29 20 3 100 8096546 2.036927767
28 22 3 100 21065 2.036935024
13 31 3 100 7684 2.036939496
25 24 3 100 5555 2.036941470
22 26 3 100 50195 2.036957749
31 26 3 100 53488 2.036961697
28 23 3 100 3105001 2.036965664
17 19 3 100 97080 2.036980892
17 29 3 100 40023 2.037016028
16 17 3 100 5012 2.037028359
20 17 3 100 17938 2.037037275
22 31 3 100 199089 2.037038856
19 18 3 100 65368 2.037047110
4 18 3 100 345622 2.037048447
27 17 3 100 21353 2.037050501
29 18 3 100 79540 2.037055822
28 30 3 100 2067 2.037057942
25 19 3 100 64936 2.037082810
22 26 3 100 1578985 2.037116037
22 23 3 100 166498 2.037125446
27 16 3 100 147846 2.037129050
29 24 3 100 589983 2.037136736
20 16 3 100 1990 2.037152564
16 20 3 100 8676 2.037155820
27 31 3 100 41292 2.037157336
26 31 3 100 61522 2.037182551
26 29 3 100 1070786 2.037208915
12 21 3 100 32017 2.037219303
31 22 3 100 163028 2.037221313
22 24 3 100 49183 2.037222355
24 21 3 100 1311006 2.037230932
17 31 3 100 22262 2.037265750
24 31 3 100 474860 2.037283442
18 21 3 100 4615153 2.037302287
22 17 3 100 714289 2.037304219
30 23 3 100 74743 2.037315410
11 18 3 100 7532264 2.037337498
27 18 3 100 74749 2.037345570
29 25 3 100 91 2.037351047
23 28 3 100 70004 2.037353174
4 23 3 100 75058 2.037367723
26 31 3 100 79415 2.037399966
20 31 3 100 4081903 2.037404426
29 21 3 100 5763846 2.037404731
30 23 3 100 4968114 2.037418037
27 17 3 100 62461 2.037421506
31 26 3 100 16529132 2.037422579
27 25 3 100 172738 2.037431446
12 26 3 100 84529 2.037441780
20 29 3 100 8091 2.037446342
7 19 3 100 262175 2.037453109
21 19 3 100 690511 2.037473519
29 31 3 100 1789524 2.037484900
29 16 3 100 7331402 2.037501199
24 23 3 100 21938 2.037506271
17 18 3 100 246564 2.037507931
26 18 3 100 8206 2.037533538
27 28 3 100 233671 2.037557969
22 23 3 100 493356 2.037578681
0 25 3 100 52417 2.037591291
27 26 3 100 79871 2.037607182
26 24 3 100 4140 2.037617065
23 26 3 100 475085 2.037627777
24 25 3 100 1020098 2.037634184
17 23 3 100 121875 2.037639389
20 28 3 100 1233000 2.037658906
30 22 3 100 441000 2.037665862
17 31 3 100 2744832 2.037678418
23 17 3 100 40245 2.037680531
19 23 3 100 68289 2.037716425
30 29 3 100 4293649 2.037756096
19 24 3 100 24397 2.037762110
26 23 3 100 385441 2.037773639
10 26 3 100 75210 2.037794004
26 19 3 100 27854 2.037826480
17 28 3 100 3968 2.037841736
19 28 3 100 6450 2.037860383
21 25 3 100 990910 2.037887236
28 17 3 100 47307 2.037902082
16 30 3 100 974074 2.037918455
15 16 3 100 1041218 2.037928090
20 30 3 100 7214 2.037937649
8 26 3 100 19607 2.037959684
18 19 3 100 4538797 2.037960142
27 29 3 100 875589 2.037960781
23 17 3 100 4395858 2.037969536
20 26 3 100 155082 2.038007112
28 22 3 100 115380 2.038011829
17 28 3 100 47443 2.038023591
20 16 3 100 9402437 2.038032683
24 16 3 100 7750272 2.038053890
31 23 3 100 2646 2.038055766
29 31 3 100 104375 2.038061816
17 28 3 100 2314075 2.038114704
24 17 3 100 413 2.038119067
30 23 3 100 770477 2.038162262
25 19 3 100 30808 2.038197877
21 30 3 100 22129 2.038222720
25 22 3 100 1015293 2.038260729
31 19 3 100 77443 2.038289812
19 22 3 100 2459 2.038292911
21 25 3 100 1395114 2.038294174
24 25 3 100 6816474 2.038309970
30 20 3 100 771842 2.038327170
1 29 3 100 36001 2.038334547
31 24 3 100 5152 2.038352782
27 20 3 100 28251 2.038355918
28 17 3 100 4458035 2.038364743
1 17 3 100 5715 2.038391940
20 29 3 100 5898 2.038402674
18 26 3 100 4214 2.038405565
20 22 3 100 1356992 2.038423897
8 31 3 100 1686909 2.038437127
31 17 3 100 194829 2.038460508
17 18 3 100 102406 2.038478154
29 31 3 100 6555511 2.038480825
22 30 3 100 23205 2.038494161
22 25 3 100 267124 2.038502011
17 27 3 100 438410 2.038511128
16 30 3 100 1036649 2.038516616
28 21 3 100 44686 2.038531594
25 26 3 100 5909 2.038565115
21 23 3 100 1889599 2.038569844
24 27 3 100 43629 2.038570483
22 24 3 100 138699 2.038575990
30 29 3 100 1960485 2.038578968
23 22 3 100 165434 2.038600714
26 21 3 100 54824 2.038620589
27 28 3 100 8654 2.038622602
31 25 3 100 2537430 2.038629602
19 24 3 100 49697 2.038646828
26 19 3 100 135641 2.038652644
25 28 3 100 32594 2.038662630
28 17 3 100 18786 2.038674781
26 25 3 100 165999 2.038691866
18 28 3 100 63830 2.038708966
22 28 3 100 733912 2.038712963
16 20 3 100 1613027 2.038730819
26 23 3 100 2642627 2.038751837
28 27 3 100 663515 2.038759565
24 22 3 100 35311 2.038767924
31 27 3 100 7376 2.038788235
20 26 3 100 17833 2.038795960
3 17 3 100 8002252 2.038857921
16 20 3 100 575185 2.038857991
27 22 3 100 6959 2.038896888
29 18 3 100 3868935 2.038910322
6 17 3 100 55735 2.038923276
19 22 3 100 1704731 2.038929889
23 29 3 100 372983 2.038933028
22 29 3 100 30053 2.038936897
25 18 3 100 48913 2.039021363
23 29 3 100 30946 2.039086007
18 26 3 100 35601 2.039103979
31 24 3 100 59189 2.039106608
19 18 3 100 7046 2.039134271
18 16 3 100 48931 2.039211357
29 25 3 100 67831 2.039232042
16 23 3 100 42186 2.039248527
5 27 3 100 1828211 2.039389921
13 20 3 100 62212 2.039395350
30 23 3 100 28439 2.039433194
18 28 3 100 6865 2.039442155
20 16 3 100 4574100 2.039456982
18 30 3 100 4090211 2.039531335
23 19 3 100 25525 2.039577101
29 26 3 100 44516 2.039588651
16 19 3 100 25287 2.039594198
26 27 3 100 9095 2.039632037
17 20 3 100 64700 2.039638997
30 28 3 100 1495283 2.039639778
24 17 3 100 24405 2.039659184
30 21 3 100 16117776 2.039704589
23 18 3 100 77061 2.039737052
21 16 3 100 446259 2.039757317
30 27 3 100 1970599 2.039807160
21 20 3 100 2431 2.039830479
20 16 3 100 69363 2.039865907
21 24 3 100 187851 2.039869171
18 25 3 100 69133 2.039883253
28 24 3 100 3165 2.039918101
27 17 3 100 2471 2.039943529
13 28 3 100 1627946 2.039954268
19 20 3 100 2467266 2.039971582
22 19 3 100 26772 2.039973060
14 29 3 100 4571 2.039973558
