2003026596 44 1 1 1
2003030413 44 1 1 0
2003034076 44 1 1 1
2003041701 44 1 1 0
2003044866 44 1 1 1
2003053155 44 1 1 0
2003056486 44 1 1 1
2003064028 44 1 1 0
2003067276 44 1 1 1
2003076063 44 1 1 0
2003079062 44 1 1 1
2003088513 44 1 1 0
2003092425 44 1 1 1
2003097726 44 1 1 0
2003101555 44 1 1 1
2003106773 44 1 1 0
2003110934 44 1 1 1
2003116069 44 1 1 0
2003120425 44 1 1 1
2003125365 44 1 1 0
2003129692 44 1 1 1
2003134827 44 1 1 0
2003138988 44 1 1 1
2003144953 44 1 1 0
2003148616 44 1 1 1
2003153902 44 1 1 0
2003159889 44 1 1 1
2003163447 44 1 1 0
2003170513 44 1 1 1
2003173739 44 1 1 0
2003180390 44 1 1 1
2003183948 44 1 1 0
2003190765 44 1 1 1
2003194240 44 1 1 0
2003201057 44 1 1 1
2003204532 44 1 1 0
2003211349 44 1 1 1
2003214824 44 1 1 0
2003221641 44 1 1 1
2003224303 44 1 1 0
2003292854 44 1 1 1
2003297191 44 1 1 0
2003302099 44 1 1 1
2003306472 44 1 1 0
2003310799 44 1 1 1
2003316434 44 1 1 0
2003321006 44 1 1 1
2003325654 44 1 1 0
2003331641 44 1 1 1
2003335449 44 1 1 0
2003575103 47 1 1 1
2003578983 47 1 1 0
2003582575 47 1 1 1
2003588918 47 1 1 0
2003592593 47 1 1 1
2003600173 47 1 1 0
2003603391 47 1 1 1
2003608536 47 1 1 0
2003612459 47 1 1 1
2003618644 47 1 1 0
2003624238 47 1 1 1
2003629379 47 1 1 0
2003636090 47 1 1 1
2003639922 47 1 1 0
2003645237 47 1 1 1
2003648112 47 1 1 0
2003653684 47 1 1 1
2003658560 47 1 1 0
2003665967 47 1 1 1
2003670673 47 1 1 0
2003674153 47 1 1 1
2003680947 47 1 1 0
2003685479 47 1 1 1
2003690885 47 1 1 0
2003694638 47 1 1 1
2003702049 47 1 1 0
2003705885 47 1 1 1
2003712078 47 1 1 0
2003715745 47 1 1 1
2003722667 47 1 1 0
2003726329 47 1 1 1
2003732783 47 1 1 0
2003736699 47 1 1 1
2003746197 47 1 1 0
2003749337 47 1 1 1
2003755617 47 1 1 0
2003758666 47 1 1 1
2003764250 47 1 1 0
2003768782 47 1 1 1
2003776264 47 1 1 0
2003781911 47 1 1 1
2003787740 47 1 1 0
2003793565 47 1 1 1
2003797836 47 1 1 0
2003803060 47 1 1 1
2003807406 47 1 1 0
2003812614 47 1 1 1
2003816611 47 1 1 0
2003821353 47 1 1 1
2003825842 47 1 1 0
2003830576 47 1 1 1
2003835059 47 1 1 0
2003839527 47 1 1 1
2003844000 47 1 1 0
2003848910 47 1 1 1
2003853063 47 1 1 0
2003858046 47 1 1 1
2003864904 47 1 1 0
2003868220 47 1 1 1
2003875525 47 1 1 0
2003879007 47 1 1 1
2003886557 47 1 1 0
2003889960 47 1 1 1
2003898364 47 1 1 0
2003901593 47 1 1 1
2003909194 47 1 1 0
2003912448 47 1 1 1
2003920194 47 1 1 0
2003923590 47 1 1 1
2003931222 47 1 1 0
2003934531 47 1 1 1
2003941808 47 1 1 0
2003945121 47 1 1 1
2003951630 47 1 1 0
2003955133 47 1 1 1
2003960872 47 1 1 0
2003964652 47 1 1 1
2003969577 47 1 1 0
2003974374 47 1 1 1
2003980140 47 1 1 0
2003984204 47 1 1 1
2003988858 47 1 1 0
2003994389 47 1 1 1
2003998034 47 1 1 0
2004003917 47 1 1 1
2004007645 47 1 1 0
2004012555 47 1 1 1
2004017513 47 1 1 0
2004021549 47 1 1 1
2004026262 47 1 1 0
2004030460 47 1 1 1
2004035165 47 1 1 0
2004039363 47 1 1 1
2004044258 47 1 1 0
2004048626 47 1 1 1
2004053470 47 1 1 0
2004057759 47 1 1 1
2004061915 47 1 1 0
2004062894 45 1 1 1
2004068790 47 1 1 1
2004069039 45 1 1 0
2004072021 47 1 1 0
2004072445 45 1 1 1
2004077532 47 1 1 1
2004077843 45 1 1 0
2004081788 47 1 1 0
2004082577 45 1 1 1
2004086069 47 1 1 1
2004087300 45 1 1 0
2004090634 47 1 1 0
2004091619 45 1 1 1
2004094725 47 1 1 1
2004097266 45 1 1 0
2004099733 47 1 1 0
2004101419 45 1 1 1
2004103385 47 1 1 1
2004106721 47 1 1 0
2004194204 45 1 1 0
2004198302 47 1 1 1
2004199097 45 1 1 1
2004201550 47 1 1 0
2004203378 45 1 1 0
2004204992 47 1 1 1
2004207401 47 1 1 0
2004209079 45 1 1 1
2004212301 45 1 1 0
2004215781 45 1 1 1
2004218304 45 1 1 0
2004222041 45 1 1 1
2004225079 47 1 1 1
2004225465 45 1 1 0
2004225828 47 1 1 0
2004228900 45 1 1 1
2004230235 47 1 1 1
2004231619 45 1 1 0
2004233348 47 1 1 0
2004235414 45 1 1 1
2004238386 45 1 1 0
2004242007 45 1 1 1
2004244886 47 1 1 1
2004245809 45 1 1 0
2004249403 47 1 1 0
2004251261 45 1 1 1
2004254549 45 1 1 0
2004259111 45 1 1 1
2004261150 47 1 1 1
2004262040 45 1 1 0
2004264361 47 1 1 0
2004267184 45 1 1 1
2004271237 45 1 1 0
2004277484 45 1 1 1
2004282328 45 1 1 0
2004288753 45 1 1 1
2004293851 45 1 1 0
2004299026 45 1 