1995 
25 9 3 100 7090 2.000001762
30 14 3 100 4032626 2.000060866
4 27 3 100 3620 2.000102164
7 28 3 100 55929 2.000104701
20 11 3 100 32704 2.000108489
5 22 3 100 23035 2.000111406
15 11 3 100 94782 2.000111669
9 26 3 100 43317 2.000128255
14 18 3 100 544621 2.000147681
17 2 3 100 1428718 2.000148665
18 2 3 100 758301 2.000159388
25 20 3 100 25765 2.000160118
24 0 3 100 21482 2.000196675
15 0 3 100 83333 2.000237720
8 13 3 100 75589 2.000286557
1 3 3 100 22757 2.000306102
14 2 3 100 4828919 2.000337265
11 23 3 100 54060 2.000349336
9 20 3 100 4321693 2.000356334
22 25 3 100 1342074 2.000367257
24 17 3 100 22894 2.000369890
13 1 3 100 6843 2.000379266
30 0 3 100 44974 2.000385816
18 23 3 100 1840985 2.000411248
1 7 3 100 3986 2.000428960
25 19 3 100 4259102 2.000462859
28 14 3 100 1690 2.000472354
18 29 3 100 3815 2.000505205
5 22 3 100 90635 2.000508208
17 10 3 100 20228 2.000550741
5 12 3 100 12531 2.000556086
14 4 3 100 927555 2.000569174
6 17 3 100 862632 2.000571875
30 28 3 100 10289 2.000571909
25 3 3 100 15134205 2.000582007
9 10 3 100 8561 2.000589868
31 21 3 100 730 2.000590341
15 14 3 100 26771 2.000594615
12 19 3 100 177778 2.000619562
15 8 3 100 161387 2.000636937
3 8 3 100 3757018 2.000640065
29 22 3 100 24974 2.000641294
0 11 3 100 4954145 2.000689937
10 31 3 100 148876 2.000698864
20 2 3 100 4110963 2.000755773
11 13 3 100 1054288 2.000759149
3 19 3 100 78344 2.000774987
31 11 3 100 70446 2.000786502
24 1 3 100 8551 2.000794332
12 18 3 100 26416 2.000800650
28 2 3 100 594057 2.000817050
15 18 3 100 5537 2.000833153
15 27 3 100 11589 2.000841736
1 11 3 100 1761336 2.000848398
8 31 3 100 30988 2.000849362
21 22 3 100 595664 2.000851789
4 18 3 100 15243 2.000856380
7 5 3 100 77786 2.000859260
9 3 3 100 174788 2.000869997
20 25 3 100 493 2.000891170
22 25 3 100 11813 2.000896065
14 29 3 100 897405 2.000970411
31 22 3 100 102535 2.000986208
30 1 3 100 26543 2.000995008
12 21 3 100 43849 2.000996342
9 10 3 100 12702 2.001022348
31 3 3 100 157398 2.001026454
24 25 3 100 7398061 2.001059759
5 12 3 100 86121 2.001061093
21 26 3 100 50350 2.001070359
29 23 3 100 6992625 2.001072614
27 15 3 100 20581600 2.001090463
5 29 3 100 23082 2.001090750
9 14 3 100 6446465 2.001147291
7 28 3 100 3337651 2.001207742
28 11 3 100 33622 2.001213399
23 10 3 100 1485028 2.001231330
6 15 3 100 63065 2.001236051
24 31 3 100 27430 2.001280389
25 22 3 100 54150 2.001284242
30 3 3 100 152696 2.001289676
21 29 3 100 72624 2.001304800
20 28 3 100 49620 2.001306100
4 31 3 100 118649 2.001308797
23 12 3 100 7612 2.001338194
10 28 3 100 1189522 2.001376352
22 6 3 100 17275 2.001387414
0 20 3 100 404175 2.001393416
23 4 3 100 23434 2.001399932
0 24 3 100 147617 2.001416719
22 1 3 100 136680 2.001419621
15 28 3 100 18518 2.001427922
8 22 3 100 2965 2.001440205
15 13 3 100 58844 2.001442630
22 28 3 100 197968 2.001444868
31 13 3 100 509 2.001455493
21 28 3 100 28225 2.001456512
14 29 3 100 2225356 2.001459614
23 6 3 100 51799 2.001461575
29 0 3 100 61 2.001462497
0 24 3 100 161293 2.001502814
11 29 3 100 243954 2.001512899
26 31 3 100 1884064 2.001521972
12 16 3 100 41472 2.001523347
29 19 3 100 69234 2.001525990
15 24 3 100 1571474 2.001533398
29 6 3 100 6222 2.001533412
30 2 3 100 2420459 2.001541643
14 9 3 100 1958109 2.001545215
2 19 3 100 31779 2.001549583
30 17 3 100 25166 2.001553063
17 29 3 100 163808 2.001560937
29 14 3 100 1470 2.001571932
12 3 3 100 758058 2.001618811
11 3 3 100 1112408 2.001629978
25 29 3 100 149017 2.001645582
9 16 3 100 216239 2.001687612
30 23 3 100 44223 2.001703178
29 10 3 100 8524 2.001738226
18 15 3 100 2725 2.001785091
21 11 3 100 1516624 2.001821145
27 1 3 100 27936 2.001828616
24 6 3 100 49211 2.001840847
19 14 3 100 68876 2.001846059
9 26 3 100 45569 2.001847972
13 12 3 100 180537 2.001886093
8 2 3 100 1668971 2.001886543
16 26 3 100 65352 2.001887585
8 3 3 100 23358831 2.001898994
15 20 3 100 3390732 2.001909026
7 26 3 100 62579 2.001995674
8 23 3 100 4448351 2.002008970
7 22 3 100 406739 2.002018224
10 5 3 100 2197450 2.002030331
11 5 3 100 26705 2.002034650
30 24 3 100 4617990 2.002034977
9 16 3 100 73719 2.002060879
0 30 3 100 576976 2.002066802
21 20 3 100 9793781 2.002073255
15 22 3 100 74232 2.002088047
3 6 3 100 30291 2.002094985
24 22 3 100 119272 2.002106682
2 6 3 100 7806283 2.002120850
15 27 3 100 1454461 2.002134056
7 0 3 100 25341 2.002139336
22 27 3 100 5926 2.002149235
1 3 3 100 172641 2.002151217
2 8 3 100 879823 2.002154080
14 1 3 100 45091 2.002158850
3 13 3 100 35505 2.002164478
25 0 3 100 9748 2.002204046
20 7 3 100 1067025 2.002206597
24 10 3 100 72960 2.002216231
21 18 3 100 20876 2.002221824
29 9 3 100 14853 2.002224866
19 5 3 100 12901 2.002225520
4 15 3 100 66868 2.002231554
13 24 3 100 1363932 2.002254562
9 24 3 100 25968 2.002257464
14 2 3 100 100737 2.002288791
12 23 3 100 235155 2.002291928
8 20 3 100 36722 2.002302244
5 7 3 100 76496 2.002324138
14 11 3 100 851809 2.002324395
22 25 3 100 1861352 2.002365281
11 2 3 100 1221986 2.002376238
7 23 3 100 26586 2.002384384
15 4 3 100 78042 2.002399159
20 0 3 100 1920180 2.002431225
18 4 3 100 24330 2.002449846
29 9 3 100 28961 2.002492336
8 17 3 100 39610 2.002499376
3 31 3 100 23702 2.002510299
1 24 3 100 65652 2.002522796
26 18 3 100 169133 2.002524461
22 18 3 100 1252571 2.002586646
8 23 3 100 486441 2.002589473
14 31 3 100 6897 2.002618996
14 12 3 100 437399 2.002625548
5 20 3 100 1800 2.002648238
18 12 3 100 29625 2.002658639
6 13 3 100 5612 2.002712101
18 5 3 100 27704 2.002713090
3 30 3 100 39966 2.002715643
15 22 3 100 475646 2.002734464
9 31 3 100 904947 2.002776736
9 30 3 100 67431 2.002793563
28 25 3 100 4481334 2.002795823
14 1 3 100 26903 2.002802349
25 0 3 100 46657 2.002803750
6 5 3 100 1662062 2.002814770
25 29 3 100 59854 2.002816561
6 10 3 100 2368174 2.002829298
23 25 3 100 82366 2.002833163
1 25 3 100 1867541 2.002838714
6 12 3 100 24159 2.002845764
8 0 3 100 3546 2.002857639
21 26 3 100 4796437 2.002892757
16 24 3 100 1962358 2.002902138
9 2 3 100 26349 2.002909552
10 22 3 100 1 2.002915064
31 2 3 100 14330 2.002918098
28 16 3 100 29732391 2.002929786
15 3 3 100 176751 2.002936840
21 7 3 100 1418 2.002944260
19 10 3 100 69935 2.002947081
0 12 3 100 3921 2.002970268
25 1 3 100 170794 2.002984716
12 9 3 100 20476 2.002989416
6 28 3 100 6835956 2.002997859
11 3 3 100 485 2.003004070
29 17 3 100 2128289 2.003015572
21 10 3 100 20866 2.003020609
16 3 3 100 3669 2.003023078
17 13 3 100 71421 2.003026100
12 31 3 100 5144183 2.003052864
30 17 3 100 7808624 2.003054440
6 1 3 100 4383 2.003069983
22 1 3 100 21576 2.003079637
22 10 3 100 4466440 2.003096811
22 4 3 100 198073 2.003097356
15 11 3 100 709595 2.003101471
20 11 3 100 1805050 2.003110794
17 16 3 100 3170074 2.003114634
5 13 3 100 5154762 2.003114710
10 21 3 100 61262 2.003122296
0 4 3 100 37123 2.003155856
21 12 3 100 906217 2.003169897
12 0 3 100 3276944 2.003201640
28 29 3 100 1778596 2.003245842
29 18 3 100 2162497 2.003261320
7 14 3 100 349936 2.003297612
30 3 3 100 47064 2.003302042
10 2 3 100 29454922 2.003320203
31 19 3 100 141650 2.003327838
23 6 3 100 1115325 2.003348288
6 8 3 100 38534 2.003365246
6 15 3 100 406456 2.003374324
2 8 3 100 41771 2.003384030
28 18 3 100 52915 2.003390972
22 27 3 100 2484579 2.003418320
3 1 3 100 4848930 2.003427776
3 28 3 100 16043 2.003440681
12 17 3 100 3760963 2.003458941
28 27 3 100 2171337 2.003462991
21 19 3 100 69463 2.003488776
30 29 3 100 2191 2.003505827
24 7 3 100 31317 2.003507770
4 5 3 100 1800973 2.003517434
3 25 3 100 1317199 2.003522171
0 18 3 100 78267 2.003550217
13 9 3 100 4715332 2.003558663
20 11 3 100 23491 2.003617472
18 16 3 100 74550 2.003638699
6 0 3 100 8224 2.003640563
19 7 3 100 622476 2.003642142
10 2 3 100 31144 2.003662655
4 16 3 100 628399 2.003665015
31 25 3 100 6468586 2.003685672
18 0 3 100 38357 2.003687027
22 0 3 100 2673618 2.003689959
25 5 3 100 22022 2.003700439
8 23 3 100 7396 2.003704982
30 18 3 100 75567 2.003762647
21 13 3 100 26 2.003777855
16 2 3 100 67674 2.003936603
30 18 3 100 69752 2.003969821
0 18 3 100 1763195 2.003989958
19 6 3 100 67946 2.004004916
1 5 3 100 38353 2.004007219
14 25 3 100 1788693 2.004040140
22 9 3 100 77558 2.004052914
31 9 3 100 96622 2.004065366
16 13 3 100 7337 2.004087582
11 18 3 100 29846 2.004088704
9 5 3 100 107149 2.004097311
7 22 3 100 1240 2.004099377
9 14 3 100 28090 2.004100082
4 2 3 100 14282 2.004106501
18 30 3 100 1589738 2.004119820
22 19 3 100 74795 2.004145049
16 30 3 100 25722 2.004156145
3 23 3 100 30495 2.004163333
4 21 3 100 3208 2.004184538
3 23 3 100 29563 2.004193552
28 7 3 100 5881 2.004195096
8 16 3 100 43942 2.004203572
22 9 3 100 4881346 2.004212693
27 14 3 100 133801 2.004218736
14 25 3 100 76067 2.004232586
30 9 3 100 76805 2.004246679
4 11 3 100 83 2.004257508
8 12 3 100 199678 2.004257608
2 3 3 100 237284 2.004280546
29 5 3 100 9334565 2.004300566
7 0 3 100 1508430 2.004320015
15 12 3 100 9701 2.004335627
13 16 3 100 9270 2.004336354
0 23 3 100 944137 2.004348046
4 24 3 100 130284 2.004359213
31 30 3 100 6918266 2.004410383
23 11 3 100 77918 2.004413671
7 2 3 100 72973 2.004424784
23 1 3 100 20121 2.004433867
28 0 3 100 431055 2.004436385
19 21 3 100 12270 2.004444187
7 4 3 100 52129 2.004470840
3 11 3 100 16870366 2.004523263
18 25 3 100 76722 2.004529593
16 26 3 100 1612397 2.004555615
12 17 3 100 463461 2.004584142
12 16 3 100 6540 2.004598427
0 25 3 100 20542 2.004608334
10 1 3 100 17369 2.004621119
24 10 3 100 755937 2.004624454
29 12 3 100 1397085 2.004627171
26 0 3 100 24791480 2.004640976
8 27 3 100 37792 2.004642086
1 25 3 100 9843934 2.004647775
0 20 3 100 6765 2.004651647
4 7 3 100 11976 2.004672183
4 7 3 100 9719 2.004701900
3 24 3 100 412494 2.004727869
23 7 3 100 487133 2.004734639
5 20 3 100 1197746 2.004756040
17 3 3 100 77485 2.004762213
14 26 3 100 73035 2.004776650
10 8 3 100 1767083 2.004784610
2 15 3 100 60939 2.004799309
5 7 3 100 4787541 2.004799736
0 10 3 100 975137 2.004806360
4 6 3 100 2609 2.004815329
30 31 3 100 836568 2.004862048
2 7 3 100 2865206 2.004862563
5 14 3 100 44943 2.004871220
9 5 3 100 3867124 2.004871672
5 18 3 100 7878 2.004893580
12 23 3 100 32000 2.004918860
19 30 3 100 6997107 2.004932052
13 30 3 100 54637 2.004932817
3 2 3 100 5638 2.004947945
4 5 3 100 1933045 2.004950466
29 26 3 100 5331 2.004951477
17 23 3 100 1813 2.004955738
28 7 3 100 1879450 2.004965088
29 27 3 100 18535 2.004968300
8 29 3 100 1624008 2.004970193
13 15 3 100 4906948 2.004976785
29 20 3 100 52379 2.005006418
25 30 3 100 754998 2.005026381
17 0 3 100 1797 2.005034932
8 19 3 100 1751165 2.005055018
2 23 3 100 55262 2.005067198
18 6 3 100 19660 2.005125898
31 0 3 100 25838 2.005130639
30 20 3 100 40896 2.005153708
16 15 3 100 57071 2.005173233
29 21 3 100 2391020 2.005181464
11 24 3 100 7645929 2.005183344
12 28 3 100 10711 2.005183516
7 10 3 100 7228 2.005200080
22 15 3 100 40705 2.005200486
22 3 3 100 27210 2.005300441
0 7 3 100 44864 2.005303624
19 12 3 100 23623 2.005304621
28 7 3 100 3329 2.005308326
20 8 3 100 68871 2.005322295
5 16 3 100 113 2.005324846
2 9 3 100 21875 2.005334270
18 21 3 100 31697 2.005334977
17 22 3 100 13055 2.005357471
28 29 3 100 7367550 2.005379459
13 4 3 100 59592 2.005384809
17 25 3 100 151474 2.005422530
4 23 3 100 59567 2.005477425
25 28 3 100 1512102 2.005486824
17 14 3 100 114631 2.005489352
26 1 3 100 1638370 2.005491976
4 14 3 100 6627 2.005544333
19 13 3 100 10344 2.005555548
1 0 3 100 1532763 2.005569564
0 4 3 100 30241 2.005615812
0 6 3 100 3878511 2.005625136
25 16 3 100 34004 2.005636493
13 20 3 100 887336 2.005637215
25 11 3 100 2630 2.005643063
26 14 3 100 114867 2.005643753
9 1 3 100 862154 2.005664957
11 5 3 100 903969 2.005671561
4 1 3 100 308488 2.005712589
9 17 3 100 244695 2.005715700
2 28 3 100 2811 2.005716698
30 2 3 100 68135 2.005721360
6 21 3 100 20475 2.005786889
21 19 3 100 16820 2.005788484
16 31 3 100 13205 2.005798503
1 8 3 100 4427148 2.005820809
12 9 3 100 9677 2.005821109
25 5 3 100 22753 2.005833673
25 10 3 100 1827160 2.005867590
12 15 3 100 952982 2.005871580
25 20 3 100 38600 2.005878339
10 30 3 100 105329 2.005882507
22 20 3 100 51380 2.005884589
7 0 3 100 3194934 2.005886455
11 6 3 100 55025 2.005912908
11 29 3 100 2124023 2.005926458
12 20 3 100 89178 2.005928197
0 13 3 100 4044208 2.005946919
26 16 3 100 51571 2.005947627
16 18 3 100 400024 2.005955749
24 17 3 100 60751 2.005959500
15 20 3 100 174511 2.005963392
29 19 3 100 5103762 2.005992340
11 26 3 100 46179 2.006004783
28 29 3 100 4612588 2.006010827
27 28 3 100 13409 2.006019210
19 12 3 100 64841 2.006022885
0 10 3 100 579651 2.006023560
6 9 3 100 3789 2.006025417
18 10 3 100 15778 2.006039257
18 24 3 100 28870 2.006060762
6 19 3 100 7810 2.006068105
27 16 3 100 40709 2.006079540
4 27 3 100 3009290 2.006085033
19 22 3 100 17924 2.006093509
17 27 3 100 20395 2.006099697
10 9 3 100 3355 2.006105829
8 0 3 100 1203105 2.006142414
23 27 3 100 67353 2.006146409
18 10 3 100 19489593 2.006214564
10 20 3 100 38 2.006221783
25 4 3 100 395994 2.006240057
22 23 3 100 820 2.006245562
10 23 3 100 78037 2.006260320
4 28 3 100 5862916 2.006289224
31 27 3 100 77757 2.006291714
15 18 3 100 9446 2.006297308
11 9 3 100 19460 2.006301411
1 13 3 100 2344697 2.006321169
4 25 3 100 4952 2.006323473
29 10 3 100 73983 2.006327938
29 23 3 100 890 2.006359177
16 11 3 100 1778970 2.006360024
17 29 3 100 4749551 2.006381339
4 11 3 100 47017 2.006396486
6 14 3 100 693549 2.006463581
25 17 3 100 4174765 2.006471669
2 28 3 100 1638676 2.006475962
1 31 3 100 4961118 2.006476041
21 11 3 100 10812 2.006481468
26 30 3 100 3424368 2.006491928
23 6 3 100 24721 2.006520717
23 8 3 100 73340 2.006533213
5 16 3 100 6455662 2.006544985
21 4 3 100 5882 2.006585391
8 0 3 100 4425 2.006597894
22 23 3 100 2712 2.006627665
3 21 3 100 5336 2.006661769
21 23 3 100 20727 2.006661880
14 26 3 100 50063 2.006670961
13 12 3 100 121697 2.006684652
28 12 3 100 658596 2.006700792
28 8 3 100 63185 2.006708294
13 21 3 100 31609 2.006711393
21 7 3 100 76342 2.006747067
30 19 3 100 61114 2.006757167
22 0 3 100 55325 2.006774471
18 30 3 100 26217 2.006785051
17 1 3 100 466965 2.006806673
31 20 3 100 25578 2.006807154
16 27 3 100 29586 2.006912279
28 18 3 100 7428413 2.006921136
8 13 3 100 5944 2.006923971
22 10 3 100 131754 2.006982879
18 28 3 100 448 2.006997850
31 5 3 100 150244 2.007011219
0 26 3 100 66107 2.007014785
18 0 3 100 6451 2.007067698
22 2 3 100 459270 2.007082702
6 5 3 100 26751 2.007097702
26 1 3 100 13820 2.007129112
29 12 3 100 101341 2.007131210
2 8 3 100 7094416 2.007147537
0 31 3 100 3532982 2.007149498
26 4 3 100 16698 2.007151316
23 0 3 100 7214 2.007177421
7 19 3 100 3605828 2.007179161
12 6 3 100 3302860 2.007182615
25 19 3 100 688382 2.007227629
3 2 3 100 42260 2.007228267
15 14 3 100 6872906 2.007236057
26 13 3 100 28610 2.007246666
15 14 3 100 55542 2.007254627
4 15 3 100 978328 2.007257776
21 20 3 100 4443550 2.007258942
20 7 3 100 4147 2.007259736
16 23 3 100 7444 2.007270011
0 16 3 100 77027 2.007306690
8 16 3 100 375315 2.007324345
14 30 3 100 8310 2.007329372
23 4 3 100 7482737 2.007331466
27 5 3 100 47441 2.007333794
15 14 3 100 5720 2.007336202
8 28 3 100 2063823 2.007348020
4 12 3 100 619580 2.007459003
0 30 3 100 9463 2.007468980
2 0 3 100 14640 2.007474680
21 17 3 100 7389 2.007507409
8 24 3 100 7406 2.007526897
26 6 3 100 3367529 2.007536120
1 21 3 100 28932 2.007544809
30 7 3 100 35226 2.007544983
4 1 3 100 32545 2.007568160
4 8 3 100 746355 2.007568969
11 31 3 100 58696 2.007597797
13 27 3 100 46700 2.007604496
31 4 3 100 63275 2.007622864
25 29 3 100 24051 2.007623541
2 27 3 100 35722 2.007631151
14 10 3 100 1167 2.007635625
7 8 3 100 90308 2.007646556
5 16 3 100 42027 2.007652704
23 13 3 100 22794 2.007660264
1 27 3 100 86518 2.007673417
29 25 3 100 21020 2.007679516
2 14 3 100 93045 2.007711689
14 11 3 100 3109 2.007711812
4 26 3 100 731503 2.007718140
22 10 3 100 59213 2.007724455
1 19 3 100 3953847 2.007728190
5 29 3 100 79386 2.007728236
28 31 3 100 53951 2.007734456
25 3 3 100 9732207 2.007743941
23 9 3 100 4469985 2.007754914
29 31 3 100 4489155 2.007764072
20 11 3 100 1708162 2.007771058
8 13 3 100 38307 2.007779157
29 7 3 100 1429138 2.007786237
19 25 3 100 21683909 2.007797898
9 1 3 100 5055 2.007805349
9 30 3 100 28838 2.007815313
4 16 3 100 40226 2.007815753
13 31 3 100 52063 2.007817622
17 11 3 100 8991151 2.007826555
17 23 3 100 44302 2.007827362
27 10 3 100 894839 2.007840019
10 31 3 100 2606067 2.007841368
2 25 3 100 412 2.007841731
4 14 3 100 3429603 2.007842796
9 7 3 100 26683 2.007850936
4 20 3 100 50347 2.007851901
4 0 3 100 1424530 2.007869292
9 11 3 100 623611 2.007874253
4 21 3 100 1447234 2.007880621
7 31 3 100 1110099 2.007884194
14 15 3 100 50066 2.007888641
28 4 3 100 246737 2.007919943
17 21 3 100 726222 2.007944238
18 8 3 100 4161700 2.007950436
28 11 3 100 5408 2.007955901
2 29 3 100 8388 2.007965219
21 11 3 100 24936 2.007982183
3 22 3 100 5122031 2.007988766
12 22 3 100 106842 2.008020136
24 13 3 100 1209456 2.008048389
11 10 3 100 1672575 2.008058024
4 5 3 100 3485088 2.008080051
10 13 3 100 5232303 2.008085282
25 17 3 100 1138 2.008086724
29 1 3 100 23289 2.008117852
30 0 3 100 30574 2.008134147
13 11 3 100 2211563 2.008137845
6 26 3 100 1638269 2.008145851
10 1 3 100 73090 2.008179729
15 0 3 100 30799 2.008184787
19 31 3 100 56286 2.008208866
27 7 3 100 16755 2.008233149
13 9 3 100 5253 2.008243018
17 22 3 100 32667 2.008251068
24 0 3 100 76256 2.008285283
11 15 3 100 1709414 2.008292025
16 5 3 100 375455 2.008342387
11 31 3 100 19679 2.008345286
17 16 3 100 1793 2.008357461
23 17 3 100 1914117 2.008374044
24 28 3 100 137977 2.008376129
23 13 3 100 46278 2.008413970
27 21 3 100 481662 2.008414030
30 15 3 100 57054 2.008422899
1 15 3 100 5123 2.008436586
20 14 3 100 21935 2.008457210
19 31 3 100 1368770 2.008461743
7 23 3 100 27844 2.008462158
20 8 3 100 848328 2.008469304
12 9 3 100 137857 2.008490243
12 29 3 100 7471409 2.008522781
2 28 3 100 501664 2.008529414
31 13 3 100 8124 2.008561178
23 24 3 100 462378 2.008565354
31 28 3 100 1739270 2.008594734
18 28 3 100 4288649 2.008604749
1 18 3 100 1106461 2.008630395
17 9 3 100 46462 2.008640471
31 30 3 100 472 2.008648724
15 2 3 100 106 2.008662375
15 10 3 100 33593 2.008673207
23 4 3 100 64942 2.008688688
17 13 3 100 6203 2.008694514
24 29 3 100 49311 2.008700633
1 30 3 100 9539 2.008711971
19 24 3 100 3450205 2.008718410
10 13 3 100 14940388 2.008722821
7 19 3 100 62927 2.008733741
15 18 3 100 608989 2.008743354
16 9 3 100 262205 2.008753663
17 14 3 100 7056 2.008774523
23 12 3 100 52485 2.008774769
10 15 3 100 1623047 2.008807340
31 12 3 100 2291 2.008824576
4 29 3 100 20881 2.008850498
29 15 3 100 3393486 2.008875655
0 1 3 100 7397 2.008888571
21 31 3 100 13527 2.008895671
16 4 3 100 17890 2.008911540
25 15 3 100 12090242 2.008929010
28 0 3 100 23480 2.008955140
15 26 3 100 44060 2.008988468
5 23 3 100 46553 2.008998406
22 30 3 100 69628 2.009004772
24 20 3 100 17668 2.009009553
18 22 3 100 27160 2.009019354
28 3 3 100 60888 2.009024406
22 31 3 100 95206 2.009034466
13 9 3 100 991508 2.009044499
15 21 3 100 21135864 2.009102697
13 17 3 100 9072507 2.009136654
29 2 3 100 8062620 2.009186888
19 8 3 100 24756338 2.009194823
4 0 3 100 2655172 2.009208615
8 27 3 100 7577 2.009234126
7 25 3 100 2834211 2.009239259
14 5 3 100 10989 2.009241923
16 14 3 100 3093319 2.009250779
4 25 3 100 29313 2.009345323
27 13 3 100 7886307 2.009358447
16 1 3 100 1708668 2.009392321
17 11 3 100 129697 2.009393810
13 27 3 100 6160286 2.009425080
23 16 3 100 18822 2.009429117
8 11 3 100 1580029 2.009435390
11 0 3 100 7120160 2.009450542
7 28 3 100 4768 2.009451526
15 29 3 100 34740 2.009493460
25 11 3 100 793916 2.009501699
26 20 3 100 46843 2.009502053
2 15 3 100 6022 2.009533029
26 17 3 100 9983 2.009545798
1 8 3 100 14934 2.009601413
20 10 3 100 12865 2.009618050
8 17 3 100 3520492 2.009663765
7 6 3 100 7178 2.009682090
11 17 3 100 6895 2.009682826
20 27 3 100 8863083 2.009698359
10 6 3 100 517 2.009746819
25 0 3 100 47229 2.009795790
0 21 3 100 29349 2.009798168
0 20 3 100 3242 2.009825485
24 6 3 100 1657602 2.009826067
25 10 3 100 60902 2.009827291
28 1 3 100 20813 2.009840860
4 17 3 100 9822880 2.009860309
13 28 3 100 1799808 2.009862544
7 6 3 100 249806 2.009864281
26 14 3 100 7329313 2.009907108
27 29 3 100 180927 2.009907188
29 5 3 100 1037424 2.009921294
29 19 3 100 4033 2.009968625
0 8 3 100 40816 2.009972395
24 18 3 100 111286 2.009997188
5 4 3 100 7870141 2.010022017
16 1 3 100 12079 2.010043978
29 24 3 100 8761485 2.010058023
10 8 3 100 6813575 2.010060815
8 19 3 100 731928 2.010071776
6 17 3 100 8528 2.010118421
9 15 3 100 2046 2.010121217
10 16 3 100 1873400 2.010160720
22 16 3 100 2779607 2.010179328
13 6 3 100 32710 2.010181798
13 29 3 100 105650 2.010186385
31 21 3 100 34558 2.010253954
15 1 3 100 10373373 2.010255999
26 4 3 100 236997 2.010304702
7 16 3 100 42291 2.010317096
11 9 3 100 8005 2.010320036
19 22 3 100 21039 2.010323662
18 13 3 100 2219245 2.010325491
10 11 3 100 38933 2.010332128
27 6 3 100 1743546 2.010353521
25 20 3 100 339383 2.010355243
26 1 3 100 8184 2.010359763
20 3 3 100 976107 2.010369436
16 13 3 100 18766 2.010393105
24 7 3 100 786826 2.010409809
11 1 3 100 34076 2.010473363
17 3 3 100 106606 2.010481371
6 21 3 100 129406 2.010499229
21 10 3 100 7851477 2.010563240
27 15 3 100 1626323 2.010567283
29 17 3 100 65590 2.010574999
29 20 3 100 23382 2.010580660
24 9 3 100 29187474 2.010590929
12 10 3 100 65130 2.010603393
11 26 3 100 24177701 2.010626011
10 1 3 100 808362 2.010629253
20 7 3 100 52975 2.010661681
11 22 3 100 79601 2.010664946
3 23 3 100 9577617 2.010665057
17 22 3 100 28375476 2.010677995
30 8 3 100 1927107 2.010702625
22 5 3 100 110436 2.010711641
22 11 3 100 25246 2.010712348
3 18 3 100 9572 2.010744678
15 17 3 100 5239 2.010748120
13 17 3 100 869126 2.010772800
29 12 3 100 128033 2.010785366
14 31 3 100 4368 2.010802406
23 1 3 100 10960 2.010834606
24 19 3 100 663492 2.010849195
7 30 3 100 35303 2.010853730
12 10 3 100 1209006 2.010863174
13 9 3 100 72460 2.010881874
11 19 3 100 7334810 2.010896833
11 16 3 100 9705952 2.010909628
12 23 3 100 4560294 2.010941097
1 9 3 100 2803691 2.010979274
8 30 3 100 12727 2.010987990
8 22 3 100 14202135 2.011025719
26 0 3 100 30093 2.011030154
9 29 3 100 4682 2.011041229
24 5 3 100 10975481 2.011069370
7 16 3 100 3380613 2.011076473
31 4 3 100 11412 2.011077073
7 27 3 100 5083401 2.011106045
21 31 3 100 8725420 2.011110127
4 2 3 100 1721734 2.011130824
20 30 3 100 1397791 2.011161588
22 21 3 100 61502 2.011190140
26 25 3 100 1988536 2.011196163
5 19 3 100 64662 2.011202787
15 17 3 100 1778 2.011230203
13 15 3 100 79881 2.011235814
5 31 3 100 10967 2.011266273
16 10 3 100 5181 2.011273680
14 20 3 100 8472093 2.011274342
10 19 3 100 65552 2.011276657
8 23 3 100 13428 2.011279334
1 12 3 100 73730 2.011290532
12 26 3 100 1976889 2.011294817
4 15 3 100 5130 2.011299304
15 2 3 100 60530 2.011307667
19 30 3 100 63343 2.011312452
2 7 3 100 17081735 2.011318454
8 21 3 100 7512 2.011332533
3 22 3 100 174283 2.011332609
4 15 3 100 121246 2.011351789
29 13 3 100 69175 2.011373024
27 24 3 100 22745 2.011376700
18 5 3 100 107418 2.011385709
10 16 3 100 1523567 2.011398570
24 2 3 100 31551 2.011415280
28 13 3 100 3457 2.011448593
0 15 3 100 382043 2.011452365
11 20 3 100 8259 2.011458547
6 20 3 100 20601 2.011462241
25 19 3 100 6733 2.011471673
25 30 3 100 1855745 2.011484986
20 22 3 100 27346 2.011487615
1 12 3 100 58832 2.011493394
31 27 3 100 748768 2.011501649
17 18 3 100 4787 2.011521350
8 1 3 100 62174 2.011555266
6 8 3 100 32490 2.011561033
22 3 3 100 76959 2.011582856
17 6 3 100 4767 2.011609061
31 5 3 100 1416778 2.011652140
21 30 3 100 34244 2.011656727
23 24 3 100 114699 2.011695039
20 3 3 100 3154312 2.011712497
12 6 3 100 22284 2.011718193
30 16 3 100 3553049 2.011745614
24 5 3 100 22906 2.011745908
7 9 3 100 27754 2.011778537
3 23 3 100 156091 2.011780845
17 13 3 100 35853 2.011832549
1 2 3 100 27414 2.011835449
17 8 3 100 19419 2.011839967
4 0 3 100 3275685 2.011878982
10 30 3 100 1573499 2.011892782
15 25 3 100 27545 2.011898181
5 9 3 100 19424 2.011906560
5 27 3 100 270565 2.011913196
22 26 3 100 75278 2.011935841
22 15 3 100 28330 2.011937525
23 8 3 100 29177 2.011943938
16 28 3 100 972980 2.011963669
22 16 3 100 75838 2.011965691
27 31 3 100 7428 2.011986560
2 20 3 100 231519 2.011992552
20 22 3 100 26290 2.011998538
19 23 3 100 17065 2.012011696
14 24 3 100 319147 2.012027556
21 25 3 100 24067 2.012031242
16 7 3 100 70641 2.012038246
28 5 3 100 3840341 2.012039452
13 10 3 100 15237 2.012050917
17 11 3 100 470389 2.012074526
28 6 3 100 1634222 2.012088953
30 17 3 100 8500 2.012096444
26 15 3 100 45827 2.012101782
7 30 3 100 21101 2.012105119
14 18 3 100 64535 2.012129731
12 1 3 100 2691 2.012141459
9 22 3 100 64681 2.012149564
9 31 3 100 598291 2.012157300
22 29 3 100 62378 2.012163078
22 10 3 100 1745107 2.012226579
16 22 3 100 1523748 2.012236111
20 27 3 100 356333 2.012244358
1 24 3 100 162758 2.012266367
21 0 3 100 3748449 2.012280403
27 11 3 100 27405 2.012285095
11 16 3 100 27269182 2.012291345
31 18 3 100 7510 2.012302074
24 16 3 100 7874 2.012307245
19 31 3 100 3981 2.012351998
0 14 3 100 120852 2.012362800
1 29 3 100 20149 2.012413690
6 13 3 100 2428 2.012415395
3 24 3 100 7739 2.012416386
0 6 3 100 604 2.012462840
6 10 3 100 26446 2.012463013
2 3 3 100 25631023 2.012472589
16 26 3 100 3066908 2.012495892
15 6 3 100 616080 2.012500565
7 12 3 100 1262449 2.012513690
14 6 3 100 506383 2.012519877
2 20 3 100 3648659 2.012540104
31 13 3 100 20139 2.012540905
0 11 3 100 16144 2.012626024
4 0 3 100 43390 2.012659225
23 11 3 100 8640 2.012665745
31 12 3 100 28689 2.012667569
25 20 3 100 827833 2.012706029
15 31 3 100 39905 2.012713616
5 20 3 100 56801 2.012715246
4 23 3 100 34330 2.012758483
7 4 3 100 51394 2.012761371
10 27 3 100 467046 2.012773112
18 25 3 100 24788 2.012778324
31 5 3 100 99303 2.012806879
12 18 3 100 1789058 2.012822649
14 22 3 100 177066 2.012823162
30 17 3 100 44491 2.012825242
22 28 3 100 827646 2.012835362
15 6 3 100 36592 2.012854218
26 0 3 100 26694820 2.012908104
2 10 3 100 7767429 2.012928262
14 31 3 100 36552 2.012929181
4 30 3 100 1805063 2.012938885
0 15 3 100 31900 2.012939752
1 0 3 100 1493 2.012943840
10 7 3 100 7643258 2.012950722
0 1 3 100 150850 2.012975220
3 18 3 100 45369 2.012985099
10 4 3 100 29821 2.013007414
24 30 3 100 2917279 2.013046518
9 21 3 100 1236838 2.013053961
23 9 3 100 21479 2.013060200
13 28 3 100 24216 2.013072829
1 8 3 100 1629638 2.013075800
30 24 3 100 72321 2.013083657
11 15 3 100 1891369 2.013084049
1 11 3 100 289 2.013092432
6 7 3 100 29778828 2.013099627
31 25 3 100 13406 2.013117308
12 17 3 100 166289 2.013121966
1 13 3 100 12034323 2.013130491
24 10 3 100 59184 2.013145714
4 0 3 100 130594 2.013147458
17 13 3 100 4697675 2.013174563
9 3 3 100 43480 2.013189037
31 16 3 100 24983 2.013193568
12 23 3 100 20620 2.013199593
27 19 3 100 52169 2.013214891
18 31 3 100 10822 2.013250126
3 23 3 100 328352 2.013288708
6 14 3 100 4830 2.013301044
27 20 3 100 126986 2.013301149
1 21 3 100 15997 2.013301895
19 6 3 100 419882 2.013318860
13 20 3 100 8188 2.013322970
12 22 3 100 1773 2.013329874
7 30 3 100 1014547 2.013332920
12 4 3 100 72880 2.013338308
9 31 3 100 77589 2.013355495
27 30 3 100 66091 2.013370463
4 8 3 100 1687657 2.013372809
17 22 3 100 4006080 2.013374539
3 9 3 100 14817 2.013376724
26 22 3 100 3122368 2.013377371
26 12 3 100 1260791 2.013402741
12 7 3 100 8196 2.013414721
25 2 3 100 1884265 2.013425550
0 26 3 100 375378 2.013427735
29 0 3 100 1731911 2.013445219
29 2 3 100 20224 2.013461733
29 27 3 100 33008 2.013462775
11 17 3 100 6431 2.013477467
4 23 3 100 786234 2.013481853
29 7 3 100 9571156 2.013487791
25 20 3 100 1783272 2.013504386
17 2 3 100 532018 2.013517202
9 22 3 100 1045490 2.013518022
4 16 3 100 45606 2.013533982
0 22 3 100 8824391 2.013534928
6 25 3 100 11182 2.013536336
23 7 3 100 1123040 2.013537735
2 0 3 100 41868 2.013613668
20 2 3 100 45448 2.013624817
14 28 3 100 3967227 2.013631567
19 14 3 100 1860064 2.013648832
8 20 3 100 720697 2.013665841
14 21 3 100 78940 2.013672309
2 29 3 100 13975 2.013688609
16 27 3 100 9699281 2.013695634
17 3 3 100 26936 2.013695690
0 31 3 100 64674 2.013699172
17 5 3 100 26716 2.013702445
28 4 3 100 5733 2.013707980
23 29 3 100 78939 2.013730237
8 11 3 100 44508 2.013743099
28 6 3 100 29792 2.013781294
4 21 3 100 49093 2.013867876
5 28 3 100 4592605 2.013875263
3 22 3 100 10700 2.013876357
3 29 3 100 4430354 2.013884849
4 13 3 100 1494809 2.013917076
4 9 3 100 19573 2.013941432
17 11 3 100 168488 2.013946643
12 5 3 100 68532 2.013972396
14 12 3 100 3204600 2.013975190
28 27 3 100 36862 2.013978494
11 13 3 100 2990 2.013981293
11 8 3 100 4416747 2.013997643
13 30 3 100 61347 2.014024649
1 3 3 100 4499 2.014027988
0 30 3 100 52547 2.014036122
25 0 3 100 63188 2.014036282
31 6 3 100 50111 2.014043578
30 29 3 100 183135 2.014046321
26 9 3 100 24050 2.014058725
11 7 3 100 138023 2.014079212
16 23 3 100 37044 2.014095100
19 28 3 100 2629 2.014112149
22 6 3 100 70867 2.014113502
9 0 3 100 29801321 2.014120475
5 2 3 100 27682 2.014126911
6 23 3 100 500550 2.014130006
6 5 3 100 26937 2.014175010
22 26 3 100 8266710 2.014179425
7 8 3 100 2060 2.014185397
25 0 3 100 17519 2.014199178
24 16 3 100 3947019 2.014199993
26 18 3 100 24351 2.014200849
29 15 3 100 45414 2.014212551
11 30 3 100 107 2.014228852
6 17 3 100 866689 2.014238425
6 2 3 100 387158 2.014250215
21 0 3 100 61828 2.014268594
1 31 3 100 857625 2.014284572
19 30 3 100 44147 2.014326217
13 11 3 100 700125 2.014372134
17 23 3 100 628291 2.014396018
26 18 3 100 19156 2.014396889
26 9 3 100 214032 2.014408481
9 0 3 100 6752 2.014411627
3 15 3 100 4599950 2.014443689
16 22 3 100 19471 2.014450025
16 31 3 100 6965 2.014469943
23 8 3 100 22903889 2.014479331
30 21 3 100 59129 2.014482457
8 17 3 100 29948 2.014491775
7 8 3 100 35513 2.014495826
6 13 3 100 36398 2.014496591
7 25 3 100 1085 2.014496732
11 22 3 100 15714 2.014520184
1 19 3 100 272 2.014555079
30 16 3 100 13812176 2.014570441
4 28 3 100 43427 2.014588600
28 0 3 100 27970 2.014603064
30 24 3 100 2046382 2.014611466
19 3 3 100 54465 2.014656386
31 22 3 100 1134094 2.014669630
25 20 3 100 16534 2.014680603
16 27 3 100 36112 2.014694930
3 9 3 100 707768 2.014724931
0 19 3 100 1812251 2.014730086
31 27 3 100 265797 2.014736777
10 14 3 100 703429 2.014751518
28 0 3 100 9926 2.014784238
27 19 3 100 749817 2.014796326
6 4 3 100 699122 2.014799350
18 26 3 100 25042 2.014823679
24 2 3 100 43844 2.014842998
1 14 3 100 3645 2.014843927
20 31 3 100 3410979 2.014860248
26 16 3 100 2934228 2.014881393
16 22 3 100 5028150 2.014889074
14 24 3 100 10123 2.014915480
2 20 3 100 4820600 2.014936225
17 13 3 100 10280770 2.014958275
23 20 3 100 223508 2.015052882
11 6 3 100 644 2.015100631
7 24 3 100 2806614 2.015121872
15 25 3 100 61020 2.015140708
8 6 3 100 8646 2.015161716
17 23 3 100 72224 2.015161993
28 5 3 100 40045 2.015166732
22 15 3 100 50741 2.015184740
13 29 3 100 369376 2.015199271
28 14 3 100 25416 2.015201164
31 15 3 100 6895933 2.015202969
16 19 3 100 1137 2.015226725
26 1 3 100 3380013 2.015236990
20 17 3 100 66562 2.015279318
31 1 3 100 60014 2.015291912
29 28 3 100 65809 2.015312535
12 31 3 100 799326 2.015319837
21 29 3 100 1763710 2.015340824
21 19 3 100 4005310 2.015402711
13 0 3 100 923969 2.015411064
18 20 3 100 153411 2.015443735
1 11 3 100 56149 2.015461536
26 2 3 100 6993 2.015465646
7 20 3 100 3445114 2.015470208
5 1 3 100 4035298 2.015476230
16 0 3 100 36316 2.015509263
22 1 3 100 5530 2.015509322
30 6 3 100 8486686 2.015534227
22 11 3 100 862269 2.015552677
15 19 3 100 1212101 2.015575932
19 31 3 100 79172 2.015580358
25 13 3 100 32442 2.015584564
31 0 3 100 7744550 2.015591128
9 4 3 100 137831 2.015598031
4 26 3 100 19912 2.015599634
18 3 3 100 2769 2.015639701
27 30 3 100 34193 2.015647458
28 4 3 100 25423 2.015659000
25 28 3 100 5486 2.015677335
25 29 3 100 74998 2.015678673
25 5 3 100 23261 2.015716268
9 8 3 100 3785 2.015716396
0 4 3 100 93622 2.015735191
6 19 3 100 246792 2.015749562
17 14 3 100 89915 2.015761324
28 2 3 100 4574752 2.015768784
28 31 3 100 5954167 2.015776194
11 7 3 100 4973 2.015778669
17 12 3 100 7585711 2.015815991
26 27 3 100 882334 2.015832289
7 23 3 100 5408 2.015848316
17 7 3 100 6212 2.015854286
1 13 3 100 1115573 2.015884354
18 21 3 100 27076 2.015889940
29 25 3 100 65956 2.015900598
29 9 3 100 28877 2.015974050
26 31 3 100 45648 2.015975599
13 9 3 100 76448 2.016001655
29 1 3 100 1156729 2.016004171
27 14 3 100 6488 2.016016703
13 15 3 100 1111481 2.016026434
22 10 3 100 22543 2.016027760
25 23 3 100 6607621 2.016077669
3 31 3 100 48376 2.016094393
16 31 3 100 7887193 2.016108622
20 31 3 100 5100038 2.016162568
9 25 3 100 23911 2.016163696
7 8 3 100 8522622 2.016166753
31 7 3 100 38876 2.016183959
24 3 3 100 24321 2.016187327
26 6 3 100 3629551 2.016211999
7 13 3 100 62426 2.016216058
15 25 3 100 1309593 2.016265453
12 1 3 100 18784 2.016280994
27 28 3 100 1434612 2.016286717
24 1 3 100 1917 2.016292925
22 24 3 100 23539 2.016302525
27 9 3 100 10037 2.016309011
18 5 3 100 4872054 2.016313433
14 7 3 100 1010 2.016359538
31 11 3 100 1957603 2.016360394
11 22 3 100 4143 2.016367044
5 14 3 100 49781 2.016393459
31 17 3 100 6667 2.016396154
28 29 3 100 44767 2.016402366
11 12 3 100 123026 2.016414441
9 17 3 100 162302 2.016441999
20 1 3 100 716960 2.016447210
2 25 3 100 7888 2.016470091
13 25 3 100 4056864 2.016476732
22 16 3 100 7628692 2.016501755
19 25 3 100 22204 2.016505474
31 13 3 100 1879509 2.016536326
11 5 3 100 50455 2.016544757
2 15 3 100 9815832 2.016552958
19 20 3 100 63020 2.016554039
21 10 3 100 1827470 2.016579350
4 17 3 100 78417 2.016583792
12 7 3 100 21554 2.016587917
20 25 3 100 24180 2.016603950
13 0 3 100 27428 2.016620723
24 27 3 100 792041 2.016633085
15 19 3 100 756081 2.016643641
19 8 3 100 10294 2.016644383
21 12 3 100 4542979 2.016677254
17 20 3 100 22688 2.016693016
8 17 3 100 4505851 2.016703394
26 28 3 100 76582 2.016744451
16 5 3 100 1385692 2.016756819
7 30 3 100 63538 2.016758614
4 7 3 100 7599 2.016767200
20 4 3 100 20390 2.016769350
24 2 3 100 1745211 2.016775763
29 10 3 100 585043 2.016824881
19 21 3 100 464809 2.016826877
2 23 3 100 7953 2.016832580
30 11 3 100 1961027 2.016840868
23 5 3 100 75825 2.016852128
13 31 3 100 20250 2.016853983
19 2 3 100 8103628 2.016860661
13 24 3 100 892630 2.016863844
27 2 3 100 32372 2.016907194
11 25 3 100 520794 2.016958007
2 16 3 100 1845921 2.016960383
3 23 3 100 167322 2.017016887
30 31 3 100 8942768 2.017040236
27 25 3 100 1597605 2.017091543
11 8 3 100 186364 2.017095552
11 19 3 100 783593 2.017134818
19 4 3 100 7876865 2.017139007
17 30 3 100 9072 2.017146950
14 13 3 100 2209038 2.017175844
20 22 3 100 2845734 2.017206109
25 5 3 100 60689 2.017211149
21 25 3 100 5805 2.017239066
29 22 3 100 75756 2.017280927
10 9 3 100 2624056 2.017323536
25 24 3 100 71325 2.017337509
16 1 3 100 1716126 2.017340997
13 1 3 100 5681 2.017364258
14 28 3 100 21118 2.017417802
10 9 3 100 55159 2.017427838
1 9 3 100 18143 2.017449950
21 19 3 100 6992 2.017459029
15 29 3 100 507205 2.017470533
9 12 3 100 9560611 2.017497734
27 13 3 100 76475 2.017502357
25 22 3 100 679036 2.017503019
4 11 3 100 1124363 2.017508830
17 14 3 100 30669 2.017553834
13 4 3 100 78684 2.017564667
25 29 3 100 8169539 2.017568096
23 25 3 100 8634722 2.017576863
27 5 3 100 96288 2.017576875
17 22 3 100 2910939 2.017579381
19 7 3 100 12090 2.017589467
26 30 3 100 39141 2.017594237
18 8 3 100 21483 2.017604202
14 25 3 100 4071 2.017612966
25 29 3 100 35695 2.017614555
30 18 3 100 1237 2.017621287
29 21 3 100 14045 2.017626317
20 17 3 100 3998 2.017632200
26 27 3 100 807110 2.017653028
4 31 3 100 7308 2.017667760
9 3 3 100 372376 2.017673693
29 13 3 100 10484 2.017699183
14 31 3 100 18198 2.017700500
26 2 3 100 1366 2.017715001
9 15 3 100 903512 2.017728647
18 28 3 100 43217 2.017729675
13 5 3 100 69207 2.017734726
6 0 3 100 1861439 2.017755606
15 1 3 100 24755 2.017761181
0 15 3 100 21849 2.017764551
6 8 3 100 8860261 2.017770242
30 1 3 100 2615 2.017793104
2 5 3 100 2068808 2.017794144
12 27 3 100 4070170 2.017800206
9 26 3 100 494319 2.017819011
15 14 3 100 74265 2.017836232
27 18 3 100 3485073 2.017849979
16 30 3 100 5914 2.017850664
24 6 3 100 26520 2.017868552
5 7 3 100 8109614 2.017876903
22 18 3 100 78945 2.017891027
3 9 3 100 770890 2.017894036
21 3 3 100 25411 2.017906829
12 8 3 100 16756 2.017922653
23 19 3 100 5309 2.017960183
25 16 3 100 8167 2.017964698
9 23 3 100 2684663 2.017983936
10 21 3 100 27352 2.017984249
21 14 3 100 60470 2.017987041
22 14 3 100 5365 2.018008718
27 28 3 100 37668 2.018011691
28 25 3 100 195959 2.018035844
5 7 3 100 7825 2.018074116
7 13 3 100 1001095 2.018081160
11 13 3 100 1335026 2.018092919
9 29 3 100 687797 2.018120087
18 27 3 100 53703 2.018123880
18 14 3 100 423908 2.018144850
23 29 3 100 2862034 2.018160376
3 8 3 100 1475 2.018216406
11 20 3 100 5198814 2.018220503
10 14 3 100 2679809 2.018231736
17 24 3 100 111525 2.018247912
24 30 3 100 124106 2.018266382
16 20 3 100 117860 2.018269384
27 16 3 100 11645 2.018273108
26 2 3 100 37089 2.018281282
30 6 3 100 176926 2.018303716
28 26 3 100 68496 2.018325017
31 0 3 100 2842531 2.018337862
8 24 3 100 837737 2.018340101
10 16 3 100 74237 2.018367676
10 5 3 100 443127 2.018382782
5 15 3 100 1460471 2.018405584
2 17 3 100 187877 2.018410359
31 5 3 100 754497 2.018414553
25 20 3 100 3385048 2.018418639
11 5 3 100 429822 2.018421993
29 15 3 100 6301 2.018431877
14 30 3 100 173564 2.018435087
15 21 3 100 3507986 2.018440705
3 14 3 100 12589778 2.018456977
27 21 3 100 5520271 2.018475891
12 21 3 100 7794223 2.018505408
11 12 3 100 21013 2.018506366
16 29 3 100 70700 2.018521315
9 12 3 100 6958 2.018579655
17 15 3 100 40811 2.018609643
17 2 3 100 192534 2.018614828
15 17 3 100 3782 2.018621719
0 27 3 100 9627456 2.018624053
22 17 3 100 1398635 2.018629976
27 7 3 100 897753 2.018634536
1 9 3 100 1904919 2.018639103
12 8 3 100 29329 2.018644133
22 2 3 100 34427 2.018677204
24 11 3 100 5047 2.018690712
12 3 3 100 23593 2.018694311
19 28 3 100 66405 2.018710714
1 7 3 100 58482 2.018738153
4 18 3 100 4559176 2.018747027
31 28 3 100 7074191 2.018775466
15 16 3 100 12883 2.018777287
15 13 3 100 86153 2.018797186
6 18 3 100 27984 2.018805719
17 0 3 100 94026 2.018833577
1 23 3 100 6333514 2.018838346
30 20 3 100 37107 2.018839773
26 12 3 100 68272 2.018848430
12 2 3 100 977 2.018855478
2 22 3 100 191220 2.018859502
23 2 3 100 24397 2.018881347
31 16 3 100 6498330 2.018912489
12 16 3 100 4158792 2.018950502
7 12 3 100 34946 2.018964060
18 9 3 100 26542 2.018988473
31 15 3 100 25067 2.019024792
25 26 3 100 599033 2.019042390
0 8 3 100 74038 2.019051715
0 30 3 100 78792 2.019102809
23 11 3 100 54878 2.019112083
29 20 3 100 20661 2.019123391
0 27 3 100 2703336 2.019128971
13 5 3 100 4784494 2.019130891
4 22 3 100 53243 2.019143594
27 9 3 100 6715 2.019185837
6 4 3 100 818321 2.019187408
30 15 3 100 46328 2.019192103
27 12 3 100 27 2.019203134
27 31 3 100 6073340 2.019214350
9 25 3 100 28193 2.019223408
21 0 3 100 38684 2.019261161
30 20 3 100 1534 2.019262948
9 15 3 100 1699909 2.019274806
28 9 3 100 1206300 2.019295181
14 1 3 100 27257025 2.019299069
26 4 3 100 5455 2.019310569
10 9 3 100 4661408 2.019321050
5 8 3 100 27212 2.019331808
28 10 3 100 66358 2.019348814
31 4 3 100 7437424 2.019349298
27 24 3 100 2535400 2.019378988
22 16 3 100 28251 2.019400593
1 18 3 100 40789 2.019412043
19 25 3 100 29 2.019432680
6 23 3 100 6426 2.019456886
3 21 3 100 19000 2.019485292
28 31 3 100 97746 2.019494505
23 2 3 100 14308 2.019505153
12 23 3 100 1836888 2.019506420
18 11 3 100 294044 2.019512935
14 4 3 100 29 2.019549595
18 0 3 100 57592 2.019613699
21 27 3 100 113543 2.019663961
15 31 3 100 1877177 2.019716520
16 25 3 100 27854 2.019729979
5 17 3 100 2175110 2.019730177
18 6 3 100 123069 2.019745902
9 25 3 100 70248 2.019764848
12 6 3 100 196352 2.019786922
20 3 3 100 45816 2.019786986
31 15 3 100 7664 2.019803604
31 23 3 100 1108209 2.019812612
26 29 3 100 8669 2.019813873
13 24 3 100 21561799 2.019815329
12 29 3 100 109596 2.019874036
30 1 3 100 50138 2.019891957
4 9 3 100 66057 2.019900116
22 21 3 100 35148 2.019917250
6 15 3 100 9857 2.019971380
7 15 3 100 3322888 2.019999683
19 31 3 100 21798 2.020014058
15 20 3 100 1006 2.020019050
11 5 3 100 1113816 2.020029179
11 17 3 100 1306355 2.020051041
12 19 3 100 78467 2.020058005
22 1 3 100 17078911 2.020163128
1 24 3 100 2964725 2.020164946
20 17 3 100 439369 2.020166998
5 23 3 100 68791 2.020174109
22 6 3 100 254700 2.020199549
3 5 3 100 7725296 2.020203186
3 1 3 100 1161571 2.020244085
3 30 3 100 48475 2.020244510
12 9 3 100 138207 2.020249746
17 26 3 100 16413810 2.020263770
21 16 3 100 26577 2.020305941
18 16 3 100 3633843 2.020306930
22 29 3 100 800894 2.020318016
6 26 3 100 212766 2.020318810
8 21 3 100 11977 2.020335702
5 9 3 100 1385671 2.020337818
27 30 3 100 20374526 2.020362065
7 10 3 100 24749 2.020377518
24 1 3 100 53595 2.020397406
7 12 3 100 19725 2.020407527
26 22 3 100 27097 2.020417386
22 2 3 100 7198 2.020433506
30 10 3 100 7736089 2.020435255
0 23 3 100 39855 2.020445087
12 8 3 100 66508 2.020454462
2 3 3 100 1106608 2.020463069
19 21 3 100 3003878 2.020485551
3 28 3 100 96854 2.020494020
20 19 3 100 3600 2.020500623
18 23 3 100 421848 2.020503775
9 28 3 100 73216 2.020520552
23 6 3 100 73293 2.020554326
14 12 3 100 6452325 2.020554918
23 1 3 100 46553 2.020563424
2 19 3 100 1380621 2.020610350
10 2 3 100 52523 2.020610547
5 20 3 100 2198 2.020627236
29 4 3 100 1400073 2.020636395
17 23 3 100 24213 2.020637523
7 28 3 100 7015 2.020646456
16 22 3 100 3685224 2.020652286
29 26 3 100 22467 2.020659073
19 5 3 100 72443 2.020663599
28 15 3 100 31163 2.020673606
1 20 3 100 45158 2.020680089
21 15 3 100 7987506 2.020685659
0 25 3 100 28548680 2.020698522
1 7 3 100 56334 2.020715888
4 2 3 100 45254 2.020716553
15 23 3 100 25015 2.020737266
18 31 3 100 8738 2.020741334
19 11 3 100 29839 2.020749162
1 19 3 100 7141 2.020800730
16 4 3 100 16766 2.020809506
3 13 3 100 1129088 2.020814920
1 16 3 100 20095 2.020862417
25 6 3 100 265659 2.020888493
12 8 3 100 1216249 2.020932688
17 10 3 100 1040033 2.020932759
19 5 3 100 55896 2.020985062
12 22 3 100 103199 2.021028209
4 12 3 100 178463 2.021038626
15 17 3 100 4853961 2.021081263
21 6 3 100 3227639 2.021084954
10 13 3 100 72917 2.021100055
9 30 3 100 43204 2.021115967
7 28 3 100 42223 2.021126861
31 11 3 100 30125 2.021131453
28 15 3 100 70816 2.021148860
31 15 3 100 390241 2.021161881
4 2 3 100 2633938 2.021178275
17 4 3 100 54336 2.021183427
0 23 3 100 179106 2.021202286
11 27 3 100 5441 2.021204662
25 27 3 100 126611 2.021209451
13 5 3 100 6597 2.021213869
23 2 3 100 1718 2.021214653
23 10 3 100 2515260 2.021230173
31 16 3 100 44034 2.021241949
20 30 3 100 362 2.021254078
18 26 3 100 43888 2.021261733
6 5 3 100 77534 2.021290564
13 6 3 100 4417349 2.021295439
7 17 3 100 114584 2.021298385
29 0 3 100 105726 2.021302769
19 20 3 100 112383 2.021341055
5 30 3 100 173167 2.021342266
29 4 3 100 3574893 2.021360884
31 9 3 100 172821 2.021363555
29 13 3 100 12021 2.021420721
23 0 3 100 20158 2.021420868
9 20 3 100 3351558 2.021435555
27 9 3 100 38722 2.021459207
22 6 3 100 927644 2.021460125
18 13 3 100 1592609 2.021477208
12 15 3 100 184831 2.021479700
0 9 3 100 23930 2.021513837
29 1 3 100 4373354 2.021522479
18 8 3 100 2255 2.021553741
11 22 3 100 4073899 2.021556714
17 21 3 100 9146 2.021594079
23 5 3 100 1288038 2.021599654
12 5 3 100 48677 2.021600337
16 0 3 100 7402314 2.021612718
1 10 3 100 41105 2.021623039
27 25 3 100 30426 2.021626808
2 22 3 100 9766 2.021663128
24 21 3 100 3188 2.021665308
28 23 3 100 17906 2.021671234
4 25 3 100 2133777 2.021708347
29 4 3 100 4540509 2.021762343
13 6 3 100 172441 2.021772375
9 31 3 100 14792 2.021832867
24 8 3 100 67324 2.021843191
20 29 3 100 6173 2.021845140
4 16 3 100 51419 2.021858405
2 19 3 100 8971921 2.021861600
2 10 3 100 8096038 2.021873292
31 27 3 100 16269 2.021877713
5 27 3 100 6536391 2.021891883
14 6 3 100 6603 2.021907606
31 2 3 100 29333912 2.021913363
29 12 3 100 64447 2.021941416
22 3 3 100 69446 2.021990012
22 14 3 100 27589 2.022047052
8 3 3 100 8246 2.022051193
22 16 3 100 595464 2.022062920
24 29 3 100 1960606 2.022070909
18 11 3 100 9466 2.022088916
19 14 3 100 16305 2.022121015
20 0 3 100 2231770 2.022155883
15 6 3 100 179404 2.022156613
16 19 3 100 57426 2.022198789
7 4 3 100 912789 2.022231441
22 2 3 100 2421 2.022242682
14 31 3 100 156053 2.022244948
1 15 3 100 2538112 2.022249001
0 17 3 100 21944 2.022250413
5 19 3 100 1783850 2.022256324
26 12 3 100 4440671 2.022261239
23 24 3 100 626494 2.022274563
11 14 3 100 80872 2.022284335
21 25 3 100 29900 2.022288155
22 24 3 100 1165355 2.022289336
15 29 3 100 25776 2.022291735
30 10 3 100 1684743 2.022309320
12 22 3 100 61611 2.022324596
30 24 3 100 349475 2.022349560
26 11 3 100 7565807 2.022372929
2 9 3 100 9270316 2.022423965
13 9 3 100 25518 2.022429123
18 23 3 100 41659 2.022442455
7 13 3 100 27336 2.022451798
2 13 3 100 47979 2.022464266
2 3 3 100 8411179 2.022475683
6 31 3 100 815715 2.022477540
20 23 3 100 447751 2.022482362
18 3 3 100 73401 2.022508579
1 5 3 100 64433 2.022525566
10 20 3 100 77083 2.022529170
16 9 3 100 3973 2.022529841
16 31 3 100 2499589 2.022530925
6 31 3 100 7437 2.022532153
19 21 3 100 3425 2.022559748
1 4 3 100 26028709 2.022564370
30 14 3 100 3111921 2.022566650
30 21 3 100 2696 2.022581212
12 17 3 100 1302798 2.022585114
17 14 3 100 8838 2.022646927
11 25 3 100 5961 2.022657866
7 22 3 100 7962558 2.022663152
27 30 3 100 84457 2.022682794
21 2 3 100 77980 2.022698425
19 25 3 100 2889533 2.022700054
1 31 3 100 4675 2.022745128
10 19 3 100 1283051 2.022772839
5 4 3 100 74887 2.022783231
18 1 3 100 296374 2.022841901
23 8 3 100 4487774 2.022845058
30 29 3 100 1126578 2.022867561
27 1 3 100 1363 2.022888839
8 21 3 100 9742 2.022936408
19 31 3 100 1198322 2.022953569
19 1 3 100 20480 2.022998680
19 24 3 100 23486594 2.023023233
5 28 3 100 524059 2.023026032
4 22 3 100 5979 2.023036879
24 3 3 100 115272 2.023038490
6 27 3 100 869573 2.023043313
13 3 3 100 38161 2.023049294
31 11 3 100 4091193 2.023049628
30 23 3 100 29198 2.023080613
15 11 3 100 464369 2.023085486
26 27 3 100 10411 2.023086002
29 20 3 100 2094767 2.023100217
17 16 3 100 1910058 2.023114139
1 26 3 100 72853 2.023121599
28 17 3 100 9309 2.023123821
0 10 3 100 3138 2.023154655
9 13 3 100 16317436 2.023155179
6 29 3 100 3372 2.023158201
12 28 3 100 1749533 2.023163311
2 11 3 100 1541783 2.023175925
25 31 3 100 150411 2.023184931
22 1 3 100 8326 2.023195936
7 4 3 100 28867745 2.023215156
10 30 3 100 31879 2.023222254
2 6 3 100 473 2.023223425
4 20 3 100 120 2.023239579
22 25 3 100 25998 2.023268185
13 22 3 100 3043188 2.023279297
22 5 3 100 1776229 2.023279470
9 27 3 100 7831203 2.023289039
4 14 3 100 20061 2.023310587
20 23 3 100 21389 2.023318395
26 17 3 100 46416 2.023321805
22 5 3 100 170011 2.023341187
23 0 3 100 4457406 2.023343897
23 15 3 100 25245 2.023346060
12 2 3 100 582086 2.023365856
8 9 3 100 71024 2.023371029
4 20 3 100 69542 2.023376714
4 30 3 100 755 2.023378916
7 21 3 100 6472 2.023382932
18 1 3 100 1441435 2.023385009
16 6 3 100 1241751 2.023400340
7 31 3 100 59253 2.023402217
6 19 3 100 34447 2.023419741
7 29 3 100 29170 2.023429855
17 25 3 100 21770 2.023434716
25 5 3 100 153478 2.023449813
6 7 3 100 346983 2.023452744
24 15 3 100 369329 2.023497799
20 21 3 100 9398108 2.023536905
28 30 3 100 719041 2.023540576
4 5 3 100 21738 2.023544739
7 18 3 100 308037 2.023559413
11 30 3 100 599539 2.023568841
19 10 3 100 6089 2.023569182
16 25 3 100 42050 2.023621425
18 15 3 100 373 2.023625909
6 30 3 100 17107 2.023627703
17 8 3 100 6414 2.023629661
0 25 3 100 103431 2.023633199
31 2 3 100 30131 2.023641167
17 23 3 100 5430 2.023685957
28 12 3 100 45081 2.023703093
2 24 3 100 25879 2.023710619
20 5 3 100 27646 2.023730703
26 31 3 100 34881 2.023731009
27 14 3 100 5884 2.023734423
25 10 3 100 29116 2.023743003
22 14 3 100 3400094 2.023744518
24 2 3 100 7976451 2.023746390
15 29 3 100 27813 2.023763372
4 25 3 100 1110889 2.023764649
16 13 3 100 22805361 2.023788453
27 17 3 100 4952295 2.023790030
1 23 3 100 1709117 2.023791368
15 20 3 100 16694086 2.023812982
22 11 3 100 210174 2.023833665
31 24 3 100 28931 2.023890400
15 14 3 100 7838 2.023936701
27 5 3 100 345469 2.023949268
16 18 3 100 1629268 2.023978603
8 25 3 100 47989 2.023979173
16 15 3 100 29948 2.023981195
26 2 3 100 8678 2.023996311
26 27 3 100 997 2.024005189
3 12 3 100 157757 2.024018340
29 13 3 100 31002 2.024032775
7 5 3 100 53748 2.024065764
29 0 3 100 26191 2.024072926
5 21 3 100 58510 2.024080073
6 26 3 100 53712 2.024080282
25 5 3 100 76147 2.024082229
0 20 3 100 2323028 2.024096430
22 16 3 100 79609 2.024112944
2 17 3 100 5659 2.024114049
10 0 3 100 2559852 2.024124614
3 24 3 100 4325770 2.024124944
19 1 3 100 2846 2.024143261
13 20 3 100 57790 2.024162000
9 24 3 100 9680500 2.024168198
4 24 3 100 45490 2.024235612
20 9 3 100 2011 2.024279517
25 31 3 100 585427 2.024287339
1 4 3 100 991052 2.024295422
25 30 3 100 35407 2.024308670
7 0 3 100 17112 2.024312792
16 10 3 100 271 2.024318306
29 11 3 100 3087 2.024318908
29 27 3 100 8796117 2.024333637
30 18 3 100 44616 2.024345395
28 11 3 100 2245237 2.024349225
19 23 3 100 76115 2.024355193
24 11 3 100 39796 2.024366311
4 3 3 100 3726024 2.024375392
20 15 3 100 6632277 2.024377377
2 22 3 100 5390152 2.024395929
3 30 3 100 4626423 2.024419692
15 22 3 100 69982 2.024422893
20 2 3 100 7402 2.024426788
28 7 3 100 15161 2.024437892
25 13 3 100 1236530 2.024438986
3 11 3 100 586329 2.024445995
8 16 3 100 28312924 2.024453374
25 3 3 100 838424 2.024455739
31 6 3 100 211270 2.024461844
19 7 3 100 14370 2.024475377
24 19 3 100 3974762 2.024477811
19 13 3 100 1120584 2.024500663
21 27 3 100 2946627 2.024550951
30 22 3 100 77293 2.024556806
4 27 3 100 90186 2.024575455
3 29 3 100 1225688 2.024582246
6 4 3 100 8838 2.024594819
30 1 3 100 77627 2.024598881
18 10 3 100 4559 2.024609995
7 0 3 100 1940 2.024646428
11 4 3 100 7503020 2.024647703
26 27 3 100 2467560 2.024663968
13 9 3 100 6931 2.024664381
31 5 3 100 2018 2.024675953
13 12 3 100 23382 2.024682306
16 19 3 100 56742 2.024687157
16 25 3 100 26079 2.024688780
24 7 3 100 20359 2.024715187
31 6 3 100 21777 2.024721745
6 21 3 100 804591 2.024734936
23 21 3 100 89533 2.024744949
23 24 3 100 9557 2.024771073
16 27 3 100 77923 2.024782164
23 29 3 100 26323 2.024783458
25 23 3 100 62667 2.024801347
13 17 3 100 2322710 2.024818292
13 2 3 100 4963000 2.024836704
15 25 3 100 4459 2.024882001
5 26 3 100 4950838 2.024898134
10 30 3 100 21247 2.024920072
14 22 3 100 6189 2.024925634
5 8 3 100 593 2.024934191
5 31 3 100 1362 2.024937382
19 4 3 100 6461421 2.024951072
17 16 3 100 50449 2.024963213
11 29 3 100 21409 2.024977025
19 12 3 100 2093 2.024977154
26 11 3 100 5045 2.025017752
13 17 3 100 20622 2.025023974
29 4 3 100 23134 2.025031357
24 22 3 100 9097161 2.025036845
19 0 3 100 2871533 2.025050427
13 31 3 100 7880 2.025053672
27 9 3 100 23549 2.025072007
16 23 3 100 1075462 2.025072831
7 1 3 100 55095 2.025099629
30 5 3 100 4072 2.025099739
12 16 3 100 79630 2.025152739
1 19 3 100 51983 2.025159663
4 16 3 100 3984 2.025189665
3 5 3 100 32431 2.025189986
28 6 3 100 30257 2.025190129
31 6 3 100 26461 2.025193957
29 17 3 100 16304 2.025199270
23 5 3 100 21185 2.025204487
17 25 3 100 6086168 2.025249228
15 12 3 100 63722 2.025285182
25 23 3 100 60545 2.025287443
17 28 3 100 1098 2.025303563
8 10 3 100 2402166 2.025305276
25 29 3 100 8323378 2.025347842
11 28 3 100 51382 2.025352595
27 12 3 100 1880031 2.025401972
22 10 3 100 290174 2.025415298
30 14 3 100 1611544 2.025432128
0 20 3 100 166940 2.025439363
26 22 3 100 2717834 2.025439968
15 28 3 100 9455463 2.025442103
30 14 3 100 25736 2.025445260
3 26 3 100 57452 2.025464650
28 5 3 100 292933 2.025479018
24 0 3 100 25172 2.025493318
9 31 3 100 312242 2.025493891
15 22 3 100 7144327 2.025499688
13 29 3 100 1884755 2.025499844
22 0 3 100 51091 2.025596845
3 11 3 100 2426171 2.025619396
16 13 3 100 23871361 2.025634469
30 27 3 100 56371 2.025642947
21 18 3 100 6986073 2.025660812
10 26 3 100 551963 2.025694397
20 3 3 100 8407980 2.025714288
3 11 3 100 4109824 2.025755216
23 11 3 100 1260345 2.025772966
11 12 3 100 8673757 2.025773349
17 24 3 100 8437 2.025780080
5 15 3 100 1305210 2.025794652
21 19 3 100 4338507 2.025807272
13 23 3 100 9582020 2.025814284
30 9 3 100 9105794 2.025820789
6 19 3 100 1034201 2.025821135
16 15 3 100 410332 2.025834597
5 16 3 100 26333 2.025838084
21 26 3 100 837052 2.025841312
24 7 3 100 20591 2.025871909
13 0 3 100 387637 2.025874999
5 26 3 100 169763 2.025881918
7 12 3 100 67274 2.025889690
29 3 3 100 26530 2.025891596
11 25 3 100 6502 2.025964158
27 28 3 100 61240 2.026015325
2 27 3 100 513836 2.026017704
27 31 3 100 7406 2.026018665
16 24 3 100 4506 2.026081838
4 29 3 100 158509 2.026114377
4 27 3 100 14897 2.026126368
27 26 3 100 2442363 2.026127959
18 17 3 100 1867440 2.026141817
13 24 3 100 121152 2.026162742
14 7 3 100 28489911 2.026186483
2 23 3 100 28656166 2.026195568
10 26 3 100 2746816 2.026206144
7 9 3 100 778919 2.026206703
4 22 3 100 4922748 2.026211671
24 8 3 100 33702 2.026218156
18 23 3 100 76966 2.026223713
20 27 3 100 18716 2.026259008
15 11 3 100 638628 2.026287370
20 18 3 100 1957065 2.026300565
5 29 3 100 18996 2.026317216
7 5 3 100 116322 2.026322023
27 5 3 100 1773 2.026336367
0 6 3 100 2644183 2.026355106
15 28 3 100 7782 2.026359087
29 9 3 100 59203 2.026363658
13 18 3 100 1816404 2.026370853
31 17 3 100 198216 2.026374616
18 6 3 100 48759 2.026431817
22 23 3 100 6212722 2.026436337
7 28 3 100 89360 2.026444870
31 24 3 100 30630 2.026450919
8 29 3 100 2369792 2.026471231
4 17 3 100 24531 2.026488931
23 4 3 100 27939 2.026504336
2 26 3 100 1654188 2.026531230
30 27 3 100 43638 2.026560036
10 24 3 100 17807689 2.026583165
3 15 3 100 6517 2.026588228
19 0 3 100 85059 2.026609965
25 31 3 100 185576 2.026637829
7 2 3 100 8495184 2.026637881
1 0 3 100 56711 2.026652724
16 2 3 100 635835 2.026660677
9 7 3 100 26644 2.026661643
29 3 3 100 31992 2.026666474
31 6 3 100 520877 2.026667676
5 24 3 100 5135 2.026682011
18 28 3 100 3933 2.026687636
1 5 3 100 72708 2.026714040
5 26 3 100 24410 2.026718617
18 25 3 100 54250 2.026722466
0 4 3 100 24518767 2.026768043
28 1 3 100 982 2.026798213
0 8 3 100 1213247 2.026801371
2 6 3 100 26113 2.026827947
13 11 3 100 24868 2.026832608
13 8 3 100 1501987 2.026843566
4 9 3 100 15976 2.026849561
10 16 3 100 49870 2.026897147
15 24 3 100 41904 2.026902420
9 13 3 100 12031 2.026921828
20 27 3 100 41482 2.026929546
5 18 3 100 77148 2.026983975
9 11 3 100 1051510 2.027010770
25 21 3 100 629757 2.027018854
13 28 3 100 15283352 2.027043109
3 12 3 100 204070 2.027063396
15 27 3 100 37923 2.027092083
17 18 3 100 1946838 2.027092629
15 17 3 100 100366 2.027105923
28 27 3 100 17427 2.027113583
12 8 3 100 1772465 2.027140263
10 27 3 100 1700282 2.027143629
4 0 3 100 51034 2.027159947
28 12 3 100 72270 2.027178559
4 12 3 100 14453 2.027184092
26 14 3 100 754723 2.027190693
7 2 3 100 21566 2.027195345
13 2 3 100 4606 2.027211839
29 18 3 100 42884 2.027218867
7 14 3 100 1108702 2.027218901
19 3 3 100 2627881 2.027233540
29 30 3 100 4533 2.027243985
4 8 3 100 153190 2.027247961
11 24 3 100 42311 2.027260468
17 11 3 100 1746279 2.027282115
9 24 3 100 4948 2.027357567
5 21 3 100 70393 2.027361379
6 3 3 100 26492 2.027379713
2 16 3 100 105 2.027383969
0 28 3 100 5145838 2.027408044
12 13 3 100 1831948 2.027416983
15 2 3 100 4401651 2.027422455
0 16 3 100 1301546 2.027434140
21 17 3 100 689350 2.027437885
11 10 3 100 1280784 2.027441621
17 27 3 100 74713 2.027444622
3 6 3 100 724837 2.027457512
8 4 3 100 732129 2.027458638
4 27 3 100 5266 2.027474432
21 0 3 100 2954 2.027495267
30 1 3 100 39017 2.027495405
11 22 3 100 1100925 2.027496143
24 11 3 100 45570 2.027512724
4 0 3 100 8996 2.027518447
25 20 3 100 28176 2.027543611
20 2 3 100 1878824 2.027552832
19 3 3 100 1077993 2.027553607
8 17 3 100 5941 2.027566209
27 25 3 100 70380 2.027567823
7 21 3 100 1333342 2.027578072
30 25 3 100 1444380 2.027588980
30 22 3 100 642207 2.027602844
11 28 3 100 34093 2.027625574
11 17 3 100 2796150 2.027637061
18 31 3 100 53930 2.027658182
30 31 3 100 1212639 2.027667814
28 1 3 100 24463 2.027669535
4 20 3 100 3660 2.027686916
30 24 3 100 22150 2.027695415
27 10 3 100 11717 2.027712148
15 8 3 100 52257 2.027720615
19 21 3 100 5977 2.027735022
15 28 3 100 8122 2.027738541
15 29 3 100 14769 2.027760963
7 16 3 100 5586698 2.027776224
17 19 3 100 95719 2.027795592
26 16 3 100 111139 2.027812628
31 5 3 100 8710 2.027815856
21 8 3 100 28995 2.027820270
13 23 3 100 61906 2.027824932
27 29 3 100 42572 2.027836110
2 11 3 100 217582 2.027881881
7 14 3 100 35349 2.027897302
8 26 3 100 4816824 2.027905244
30 18 3 100 16350 2.027936501
21 14 3 100 21514038 2.027938685
10 17 3 100 8349581 2.027941875
23 26 3 100 23783 2.027949246
2 27 3 100 50939 2.027952144
24 18 3 100 57517 2.027962448
27 24 3 100 49648 2.027967570
12 1 3 100 3811596 2.027977524
0 26 3 100 1686765 2.028009893
14 4 3 100 47482 2.028095988
24 7 3 100 7585 2.028100743
3 0 3 100 1573769 2.028105032
31 4 3 100 5237301 2.028119692
27 26 3 100 811836 2.028133589
18 1 3 100 25501 2.028144011
26 9 3 100 58816 2.028179763
24 18 3 100 7866 2.028179812
14 7 3 100 65224 2.028181788
2 27 3 100 4220 2.028184872
12 9 3 100 1702717 2.028226055
6 17 3 100 65867 2.028238283
26 21 3 100 4672148 2.028250821
3 11 3 100 3292546 2.028298924
18 3 3 100 28706 2.028303281
27 9 3 100 61135 2.028316821
26 25 3 100 305327 2.028316877
4 10 3 100 1178951 2.028328048
13 9 3 100 6364 2.028452207
6 31 3 100 1562912 2.028452668
0 23 3 100 13159 2.028474120
16 3 3 100 70391 2.028481136
27 19 3 100 11518 2.028500386
11 3 3 100 206772 2.028514108
13 26 3 100 24257 2.028520648
13 10 3 100 51125 2.028525261
6 4 3 100 771298 2.028546018
3 19 3 100 63475 2.028573822
13 2 3 100 141281 2.028581181
7 23 3 100 3501644 2.028584520
13 27 3 100 6307919 2.028594917
17 22 3 100 18068240 2.028650991
26 30 3 100 15554 2.028655573
10 29 3 100 130245 2.028688114
30 31 3 100 3135 2.028700803
14 22 3 100 6947 2.028733234
5 8 3 100 505841 2.028734290
15 7 3 100 6226802 2.028741235
12 31 3 100 56376 2.028744429
14 24 3 100 1709139 2.028751922
27 15 3 100 27520 2.028762250
20 18 3 100 3881014 2.028762384
18 21 3 100 5436713 2.028764060
27 23 3 100 4756810 2.028790717
7 14 3 100 178491 2.028845598
0 19 3 100 3715 2.028870483
10 22 3 100 194883 2.028870868
15 22 3 100 7985 2.028896413
9 3 3 100 1563147 2.028905798
0 21 3 100 327395 2.028910264
6 25 3 100 105804 2.028918370
5 29 3 100 25267 2.028943155
27 0 3 100 4888 2.028943574
13 15 3 100 21121611 2.028959429
17 9 3 100 4103 2.028974183
0 14 3 100 2576 2.029001729
17 19 3 100 43807 2.029010296
24 3 3 100 58738 2.029011570
9 31 3 100 26142 2.029030129
14 9 3 100 5238575 2.029056388
15 31 3 100 6064 2.029066976
24 0 3 100 1342497 2.029067438
4 20 3 100 415996 2.029073939
0 16 3 100 1959060 2.029085835
18 9 3 100 55830 2.029089809
10 14 3 100 23113 2.029103775
29 0 3 100 975990 2.029119973
12 9 3 100 629282 2.029130695
11 4 3 100 60687 2.029148471
6 15 3 100 23519 2.029164667
24 30 3 100 1760410 2.029220932
23 18 3 100 9681 2.029236768
10 25 3 100 157390 2.029285963
2 24 3 100 39749 2.029293487
13 5 3 100 48818 2.029309255
12 26 3 100 2035734 2.029330948
13 29 3 100 83189 2.029351360
14 29 3 100 9892811 2.029386781
19 15 3 100 47213 2.029388196
12 14 3 100 906697 2.029394384
15 3 3 100 9263 2.029399697
11 30 3 100 58220 2.029438477
12 10 3 100 79324 2.029444546
27 24 3 100 35123 2.029450856
6 29 3 100 4396024 2.029455928
19 4 3 100 45458 2.029519192
15 5 3 100 34034 2.029571499
23 7 3 100 1795 2.029591997
4 13 3 100 7233728 2.029594784
27 17 3 100 3437 2.029595858
24 18 3 100 1428436 2.029602645
19 9 3 100 12332 2.029620514
19 27 3 100 1101300 2.029678911
31 27 3 100 3201109 2.029688731
20 22 3 100 1620645 2.029723937
13 17 3 100 118700 2.029750856
4 3 3 100 7121146 2.029822094
