2001660103 45 1 1 1
2001664296 45 1 1 0
2001669805 45 1 1 1
2001673928 45 1 1 0
2001679437 45 1 1 1
2001683481 45 1 1 0
2001687986 45 1 1 1
2001692781 45 1 1 0
2001697962 45 1 1 1
2001702085 45 1 1 0
2001707191 45 1 1 1
2001711468 45 1 1 0
2001716835 45 1 1 1
2001721017 45 1 1 0
2001735796 45 1 1 1
2001738352 45 1 1 0
2003025504 35 1 6 1
2003385181 35 1 6 0
2003637737 33 1 6 1
2003814885 33 1 6 0
2005817183 40 1 1 1
2005820483 40 1 1 0
2005825641 40 1 1 1
2005830712 40 1 1 0
2005835526 40 1 1 1
2005841455 40 1 1 0
2005846293 40 1 1 1
2005850629 40 1 1 0
2005855467 40 1 1 1
2005859803 40 1 1 0
2005863712 40 1 1 1
2005869234 40 1 1 0
2005873234 40 1 1 1
2005878839 40 1 1 0
2005882393 40 1 1 1
2005888075 40 1 1 0
2005892041 40 1 1 1
2005895488 41 1 1 1
2005897462 40 1 1 0
2005901519 40 1 1 1
2005901970 41 1 1 0
2005905334 41 1 1 1
2005905880 40 1 1 0
2005909569 40 1 1 1
2005911557 41 1 1 0
2005914029 40 1 1 0
2005915103 41 1 1 1
2005917896 40 1 1 1
2005921826 41 1 1 0
2005922253 40 1 1 0
2005925596 41 1 1 1
2005926464 40 1 1 1
2005930995 40 1 1 0
2005931521 41 1 1 0
2005935005 41 1 1 1
2005935222 40 1 1 1
2005939741 40 1 1 0
2005940974 41 1 1 0
2005944387 40 1 1 1
2005944424 41 1 1 1
2005948649 40 1 1 0
2005948949 41 1 1 0
2005953121 40 1 1 1
2005953245 41 1 1 1
2005957240 41 1 1 0
2005958375 40 1 1 0
2005960856 41 1 1 1
2005962442 40 1 1 1
2005964367 41 1 1 0
2005966770 40 1 1 0
2005969003 41 1 1 1
2005970841 40 1 1 1
2005972602 41 1 1 0
2005974742 40 1 1 0
2005977182 41 1 1 1
2005978896 40 1 1 1
2005982544 40 1 1 0
2005983072 41 1 1 0
2005987031 41 1 1 1
2005987797 40 1 1 1
2005991101 40 1 1 0
2005992132 41 1 1 0
2005996843 41 1 1 1
2005997374 40 1 1 1
2006000765 40 1 1 0
2006000779 41 1 1 0
2006005503 41 1 1 1
2006006524 40 1 1 1
2006009050 41 1 1 0
2006009741 40 1 1 0
2006013848 41 1 1 1
2006015251 40 1 1 1
2006016952 41 1 1 0
2006018215 40 1 1 0
2006022177 41 1 1 1
2006024148 40 1 1 1
2006026037 41 1 1 0
2006027199 40 1 1 0
2006031084 41 1 1 1
2006033385 40 1 1 1
2006035100 41 1 1 0
2006036440 40 1 1 0
2006040503 41 1 1 1
2006042705 40 1 1 1
2006044979 41 1 1 0
2006045760 40 1 1 0
2006050453 41 1 1 1
2006052013 40 1 1 1
2006055325 40 1 1 0
2006055535 41 1 1 0
2006060551 41 1 1 1
2006061669 40 1 1 1
2006064965 40 1 1 0
2006065790 41 1 1 0
2006070683 41 1 1 1
2006071605 40 1 1 1
2006075309 40 1 1 0
2006075977 41 1 1 0
2006080530 41 1 1 1
2006081832 40 1 1 1
2006085950 41 1 1 0
2006086365 40 1 1 0
2006090072 41 1 1 1
2006093222 40 1 1 1
2006096239 41 1 1 0
2006097745 40 1 1 0
2006101024 41 1 1 1
2006105552 40 1 1 1
2006107735 41 1 1 0
2006110228 40 1 1 0
2006112176 41 1 1 1
2006118204 40 1 1 1
2006119563 41 1 1 0
2006121188 40 1 1 0
2006122586 41 1 1 1
2006125358 40 1 1 1
2006129710 40 1 1 0
2006130266 41 1 1 0
2006133202 41 1 1 1
2006135845 40 1 1 1
2006139256 40 1 1 0
2006141689 41 1 1 0
2006143853 40 1 1 1
2006144437 41 1 1 1
2006148284 40 1 1 0
2006153822 40 1 1 1
2006154865 41 1 1 0
2006158145 41 1 1 1
2006159356 40 1 1 0
2006165487 40 1 1 1
2006167916 41 1 1 0
2006169914 40 1 1 0
2006171291 41 1 1 1
2006173404 40 1 1 1
2006177910 40 1 1 0
2006180207 41 1 1 0
2006182594 40 1 1 1
2006183208 41 1 1 1
2006188203 40 1 1 0
2006190658 41 1 1 0
2006193132 40 1 1 1
2006193796 41 1 1 1
2006198310 40 1 1 0
2006199536 41 1 1 0
2006202298 40 1 1 1
2006203461 41 1 1 1
2006206962 40 1 1 0
2006208536 41 1 1 0
2006212208 41 1 1 1
2006212563 40 1 1 1
2006217125 41 1 1 0
2006217488 40 1 1 0
2006221303 41 1 1 1
2006222160 40 1 1 1
2006226069 40 1 1 0
2006226627 41 1 1 0
2006230231 40 1 1 1
2006231422 41 1 1 1
2006234476 40 1 1 0
2006236275 41 1 1 0
2006240081 40 1 1 1
2006240686 41 1 1 1
2006245085 40 1 1 0
2006245319 41 1 1 0
2006249536 41 1 1 1
2006250694 40 1 1 1
2006254561 41 1 1 0
2006254686 40 1 1 0
2006258844 40 1 1 1
2006258939 41 1 1 1
2006263089 40 1 1 0
2006263884 41 1 1 0
2006267958 41 1 1 1
2006268188 40 1 1 1
2006272200 41 1 1 0
2006273101 40 1 1 0
2006276998 41 1 1 1
2006278955 40 1 1 1
2006281172 41 1 1 0
2006284378 40 1 1 0
2006287405 41 1 1 1
2006288690 40 1 1 1
2006291306 41 1 1 0
2006292919 40 1 1 0
2006296642 40 1 1 1
2006298646 41 1 1 1
2006300697 40 1 1 0
2006301101 35 1 5 1
2006301860 41 1 1 0
2006304756 40 1 1 1
2006305443 35 1 5 0
2006307778 35 1 5 1
2006307931 41 1 1 1
2006309416 40 1 1 0
2006311217 41 1 1 0
2006314484 35 1 5 0
2006314736 40 1 1 1
2006317234 35 1 5 1
2006318826 41 1 1 1
2006320135 40 1 1 0
2006321759 41 1 1 0
2006325281 40 1 1 1
2006325444 35 1 5 0
2006328123 35 1 5 1
2006328460 41 1 1 1
2006329498 40 1 1 0
2006331967 41 1 1 0
2006333300 40 1 1 1
2006337268 40 1 1 0
2006337830 41 1 1 1
2006339477 35 1 5 0
2006341912 40 1 1 1
2006341926 41 1 1 0
2006343773 35 1 5 1
2006345809 40 1 1 0
2006346293 41 1 1 1
2006351218 41 1 1 0
2006351386 35 1 5 0
2006352592 40 1 1 1
2006354832 35 1 5 1
2006355336 41 1 1 1
2006357426 40 1 1 0
2006360439 41 1 1 0
2006362738 35 1 5 0
2006364470 40 1 1 1
2006365031 41 1 1 1
2006366781 35 1 5 1
2006369059 40 1 1 0
2006369486 41 1 1 0
2006373359 35 1 5 0
2006374917 40 1 1 1
2006376157 41 1 1 1
2006377454 35 1 5 1
2006378992 40 1 1 0
2006379446 41 1 1 0
2006383379 35 1 5 0
2006385107 40 1 1 1
2006385743 41 1 1 1
2006387501 35 1 5 1
2006389439 40 1 1 0
2006390983 41 1 1 0
2006393596 35 1 5 0
2006394488 41 1 1 1
2006395317 40 1 1 1
2006397606 35 1 5 1
2006399147 40 1 1 0
2006401064 41 1 1 0
2006403665 35 1 5 0
2006404320 41 1 1 1
2006405373 40 1 1 1
2006407995 35 1 5 1
2006408357 40 1 1 0
2006410575 41 1 1 0
2006412431 35 1 5 0
2006413804 40 1 1 1
2006414080 41 1 1 1
2006416416 35 1 5 1
2006417290 40 1 1 0
2006419792 41 1 1 0
2006421595 35 1 5 0
2006422563 40 1 1 1
2006423297 41 1 1 1
2006425246 35 1 5 1
2006425966 40 1 1 0
2006427690 34 1 6 1
2006428835 41 1 1 0
2006430279 35 1 5 0
2006432002 40 1 1 1
2006433008 41 1 1 1
2006433842 34 1 6 0
2006434421 35 1 5 1
2006435148 40 1 1 0
2006435928 34 1 6 1
2006437599 41 1 1 0
2006439302 35 1 5 0
2006440251 40 1 1 1
2006441550 35 1 6 1
2006442689 34 1 6 0
2006442945 35 1 5 1
2006443938 41 1 1 1
2006444504 40 1 1 0
2006446601 34 1 6 1
2006448208 41 1 1 0
2006448821 35 1 5 0
2006450461 40 1 1 1
2006452292 34 1 6 0
2006452971 35 1 5 1
2006454566 41 1 1 1
2006454963 40 1 1 0
2006457089 34 1 6 1
2006458723 41 1 1 0
2006459544 35 1 5 0
2006460157 40 1 1 1
2006462829 34 1 6 0
2006463049 35 1 5 1
2006464742 40 1 1 0
2006465436 41 1 1 1
2006467743 34 1 6 1
2006469111 35 1 5 0
2006469867 41 1 1 0
2006470268 40 1 1 1
2006472932 35 1 5 1
2006473890 34 1 6 0
2006474264 40 1 1 0
2006475392 41 1 1 1
2006478182 34 1 6 1
2006478496 35 1 5 0
2006479674 41 1 1 0
2006480225 40 1 1 1
2006482736 35 1 5 1
2006483644 34 1 6 0
2006486640 40 1 1 0
2006488967 34 1 6 1
2006490824 41 1 1 1
2006490956 35 1 5 0
2006490994 35 1 6 0
2006492047 40 1 1 1
2006493421 41 1 1 0
2006493910 35 1 6 1
2006494860 35 1 5 1
2006495726 34 1 6 0
2006500375 40 1 1 0
2006501084 34 1 6 1
2006502013 35 1 6 0
2006504657 35 1 5 0
2006505118 34 1 6 0
2006505182 35 1 6 1
2006505590 41 1 1 1
2006506964 40 1 1 1
2006508419 34 1 6 1
2006508444 41 1 1 0
2006509723 35 1 5 1
2006513516 34 1 6 0
2006514968 40 1 1 0
2006515269 35 1 6 0
2006518351 35 1 6 1
2006518972 34 1 6 1
2006519457 35 1 5 0
2006519569 40 1 1 1
2006519614 41 1 1 1
2006522591 35 1 5 1
2006523054 41 1 1 0
2006525175 40 1 1 0
2006526181 34 1 6 0
2006527804 40 1 1 1
2006529045 35 1 6 0
2006531800 34 1 6 1
2006532127 35 1 6 1
2006532456 41 1 1 1
2006532698 40 1 1 0
2006534116 35 1 5 0
2006536091 41 1 1 0
2006539245 34 1 6 0
2006540638 40 1 1 1
2006542252 41 1 1 1
2006543165 35 1 6 0
2006543445 40 1 1 0
2006544025 34 1 6 1
2006545417 35 1 6 1
2006548770 41 1 1 0
2006553783 34 1 6 0
2006555242 40 1 1 1
2006557421 35 1 6 0
2006559390 34 1 6 1
2006560337 35 1 6 1
2006560988 40 1 1 0
2006563554 34 1 6 0
2006564401 41 1 1 1
2006565256 40 1 1 1
2006566938 34 1 6 1
2006567549 41 1 1 0
2006569632 40 1 1 0
2006572232 35 1 6 0
2006572743 34 1 6 0
2006573570 41 1 1 1
2006573993 40 1 1 1
2006575148 35 1 6 1
2006576013 34 1 6 1
2006577942 41 1 1 0
2006579176 40 1 1 0
2006582839 40 1 1 1
2006583321 34 1 6 0
2006584986 41 1 1 1
2006587739 40 1 1 0
2006589092 41 1 1 0
2006591091 35 1 6 0
2006592885 40 1 1 1
2006593506 41 1 1 1
2006594671 35 1 6 1
2006596752 41 1 1 0
2006597201 40 1 1 0
2006600485 41 1 1 1
2006603188 40 1 1 1
2006606306 41 1 1 0
2006609247 40 1 1 0
2006610467 35 1 6 0
2006612380 41 1 1 1
2006614155 40 1 1 1
2006614628 35 1 6 1
2006615979 41 1 1 0
2006619698 40 1 1 0
2006621899 41 1 1 1
2006624375 40 1 1 1
2006625425 41 1 1 0
2006626934 35 1 6 0
2006629735 40 1 1 0
2006631783 35 1 6 1
2006632958 41 1 1 1
2006635368 40 1 1 1
2006637791 41 1 1 0
2006639866 40 1 1 0
2006642478 35 1 6 0
2006644652 41 1 1 1
2006644857 40 1 1 1
2006646319 35 1 6 1
2006648792 40 1 1 0
2006648871 41 1 1 0
2006655081 40 1 1 1
2006655486 41 1 1 1
2006658799 40 1 1 0
2006658923 41 1 1 0
2006659926 35 1 6 0
2006663941 35 1 6 1
2006664021 41 1 1 1
2006665450 40 1 1 1
2006667920 41 1 1 0
2006669755 40 1 1 0
2006673856 41 1 1 1
2006674619 35 1 6 0
2006675573 40 1 1 1
2006676875 35 1 6 1
2006677133 41 1 1 0
2006680352 40 1 1 0
2006683832 35 1 6 0
2006685256 41 1 1 1
2006686339 40 1 1 1
2006687511 35 1 6 1
2006687894 41 1 1 0
2006689417 40 1 1 0
2006692747 35 1 6 0
2006695502 41 1 1 1
2006696958 40 1 1 1
2006697090 35 1 6 1
2006698800 41 1 1 0
2006700963 40 1 1 0
2006703906 35 1 6 0
2006706669 41 1 1 1
2006708166 35 1 6 1
2006710001 41 1 1 0
2006715016 35 1 6 0
2006718227 41 1 1 1
2006719691 35 1 6 1
2006722778 41 1 1 0
2006727627 35 1 6 0
2006731805 41 1 1 1
2006733306 35 1 6 1
2006734075 41 1 1 0
2006738509 35 1 6 0
2006744193 41 1 1 1
2006744943 35 1 6 1
2006746359 41 1 1 0
2006750963 35 1 6 0
2006756397 35 1 6 1
2006760090 35 1 6 0
2006761339 41 1 1 1
2006763591 35 1 6 1
2006764868 41 1 1 0
2006769630 35 1 6 0
2006775056 35 1 6 1
2006778738 35 1 6 0
2006784326 35 1 6 1
2006787932 35 1 6 0
2006793856 35 1 6 1
2006797225 35 1 6 0
2006802908 35 1 6 1
2006806767 35 1 6 0
2006811529 35 1 6 1
2006815716 35 1 6 0
2006820474 35 1 6 1
2006824748 35 1 6 0
2006829842 35 1 6 1
2006833978 35 1 6 0
2006839262 35 1 6 1
2006843082 35 1 6 0
2006848279 35 1 6 1
2006852099 35 1 6 0
2006861175 40 1 1 1
2006864336 40 1 1 0
2006870493 40 1 1 1
2006874272 40 1 1 0
2006883423 40 1 1 1
2006887123 40 1 1 0
2006894189 40 1 1 1
2006897136 40 1 1 0
2006905032 40 1 1 1
2006905706 40 1 1 0
2006906277 40 1 1 1
2006909460 40 1 1 0
2006914119 40 1 1 1
2006914936 40 1 1 0
2006915945 40 1 1 1
2006916852 40 1 1 0
2006917935 40 1 1 1
2006918379 40 1 1 0
2006919768 40 1 1 1
2006923398 40 1 1 0
2006928534 40 1 1 1
2006935582 40 1 1 0
2006940282 40 1 1 1
2006946156 40 1 1 0
2006949346 40 1 1 1
2006952776 40 1 1 0
2006957153 40 1 1 1
2006959587 40 1 1 0
2006965740 40 1 1 1
2006967331 40 1 1 0
2006973684 40 1 1 1
2006976538 40 1 1 0
2006986262 40 1 1 1
2006989788 40 1 1 0
2007100035 40 1 1 1
2007103414 40 1 1 0
2007106261 40 1 1 1
2007108610 40 1 1 0
2007114083 40 1 1 1
2007117680 40 1 1 0
2007124606 40 1 1 1
2007132070 40 1 1 0
2007137555 40 1 1 1
2007142297 40 1 1 0
2007962100 41 1 2 1
2007966380 41 1 2 0
2007972174 41 1 2 1
2007976122 41 1 2 0
2007981580 41 1 2 1
2007986872 41 1 2 0
2007991330 41 1 2 1
2007995954 41 1 2 0
2008002167 41 1 2 1
2008005534 41 1 2 0
2008012676 41 1 2 1
2008015956 41 1 2 0
2008022505 41 1 2 1
2008026038 41 1 2 0
2008032512 41 1 2 1
2008036132 41 1 2 0
2008044543 41 1 2 1
2008047906 41 1 2 0
2008053829 41 1 2 1
2008058113 41 1 2 0
2008063741 41 1 2 1
2008067606 41 1 2 0
2008072317 41 1 2 1
2008077574 41 1 2 0
2008081566 41 1 2 1
2008086918 41 1 2 0
2008091242 41 1 2 1
2008096760 41 1 2 0
2008101005 41 1 2 1
2008106523 41 1 2 0
2008110511 41 1 2 1
2008115776 41 1 2 0
2008119685 41 1 2 1
2008125116 41 1 2 0
2008129361 41 1 2 1
2008133851 41 1 2 0
2008138088 41 1 2 1
2008142740 41 1 2 0
2008147317 41 1 2 1
2008152226 41 1 2 0
2008156716 41 1 2 1
2008161210 41 1 2 0
2008165787 41 1 2 1
2008170356 41 1 2 0
2008174933 41 1 2 1
2008179593 41 1 2 0
2008184676 41 1 2 1
2008189340 41 1 2 0
2008194000 41 1 2 1
2008198664 41 1 2 0
2008203581 41 1 2 1
2008207818 41 1 2 0
2008212316 41 1 2 1
2008217336 41 1 2 0
2008221846 41 1 2 1
2008226609 41 1 2 0
2008231119 41 1 2 1
2008236309 41 1 2 0
2008240657 41 1 2 1
2008246195 41 1 2 0
2008250551 41 1 2 1
2008255915 41 1 2 0
2008260010 41 1 2 1
2008264615 41 1 2 0
2008269137 41 1 2 1
2008274173 41 1 2 0
2008278774 41 1 2 1
2008283731 41 1 2 0
2008288767 41 1 2 1
2008290047 41 1 2 0
2010213891 43 1 1 1
2010220795 43 1 1 0
2010224383 43 1 1 1
2010230868 43 1 1 0
2010234383 43 1 1 1
2010242134 43 1 1 0
2010245075 43 1 1 1
2010255564 43 1 1 0
2010258609 43 1 1 1
2010269327 43 1 1 0
2010272205 43 1 1 1
2010282744 43 1 1 0
2010285793 43 1 1 1
2010292765 43 1 1 0
2010296178 43 1 1 1
2010303838 43 1 1 0
2010307330 43 1 1 1
2010314221 43 1 1 0
2010317811 43 1 1 1
2010324066 43 1 1 0
2010327799 43 1 1 1
2010333466 43 1 1 0
2010337050 43 1 1 1
2010342529 43 1 1 0
2010346113 43 1 1 1
2010352261 43 1 1 0
2010355778 43 1 1 1
2010362575 43 1 1 0
2010366100 43 1 1 1
2010373115 43 1 1 0
2010376516 43 1 1 1
2010383310 43 1 1 0
2010386620 43 1 1 1
2010393595 43 1 1 0
2010396970 43 1 1 1
2010403779 43 1 1 0
2010407114 43 1 1 1
2010413173 43 1 1 0
2010416611 43 1 1 1
2010420689 40 1 1 1
2010422767 43 1 1 0
2010425839 40 1 1 0
2010426640 43 1 1 1
2010429483 40 1 1 1
2010432881 43 1 1 0
2010435169 40 1 1 0
2010436535 43 1 1 1
2010438545 40 1 1 1
2010442807 43 1 1 0
2010444278 40 1 1 0
2010446854 43 1 1 1
2010448041 40 1 1 1
2010452328 43 1 1 0
2010453560 40 1 1 0
2010456379 43 1 1 1
2010457323 40 1 1 1
2010462064 43 1 1 0
2010463080 40 1 1 0
2010466147 43 1 1 1
2010466752 40 1 1 1
2010471721 43 1 1 0
2010472401 40 1 1 0
2010475377 43 1 1 1
2010475646 40 1 1 1
2010481993 43 1 1 0
2010482138 40 1 1 0
2010485391 40 1 1 1
2010485439 43 1 1 1
2010491832 43 1 1 0
2010492899 40 1 1 0
2010495456 43 1 1 1
2010496223 40 1 1 1
2010501569 43 1 1 0
2010502845 40 1 1 0
2010505541 43 1 1 1
2010506302 40 1 1 1
2010511299 43 1 1 0
2010512753 40 1 1 0
2010515259 43 1 1 1
2010516103 40 1 1 1
2010521531 43 1 1 0
2010522901 40 1 1 0
2010525491 43 1 1 1
2010526149 40 1 1 1
2010531385 43 1 1 0
2010532717 40 1 1 0
2010535615 43 1 1 1
2010536347 40 1 1 1
2010540964 43 1 1 0
2010541883 40 1 1 0
2010545403 43 1 1 1
2010545741 40 1 1 1
2010550408 43 1 1 0
2010550768 40 1 1 0
2010554507 43 1 1 1
2010554559 40 1 1 1
2010559329 43 1 1 0
2010560501 40 1 1 0
2010563948 40 1 1 1
2010564122 43 1 1 1
2010569081 43 1 1 0
2010570471 40 1 1 0
2010573265 43 1 1 1
2010573697 40 1 1 1
2010578489 43 1 1 0
2010581050 40 1 1 0
2010582661 43 1 1 1
2010584172 40 1 1 1
2010588047 43 1 1 0
2010590943 40 1 1 0
2010591879 43 1 1 1
2010593992 40 1 1 1
2010597580 43 1 1 0
2010600749 40 1 1 0
2010601354 43 1 1 1
2010604109 40 1 1 1
2010607064 43 1 1 0
2010610910 43 1 1 1
2010611386 40 1 1 0
2010614989 40 1 1 1
2010616735 43 1 1 0
2010620563 43 1 1 1
2010621768 40 1 1 0
2010625145 40 1 1 1
2010626455 43 1 1 0
2010630473 43 1 1 1
2010631425 40 1 1 0
2010634650 40 1 1 1
2010636290 43 1 1 0
2010640209 43 1 1 1
2010641170 40 1 1 0
2010644540 40 1 1 1
2010645724 43 1 1 0
2010649589 43 1 1 1
2010651294 40 1 1 0
2010654674 40 1 1 1
2010655331 43 1 1 0
2010659155 43 1 1 1
2010661418 40 1 1 0
2010664721 43 1 1 0
2010664929 40 1 1 1
2010668446 43 1 1 1
2010671741 40 1 1 0
2010673679 43 1 1 0
2010675286 40 1 1 1
2010677404 43 1 1 1
2010682066 40 1 1 0
2010682459 43 1 1 0
2010685852 40 1 1 1
2010686635 43 1 1 1
2010688153 41 1 1 1
2010691046 41 1 1 0
2010691677 43 1 1 0
2010692375 40 1 1 0
2010695846 40 1 1 1
2010696256 41 1 1 1
2010701440 41 1 1 0
2010702026 40 1 1 0
2010705393 40 1 1 1
2010705527 41 1 1 1
2010710074 41 1 1 0
2010710774 40 1 1 0
2010714614 40 1 1 1
2010714683 41 1 1 1
2010718554 41 1 1 0
2010719962 40 1 1 0
2010722910 41 1 1 1
2010723619 40 1 1 1
2010726413 41 1 1 0
2010729278 40 1 1 0
2010731362 41 1 1 1
2010732824 40 1 1 1
2010735411 41 1 1 0
2010738307 40 1 1 0
2010740463 41 1 1 1
2010741931 40 1 1 1
2010744757 41 1 1 0
2010747281 40 1 1 0
2010749532 41 1 1 1
2010751053 40 1 1 1
2010754621 41 1 1 0
2010756727 40 1 1 0
2010759147 41 1 1 1
2010760322 40 1 1 1
2010763160 41 1 1 0
2010766011 40 1 1 0
2010767409 41 1 1 1
2010769297 40 1 1 1
2010774689 41 1 1 0
2010776107 40 1 1 0
2010779092 41 1 1 1
2010780004 40 1 1 1
2010782797 41 1 1 0
2010785934 40 1 1 0
2010787378 41 1 1 1
2010789905 40 1 1 1
2010792503 41 1 1 0
2010794999 40 1 1 0
2010797159 41 1 1 1
2010798549 40 1 1 1
2010801153 41 1 1 0
2010805604 40 1 1 0
2010805983 41 1 1 1
2010809090 40 1 1 1
2010810076 41 1 1 0
2010814997 41 1 1 1
2010816168 40 1 1 0
2010819501 41 1 1 0
2010819591 40 1 1 1
2010824667 41 1 1 1
2010828579 40 1 1 0
2010828794 41 1 1 0
2010833535 40 1 1 1
2010837570 41 1 1 1
2010841818 40 1 1 0
2010841933 41 1 1 0
2010846254 40 1 1 1
2010847613 41 1 1 1
2010852770 41 1 1 0
2010854520 40 1 1 0
2010858970 40 1 1 1
2010859391 41 1 1 1
2010864394 41 1 1 0
2010865876 40 1 1 0
2010870156 40 1 1 1
2010871711 41 1 1 1
2010877580 41 1 1 0
2010878220 40 1 1 0
2010882184 40 1 1 1
2010885455 41 1 1 1
2010890299 40 1 1 0
2010890767 41 1 1 0
2010894627 40 1 1 1
2010898590 41 1 1 1
2010902402 40 1 1 0
2010904008 41 1 1 0
2010906161 40 1 1 1
2010910265 41 1 1 1
2010914881 40 1 1 0
2010915002 41 1 1 0
2010918974 40 1 1 1
2010921787 41 1 1 1
2010926724 41 1 1 0
2010927282 40 1 1 0
2010931827 40 1 1 1
2010932985 41 1 1 1
2010938425 41 1 1 0
2010939396 40 1 1 0
2010944044 40 1 1 1
2010944852 41 1 1 1
2010950533 41 1 1 0
2010951064 40 1 1 0
2010955592 41 1 1 1
2010956381 40 1 1 1
2010960245 41 1 1 0
2010962942 40 1 1 0
2010963261 41 1 1 1
2010966533 41 1 1 0
2010968508 40 1 1 1
2010970070 41 1 1 1
2010974152 41 1 1 0
2010974469 40 1 1 0
2010977266 41 1 1 1
2010978461 40 1 1 1
2010981036 41 1 1 0
2010982163 40 1 1 0
2010986698 40 1 1 1
2010992500 40 1 1 0
2010997532 40 1 1 1
2011001275 40 1 1 0
2011005868 40 1 1 1
2011011253 40 1 1 0
2011017276 40 1 1 1
2011020966 40 1 1 0
2011025373 40 1 1 1
2011031220 40 1 1 0
2011037086 40 1 1 1
2011040885 40 1 1 0
2011044782 40 1 1 1
2011050143 40 1 1 0
2011055416 40 1 1 1
2011059262 40 1 1 0
2011062815 40 1 1 1
2011068476 40 1 1 0
2011074188 40 1 1 1
2011078283 40 1 1 0
2011081907 40 1 1 1
2011086858 40 1 1 0
2011092515 40 1 1 1
2011097241 40 1 1 0
2011100952 40 1 1 1
2011105262 40 1 1 0
2011110060 40 1 1 1
2011119701 40 1 1 0
2011124080 40 1 1 1
2011136574 40 1 1 0
2011141186 40 1 1 1
2011149660 40 1 1 0
2011153687 40 1 1 1
2011163056 40 1 1 0
2011166751 40 1 1 1
2011177416 40 1 1 0
2011181273 40 1 1 1
2011191974 40 1 1 0
2011195163 40 1 1 1
2011204787 40 1 1 0
2011208213 40 1 1 1
2011219729 40 1 1 0
2011223155 40 1 1 1
2011230594 40 1 1 0
2011233858 40 1 1 1
2011241412 40 1 1 0
2011244921 40 1 1 1
2011251992 40 1 1 0
2011255762 40 1 1 1
2011262153 40 1 1 0
2011266283 40 1 1 1
2011272202 40 1 1 0
2011276494 40 1 1 1
2011281733 40 1 1 0
2011286416 40 1 1 1
2011294207 40 1 1 0
2011298641 40 1 1 1
2011306277 40 1 1 0
2011310462 40 1 1 1
2011317927 40 1 1 0
2011322116 40 1 1 1
2011328924 40 1 1 0
2011332884 40 1 1 1
2011339585 40 1 1 0
2011343853 40 1 1 1
2011351599 40 1 1 0
2011355618 40 1 1 1
2011363684 40 1 1 0
2011367193 40 1 1 1
2011374728 40 1 1 0
2011378198 40 1 1 1
2011385635 40 1 1 0
2011389069 40 1 1 1
2011396489 40 1 1 0
2011400085 40 1 1 1
2011407418 40 1 1 0
2011411105 40 1 1 1
2011418743 40 1 1 0
2011422612 40 1 1 1
2011430794 40 1 1 0
2011435110 40 1 1 1
2011440822 40 1 1 0
2011444786 40 1 1 1
2011448413 40 1 1 0
2011452518 40 1 1 1
2011455957 40 1 1 0
2011459490 40 1 1 1
2011462896 40 1 1 0
2011466267 40 1 1 1
2011469586 40 1 1 0
2011473670 40 1 1 1
2011477114 40 1 1 0
2011481161 40 1 1 1
2011484472 40 1 1 0
2011489141 40 1 1 1
2011492476 40 1 1 0
2011495543 40 1 1 1
2011501532 40 1 1 0
2011505145 40 1 1 1
2011511700 40 1 1 0
2011515945 40 1 1 1
2011519146 40 1 1 0
2011524996 40 1 1 1
2011530502 40 1 1 0
2011536348 40 1 1 1
2011539197 40 1 1 0
2011542778 40 1 1 1
2011546975 40 1 1 0
2011552022 40 1 1 1
2011557970 40 1 1 0
2011637941 40 1 1 1
2011642312 40 1 1 0
2011647656 40 1 1 1
2011650395 40 1 1 0
2011656238 40 1 1 1
2011659720 40 1 1 0
2011667900 40 1 1 1
2011670510 40 1 1 0
2011682134 40 1 1 1
2011684629 40 1 1 0
2011698057 40 1 1 1
2011700930 40 1 1 0
2011716155 40 1 1 1
2011718014 40 1 1 0
2015094602 40 1 1 1
2015101303 40 1 1 0
2015104820 40 1 1 1
2015111993 40 1 1 0
2015115340 40 1 1 1
2015122216 40 1 1 0
2015125800 40 1 1 1
2015132405 40 1 1 0
2015135765 40 1 1 1
2015142191 40 1 1 0
2015145625 40 1 1 1
2015152259 40 1 1 0
2015155942 40 1 1 1
2015162665 40 1 1 0
2015166824 40 1 1 1
2015171827 40 1 1 0
2015176010 40 1 1 1
2015180825 40 1 1 0
2015184966 40 1 1 1
2015191103 40 1 1 0
2015194709 40 1 1 1
2015200634 40 1 1 0
2015204008 40 1 1 1
2015209573 40 1 1 0
2015213446 40 1 1 1
2015219005 40 1 1 0
2015222945 40 1 1 1
2015228743 40 1 1 0
2015233041 40 1 1 1
2015238893 40 1 1 0
2015243181 40 1 1 1
2015248670 40 1 1 0
2015253040 40 1 1 1
2015258365 40 1 1 0
2015262669 40 1 1 1
2015268720 40 1 1 0
2015272492 40 1 1 1
2015278096 40 1 1 0
2015282412 40 1 1 1
2015287307 40 1 1 0
2015291586 40 1 1 1
2015297092 40 1 1 0
2015301554 40 1 1 1
2015306925 40 1 1 0
2015311209 40 1 1 1
2015316616 40 1 1 0
2015320874 40 1 1 1
2015325963 40 1 1 0
2015330081 40 1 1 1
2015335159 40 1 1 0
2015339104 40 1 1 1
2015344164 40 1 1 0
2015348183 40 1 1 1
2015352845 40 1 1 0
2015356714 40 1 1 1
2015361699 40 1 1 0
2015365827 40 1 1 1
2015371393 40 1 1 0
2015375254 40 1 1 1
2015380684 40 1 1 0
2015385035 40 1 1 1
2015389910 40 1 1 0
2015394310 40 1 1 1
2015399904 40 1 1 0
2015404130 40 1 1 1
2015408996 40 1 1 0
2015413108 40 1 1 1
2015417773 40 1 1 0
2015421999 40 1 1 1
2015426620 40 1 1 0
2015430734 40 1 1 1
2015435902 40 1 1 0
2015440343 40 1 1 1
2015445372 40 1 1 0
2015449660 40 1 1 1
2015454310 40 1 1 0
2015458480 40 1 1 1
2015463572 40 1 1 0
2015467773 40 1 1 1
2015472724 40 1 1 0
2015477373 40 1 1 1
2015482540 40 1 1 0
2015487229 40 1 1 1
2015491987 40 1 1 0
2015496835 40 1 1 1
2015501768 40 1 1 0
2015506509 40 1 1 1
2015511011 40 1 1 0
2015515046 40 1 1 1
2015519806 40 1 1 0
2015524517 40 1 1 1
2015529591 40 1 1 0
2015534419 40 1 1 1
2015538660 40 1 1 0
2015543389 40 1 1 1
2015547888 40 1 1 0
2015552798 40 1 1 1
2015556949 40 1 1 0
2015562282 40 1 1 1
2015566943 40 1 1 0
2015571606 40 1 1 1
2015575986 40 1 1 0
2015580910 40 1 1 1
2015585662 40 1 1 0
2015590307 40 1 1 1
2015594655 40 1 1 0
2015598935 40 1 1 1
2015603451 40 1 1 0
2015607662 40 1 1 1
2015612212 40 1 1 0
2015616828 40 1 1 1
2015621087 40 1 1 0
2015625833 40 1 1 1
2015630204 40 1 1 0
2015635504 40 1 1 1
2015639463 40 1 1 0
2015644516 40 1 1 1
2015648635 40 1 1 0
2015654462 40 1 1 1
2015658406 40 1 1 0
2015664680 40 1 1 1
2015668289 40 1 1 0
2015674035 40 1 1 1
2015677731 40 1 1 0
2015683838 40 1 1 1
2015687474 40 1 1 0
2015693142 40 1 1 1
2015697005 40 1 1 0
2015702548 40 1 1 1
2015711697 40 1 1 0
2015716634 40 1 1 1
2015725354 40 1 1 0
2015730034 40 1 1 1
2015738321 40 1 1 0
2015743127 40 1 1 1
2015751548 40 1 1 0
2015756231 40 1 1 1
2015764684 40 1 1 0
2015768905 40 1 1 1
2015777489 40 1 1 0
2015782360 40 1 1 1
2015791013 40 1 1 0
2015796451 40 1 1 1
2015804049 40 1 1 0
2015809161 40 1 1 1
2015816633 40 1 1 0
2015821850 40 1 1 1
2015830558 40 1 1 0
2015835443 40 1 1 1
2015844237 40 1 1 0
2015848094 40 1 1 1
2015855957 40 1 1 0
2015860488 40 1 1 1
2015868116 40 1 1 0
2015872391 40 1 1 1
2015881453 40 1 1 0
2015886259 40 1 1 1
2015894885 40 1 1 0
2015899790 40 1 1 1
2015907723 40 1 1 0
2015912644 40 1 1 1
2015920150 40 1 1 0
2015924972 40 1 1 1
2015933089 40 1 1 0
2015937679 40 1 1 1
2015944661 40 1 1 0
2015949761 40 1 1 1
2015955558 40 1 1 0
2015961372 40 1 1 1
2015967015 40 1 1 0
2015972981 40 1 1 1
2015979910 40 1 1 0
2015984905 40 1 1 1
2015991701 40 1 1 0
2015996374 40 1 1 1
2016002537 40 1 1 0
2016007173 40 1 1 1
2016014370 40 1 1 0
2016018504 40 1 1 1
2016024957 40 1 1 0
2016029340 40 1 1 1
2016035048 40 1 1 0
2016039260 40 1 1 1
2016046194 40 1 1 0
2016050261 40 1 1 1
2016057643 40 1 1 0
2016061777 40 1 1 1
2016068510 40 1 1 0
2016073494 40 1 1 1
2016079980 40 1 1 0
2016084846 40 1 1 1
2016091523 40 1 1 0
2016096220 40 1 1 1
2016102095 40 1 1 0
2016106718 40 1 1 1
2016112321 40 1 1 0
2016117020 40 1 1 1
2016122914 40 1 1 0
2016127577 40 1 1 1
2016133364 40 1 1 0
2016138215 40 1 1 1
2016143997 40 1 1 0
2016148880 40 1 1 1
2016155170 40 1 1 0
2016159836 40 1 1 1
2016166548 40 1 1 0
2016171238 40 1 1 1
2016177980 40 1 1 0
2016182998 40 1 1 1
2016189419 40 1 1 0
2016195044 40 1 1 1
2016198721 40 1 1 0
2016204777 40 1 1 1
2016208017 40 1 1 0
2016213788 40 1 1 1
2016216512 40 1 1 0
2016221694 40 1 1 1
2016224367 40 1 1 0
2016234660 40 1 1 1
2016235925 40 1 1 0
2016236255 40 1 1 1
2016238722 40 1 1 0
2016259178 40 1 1 1
2016259701 40 1 1 0
2016271735 40 1 1 1
2016275241 40 1 1 0
2016288612 40 1 1 1
2016288769 40 1 1 0
2016292812 40 1 1 1
2016293472 40 1 1 0
2016377920 42 1 1 1
2016450273 42 1 1 0
2016466767 42 1 1 1
2016468988 42 1 1 0
2016490916 42 1 1 1
2016492335 42 1 1 0
2016524324 42 1 1 1
2016526379 42 1 1 0
2016546703 42 1 1 1
2016549514 42 1 1 0
2016571426 42 1 1 1
2016573767 42 1 1 0
2016582233 42 1 1 1
2016582985 42 1 1 0
2016588907 42 1 1 1
2016592937 42 1 1 0
2016600968 42 1 1 1
2016604130 42 1 1 0
2016611525 42 1 1 1
2016614554 42 1 1 0
2016622110 42 1 1 1
2016625216 42 1 1 0
2016633967 42 1 1 1
2016636937 42 1 1 0
2016644244 42 1 1 1
2016648160 42 1 1 0
2016655969 42 1 1 1
2016659834 42 1 1 0
2016682181 42 1 1 1
2016683171 42 1 1 0
2016691075 42 1 1 1
2016693643 42 1 1 0
2016716604 42 1 1 1
2016719375 42 1 1 0
2016744653 42 1 1 1
2016747919 42 1 1 0
2016862948 40 1 1 1
2016870250 40 1 1 0
2016880710 40 1 1 1
2016886627 40 1 1 0
2016890611 40 1 1 1
2016895006 40 1 1 0
2016900596 40 1 1 1
2016904751 40 1 1 0
2016909515 40 1 1 1
2016914010 40 1 1 0
2016918165 40 1 1 1
2016922913 40 1 1 0
2016927416 40 1 1 1
2016932081 40 1 1 0
2016936596 40 1 1 1
2016941099 40 1 1 0
2016947259 40 1 1 1
2016951695 40 1 1 0
2016956301 40 1 1 1
2016961275 40 1 1 0
2016966324 40 1 1 1
2016971195 40 1 1 0
2016978664 40 1 1 1
2016981190 40 1 1 0
2018842873 44 1 4 1
2018847163 44 1 4 0
2018852072 44 1 4 1
2018856041 44 1 4 0
2018861246 44 1 4 1
2018865244 44 1 4 0
2018870911 44 1 4 1
2018874818 44 1 4 0
2018882025 44 1 4 1
2018885577 44 1 4 0
2018893782 44 1 4 1
2018896566 44 1 4 0
2018906405 44 1 4 1
2018909377 44 1 4 0
2018959774 44 1 4 1
2018962573 44 1 4 0
2018978319 44 1 4 1
2018981359 44 1 4 0
2018995152 44 1 4 1
2018997931 44 1 4 0
2019007917 44 1 4 1
2019010890 44 1 4 0
2019020615 44 1 4 1
2019023489 44 1 4 0
2019031526 44 1 4 1
2019034783 44 1 4 0
2019051123 44 1 4 1
2019053733 44 1 4 0
2019064809 44 1 4 1
2019067471 44 1 4 0
2019076954 44 1 4 1
2019079995 44 1 4 0
2019088940 44 1 4 1
2019091817 44 1 4 0
2019101144 44 1 4 1
2019104239 44 1 4 0
2019112660 44 1 4 1
2019115367 44 1 4 0
2019126378 44 1 4 1
2019129336 44 1 4 0
2019140369 44 1 4 1
2019143516 44 1 4 0
2019154617 44 1 4 1
2019157594 44 1 4 0
2019169399 44 1 4 1
2019172201 44 1 4 0
2020454520 41 1 1 1
2020457723 41 1 1 0
2020462682 41 1 1 1
2020467200 41 1 1 0
2020471987 41 1 1 1
2020476523 41 1 1 0
2020481917 41 1 1 1
2020486192 41 1 1 0
2020490962 41 1 1 1
2020495442 41 1 1 0
2020500472 41 1 1 1
2020505423 41 1 1 0
2020509972 41 1 1 1
2020514770 41 1 1 0
2020519446 41 1 1 1
2020524986 41 1 1 0
2020529006 41 1 1 1
2020533841 41 1 1 0
2020538133 41 1 1 1
2020543444 41 1 1 0
2020547997 41 1 1 1
2020552750 41 1 1 0
2020556781 41 1 1 1
2020561666 41 1 1 0
2020566628 41 1 1 1
2020571375 41 1 1 0
2020575750 41 1 1 1
2020580254 41 1 1 0
2020584384 41 1 1 1
2020589604 41 1 1 0
2020593473 41 1 1 1
2020598195 41 1 1 0
2020602159 41 1 1 1
2020606956 41 1 1 0
2020610781 41 1 1 1
2020616293 41 1 1 0
2020620679 41 1 1 1
2020626091 41 1 1 0
2020630114 41 1 1 1
2020634801 41 1 1 0
2020638741 41 1 1 1
2020644685 41 1 1 0
2020648289 41 1 1 1
2020654416 41 1 1 0
2020658269 41 1 1 1
2020663859 41 1 1 0
2020667716 41 1 1 1
2020673844 41 1 1 0
2020677948 41 1 1 1
2020683449 41 1 1 0
2020687200 41 1 1 1
2020693083 41 1 1 0
2020696956 41 1 1 1
2020702430 41 1 1 0
2020706281 41 1 1 1
2020713295 41 1 1 0
2020717073 41 1 1 1
2020722606 41 1 1 0
2020726206 41 1 1 1
2020731510 41 1 1 0
2020735803 41 1 1 1
2020741137 41 1 1 0
2020745576 41 1 1 1
2020750011 41 1 1 0
2020754968 41 1 1 1
2020759896 41 1 1 0
2020764363 41 1 1 1
2020769866 41 1 1 0
2020773312 41 1 1 1
2020779284 41 1 1 0
2020783054 41 1 1 1
2020789078 41 1 1 0
2020792761 41 1 1 1
2020798727 41 1 1 0
2020802465 41 1 1 1
2020809172 41 1 1 0
2020812395 41 1 1 1
2020820601 41 1 1 0
2020824130 41 1 1 1
2020830658 41 1 1 0
2020834341 41 1 1 1
2020840218 41 1 1 0
2020844065 41 1 1 1
2020850113 41 1 1 0
2020853705 41 1 1 1
2020859683 41 1 1 0
2020863708 41 1 1 1
2020869966 4