2002220181 24 0 1 1
2002225078 24 0 1 0
2002229643 24 0 1 1
2002234540 24 0 1 0
2002238773 24 0 1 1
2002243504 24 0 1 0
2002247654 24 0 1 1
2002252522 24 0 1 0
2002256867 24 0 1 1
2002261815 24 0 1 0
2002265973 24 0 1 1
2002270479 24 0 1 0
2002279775 24 0 1 1
2002282846 24 0 1 0
2002292216 24 0 1 1
2002295379 24 0 1 0
2002303300 24 0 1 1
2002306525 24 0 1 0
2002313840 24 0 1 1
2002317230 24 0 1 0
2002324462 24 0 1 1
2002327832 24 0 1 0
2002334981 24 0 1 1
2002338260 24 0 1 0
2002346654 24 0 1 1
2002350072 24 0 1 0
2002355561 24 0 1 1
2002359376 24 0 1 0
2002369015 24 0 1 1
2002372185 24 0 1 0
2002380081 24 0 1 1
2002380282 19 0 1 1
2002383381 24 0 1 0
2002387874 19 0 1 0
2002391202 24 0 1 1
2002391205 19 0 1 1
2002391877 17 0 1 1
2002394375 24 0 1 0
2002396340 17 0 1 0
2002399494 19 0 1 0
2002401082 17 0 1 1
2002402458 24 0 1 1
2002402659 19 0 1 1
2002405689 24 0 1 0
2002406632 17 0 1 0
2002408043 19 0 1 0
2002410627 17 0 1 1
2002411955 19 0 1 1
2002412174 24 0 1 1
2002415703 24 0 1 0
2002416426 17 0 1 0
2002417339 19 0 1 0
2002420338 17 0 1 1
2002421251 19 0 1 1
2002422188 24 0 1 1
2002425713 24 0 1 0
2002426137 17 0 1 0
2002426552 19 0 1 0
2002430049 17 0 1 1
2002430381 19 0 1 1
2002431202 24 0 1 1
2002435510 24 0 1 0
2002435765 19 0 1 0
2002435848 17 0 1 0
2002439594 17 0 1 1
2002439760 19 0 1 1
2002440418 24 0 1 1
2002444595 24 0 1 0
2002445144 19 0 1 0
2002445227 17 0 1 0
2002449026 17 0 1 1
2002449056 19 0 1 1
2002449586 24 0 1 1
2002453850 24 0 1 0
2002454523 19 0 1 0
2002454606 17 0 1 0
2002458435 17 0 1 1
2002458435 19 0 1 1
2002458841 24 0 1 1
2002463105 24 0 1 0
2002463902 19 0 1 0
2002463985 17 0 1 0
2002467731 17 0 1 1
2002467897 19 0 1 1
2002468013 24 0 1 1
2002472107 24 0 1 0
2002473281 19 0 1 0
2002473364 17 0 1 0
2002476932 24 0 1 1
2002477110 17 0 1 1
2002477193 19 0 1 1
2002481109 24 0 1 0
2002482660 19 0 1 0
2002482743 17 0 1 0
2002486017 24 0 1 1
2002486489 17 0 1 1
2002486572 19 0 1 1
2002490194 24 0 1 0
2002491956 19 0 1 0
2002492205 17 0 1 0
2002495102 24 0 1 1
2002495951 19 0 1 1
2002496117 17 0 1 1
2002499259 24 0 1 0
2002501335 19 0 1 0
2002501833 17 0 1 0
2002504084 24 0 1 1
2002505247 19 0 1 1
2002505579 17 0 1 1
2002508109 24 0 1 0
2002510714 19 0 1 0
2002511212 17 0 1 0
2002512934 24 0 1 1
2002514626 19 0 1 1
2002514958 17 0 1 1
2002517038 24 0 1 0
2002520093 19 0 1 0
2002520591 17 0 1 0
2002522188 24 0 1 1
2002524088 19 0 1 1
2002524503 17 0 1 1
2002526338 24 0 1 0
2002529638 19 0 1 0
2002530219 17 0 1 0
2002531557 24 0 1 1
2002533633 19 0 1 1
2002533965 17 0 1 1
2002535485 24 0 1 0
2002539017 19 0 1 0
2002539598 17 0 1 0
2002540310 24 0 1 1
2002542929 19 0 1 1
2002543344 17 0 1 1
2002544418 24 0 1 0
2002548396 19 0 1 0
2002548977 17 0 1 0
2002549243 24 0 1 1
2002552149 24 0 1 0
2002552391 19 0 1 1
2002552889 17 0 1 1
2002557941 19 0 1 0
2002558605 17 0 1 0
2002560759 24 0 1 1
2002561936 19 0 1 1
2002562351 17 0 1 1
2002564101 24 0 1 0
2002567320 19 0 1 0
2002567984 17 0 1 0
2002570752 24 0 1 1
2002571232 19 0 1 1
2002571730 17 0 1 1
2002574181 25 0 1 1
2002574227 24 0 1 0
2002576699 19 0 1 0
2002577197 17 0 1 0
2002580694 19 0 1 1
2002580777 17 0 1 1
2002582870 24 0 1 1
2002583191 25 0 1 0
2002585930 24 0 1 0
2002586244 19 0 1 0
2002586273 25 0 1 1
2002586390 17 0 1 0
2002590239 19 0 1 1
2002590323 17 0 1 1
2002594324 24 0 1 1
2002595618 25 0 1 0
2002595623 19 0 1 0
2002595955 17 0 1 0
2002597361 24 0 1 0
2002598783 25 0 1 1
2002599452 19 0 1 1
2002599701 17 0 1 1
2002604836 19 0 1 0
2002605417 17 0 1 0
2002606004 24 0 1 1
2002608234 25 0 1 0
2002608831 19 0 1 1
2002609064 24 0 1 0
2002609163 17 0 1 1
2002611399 25 0 1 1
2002614298 19 0 1 0
2002614796 17 0 1 0
2002617707 24 0 1 1
2002618293 19 0 1 1
2002618625 17 0 1 1
2002620767 24 0 1 0
2002620933 25 0 1 0
2002623677 19 0 1 0
2002624098 25 0 1 1
2002624175 17 0 1 0
2002625592 24 0 1 1
2002627506 19 0 1 1
2002627921 17 0 1 1
2002628901 25 0 1 0
2002628984 24 0 1 0
2002632890 19 0 1 0
2002633311 24 0 1 1
2002633477 25 0 1 1
2002633637 17 0 1 0
2002636454 24 0 1 0
2002636885 19 0 1 1
2002637383 17 0 1 1
2002639691 25 0 1 0
2002640781 24 0 1 1
2002642435 19 0 1 0
2002642767 17 0 1 0
2002643273 25 0 1 1
2002643924 24 0 1 0
2002646430 19 0 1 1
2002646513 17 0 1 1
2002647494 25 0 1 0
2002647836 24 0 1 1
2002650493 25 0 1 1
2002650896 24 0 1 0
2002651980 19 0 1 0
2002652229 17 0 1 0
2002654797 25 0 1 0
2002654808 24 0 1 1
2002655975 17 0 1 1
2002655975 19 0 1 1
2002657796 25 0 1 1
2002657868 24 0 1 0
2002661359 19 0 1 0
2002661608 17 0 1 0
2002662333 24 0 1 1
2002662599 25 0 1 0
2002665338 24 0 1 0
2002665437 19 0 1 1
2002665520 17 0 1 1
2002665681 25 0 1 1
2002669937 19 0 1 0
2002670186 17 0 1 0
2002673947 24 0 1 1
2002674136 25 0 1 0
2002674513 19 0 1 1
2002674596 17 0 1 1
2002677799 25 0 1 1
2002677871 24 0 1 0
2002678984 19 0 1 0
2002679399 17 0 1 0
2002683560 19 0 1 1
2002683809 17 0 1 1
2002686875 25 0 1 0
2002687704 24 0 1 1
2002688197 19 0 1 0
2002688446 17 0 1 0
2002690799 25 0 1 1
2002691298 24 0 1 0
2002692773 19 0 1 1
2002692856 17 0 1 1
2002697414 19 0 1 0
2002697493 17 0 1 0
2002698982 25 0 1 0
2002699111 24 0 1 1
2002701907 19 0 1 1
2002701986 17 0 1 1
2002702574 25 0 1 1
2002702741 24 0 1 0
2002706374 19 0 1 0
2002706789 17 0 1 0
2002710010 25 0 1 0
2002710056 24 0 1 1
2002710950 19 0 1 1
2002711199 17 0 1 1
2002713432 25 0 1 1
2002713603 24 0 1 0
2002715587 19 0 1 0
2002715836 17 0 1 0
2002720163 19 0 1 1
2002720310 17 0 1 1
2002720793 25 0 1 0
2002720835 24 0 1 1
2002724660 25 0 1 1
2002724809 24 0 1 0
2002724848 19 0 1 0
2002724931 17 0 1 0
2002729489 17 0 1 1
2002729563 19 0 1 1
2002731045 24 0 1 1
2002731626 25 0 1 0
2002734007 19 0 1 0
2002734090 17 0 1 0
2002736018 24 0 1 0
2002736635 25 0 1 1
2002738711 17 0 1 1
2002738794 19 0 1 1
2002742337 24 0 1 1
2002743226 17 0 1 0
2002743332 19 0 1 0
2002743872 25 0 1 0
2002745772 24 0 1 0
2002747858 19 0 1 1
2002747971 17 0 1 1
2002749352 24 0 1 1
2002752356 19 0 1 0
2002752509 17 0 1 0
2002752848 24 0 1 0
2002757015 19 0 1 1
2002757130 17 0 1 1
2002757756 24 0 1 1
2002761498 17 0 1 0
2002761652 19 0 1 0
2002761872 24 0 1 0
2002766119 17 0 1 1
2002766145 19 0 1 1
2002770657 17 0 1 0
2002770699 19 0 1 0
2002775275 19 0 1 1
2002775358 17 0 1 1
2002779943 17 0 1 0
2002779972 19 0 1 0
2002784548 19 0 1 1
2002784609 17 0 1 1
2002789302 17 0 1 0
2002789351 19 0 1 0
2002793346 19 0 1 1
2002793372 17 0 1 1
2002798604 17 0 1 0
2002798647 19 0 1 0
2002802642 19 0 1 1
2002802674 17 0 1 1
2002807740 17 0 1 0
2002807777 19 0 1 0
2002811810 17 0 1 1
2002811855 19 0 1 1
2002817125 17 0 1 0
2002817158 19 0 1 0
2002821153 19 0 1 1
2002821195 17 0 1 1
2002826203 19 0 1 0
2002826344 17 0 1 0
2002830198 19 0 1 1
2002830414 17 0 1 1
2002835499 19 0 1 0
2002835646 17 0 1 0
2002839577 19 0 1 1
2002839633 17 0 1 1
2002844865 17 0 1 0
2002844878 19 0 1 0
2002848873 19 0 1 1
2002849018 17 0 1 1
2002854257 19 0 1 0
2002854582 17 0 1 0
2002859082 19 0 1 1
2002859482 17 0 1 1
2002863138 19 0 1 0
2002863635 17 0 1 0
2002868212 19 0 1 1
2002868784 17 0 1 1
2002869180 24 0 1 1
2002872268 19 0 1 0
2002872522 17 0 1 0
2002877840 19 0 1 1
2002877920 17 0 1 1
2002878514 24 0 1 0
2002878742 19 0 1 0
2002881607 17 0 1 0
2002884035 24 0 1 1
2002887525 17 0 1 1
2002887913 24 0 1 0
2002891032 24 0 1 1
2002891466 17 0 1 0
2002897206 17 0 1 1
2002900846 17 0 1 0
2002901174 24 0 1 0
2002905342 25 0 1 1
2002906866 17 0 1 1
2002910779 17 0 1 0
2002911730 25 0 1 0
2002914218 24 0 1 1
2002916555 25 0 1 1
2002916607 17 0 1 1
2002921026 25 0 1 0
2002921238 17 0 1 0
2002921607 24 0 1 0
2002924689 25 0 1 1
2002925739 17 0 1 1
2002930488 25 0 1 0
2002930534 17 0 1 0
2002934234 25 0 1 1
2002935118 17 0 1 1
2002938705 25 0 1 0
2002939830 17 0 1 0
2002943720 25 0 1 1
2002944414 17 0 1 1
2002948130 17 0 1 0
2002949593 25 0 1 0
2002953352 25 0 1 1
2002958716 25 0 1 0
2002963806 25 0 1 1
2002968499 25 0 1 0
2002969710 19 0 1 1
2002972257 25 0 1 1
2002973113 19 0 1 0
2002977780 25 0 1 0
2002981858 25 0 1 1
2002985914 25 0 1 0
2002990241 25 0 1 1
2002995957 25 0 1 0
2002999869 25 0 1 1
2003004921 25 0 1 0
2003009829 25 0 1 1
2003014905 25 0 1 0
2003018734 25 0 1 1
2003024699 25 0 1 0
2003029607 25 0 1 1
2003033746 25 0 1 0
2003037575 25 0 1 1
2003043291 25 0 1 0
2003047120 25 0 1 1
2003051508 25 0 1 0
2003056499 25 0 1 1
2003062215 25 0 1 0
2003066044 25 0 1 1
2003071345 25 0 1 0
2003076502 25 0 1 1
2003081554 25 0 1 0
2003085549 25 0 1 1
2003091348 25 0 1 0
2003095675 25 0 1 1
2003099897 25 0 1 0
2003104157 25 0 1 1
2003109601 25 0 1 0
2003113359 25 0 1 1
2003118388 25 0 1 0
2003123459 25 0 1 1
2003128598 25 0 1 0
2003132356 25 0 1 1
2003138088 25 0 1 0
2003142647 25 0 1 1
2003146774 25 0 1 0
2003150960 25 0 1 1
2003156897 25 0 1 0
2003160758 25 0 1 1
2003163947 25 0 1 0
2003171081 25 0 1 1
2003175419 25 0 1 0
2003180244 25 0 1 1
2003183841 25 0 1 0
2003191156 25 0 1 1
2003195480 25 0 1 0
2003203708 25 0 1 1
2003214429 25 0 1 0
2003218839 25 0 1 1
2003226789 25 0 1 0
2003230867 25 0 1 1
2003240004 25 0 1 0
2003244248 25 0 1 1
2003253667 25 0 1 0
2003257911 25 0 1 1
2003262371 25 0 1 0
2003267212 25 0 1 1
2003273844 25 0 1 0
2003278523 25 0 1 1
2003282434 25 0 1 0
2003285943 25 0 1 1
2003289835 25 0 1 0
2003293341 25 0 1 1
2003297771 25 0 1 0
2003301359 25 0 1 1
2003310031 25 0 1 0
2003314540 25 0 1 1
2003323695 25 0 1 0
2003328453 25 0 1 1
2003336172 25 0 1 0
2003340333 25 0 1 1
2003347569 25 0 1 0
2003351564 25 0 1 1
2003358883 25 0 1 0
2003363210 25 0 1 1
2003369501 25 0 1 0
2003374824 25 0 1 1
2003382729 25 0 1 0
2003390376 25 0 1 1
2003394300 25 0 1 0
2003399888 25 0 1 1
2003403601 25 0 1 0
2003407264 25 0 1 1
2003413146 25 0 1 0
2003416809 25 0 1 1
2003422797 25 0 1 0
2003428701 25 0 1 1
2003434121 25 0 1 0
2003439232 25 0 1 1
2003444831 25 0 1 0
2003448660 25 0 1 1
2003454633 25 0 1 0
2003458545 25 0 1 1
2003464415 25 0 1 0
2003468173 25 0 1 1
2003473814 25 0 1 0
2003479406 25 0 1 1
2003482794 25 0 1 0
2003499517 25 0 1 1
2003502637 25 0 1 0
2003523969 25 0 1 1
2003527073 25 0 1 0
2003531290 25 0 1 1
2003534267 25 0 1 0
2003682853 25 0 1 1
2003685235 25 0 1 0
2004131811 25 0 1 1
2004135896 25 0 1 0
2004140235 25 0 1 1
2004142935 25 0 1 0
2004270268 25 0 1 1
2004272830 25 0 1 0
2004291848 25 0 1 1
2004294493 25 0 1 0
2004309693 25 0 1 1
2004312338 25 0 1 0
2004334344 25 0 1 1
2004336823 25 0 1 0
2004360273 25 0 1 1
2004362847 25 0 1 0
2004385358 25 0 1 1
2004387982 25 0 1 0
2004403586 25 0 1 1
2004406093 25 0 1 0
2004421863 25 0 1 1
2004424528 25 0 1 0
2004433535 25 0 1 1
2004438157 25 0 1 0
2004527447 25 0 1 1
2004530051 25 0 1 0
2004549650 25 0 1 1
2004554287 25 0 1 0
2004558863 25 0 1 1
2004563334 25 0 1 0
2004567910 25 0 1 1
2004572381 25 0 1 0
2004576957 25 0 1 1
2004581428 25 0 1 0
2004586004 25 0 1 1
2004592799 25 0 1 0
2004597126 25 0 1 1
2004601680 25 0 1 0
2004606339 25 0 1 1
2004610893 25 0 1 0
2004615469 25 0 1 1
2004619940 25 0 1 0
2004624516 25 0 1 1
2004631425 25 0 1 0
2004636239 25 0 1 1
2004640970 25 0 1 0
2004645701 25 0 1 1
2004650278 25 0 1 0
2004655883 25 0 1 1
2004659816 25 0 1 0
2004662832 25 0 1 1
2004668010 25 0 1 0
2004672678 25 0 1 1
2004677263 25 0 1 0
2004681853 25 0 1 1
2004686650 25 0 1 0
2004691346 25 0 1 1
2004695927 25 0 1 0
2004700678 25 0 1 1
2004705176 25 0 1 0
2004709579 25 0 1 1
2004715970 25 0 1 0
2004720618 25 0 1 1
2004724353 25 0 1 0
2004730412 25 0 1 1
2004734147 25 0 1 0
2004740326 25 0 1 1
2004744014 25 0 1 0
2004750007 25 0 1 1
2004753677 25 0 1 0
2004759794 25 0 1 1
2004766019 25 0 1 0
2004773286 25 0 1 1
2004777556 25 0 1 0
2004783532 25 0 1 1
2004787175 25 0 1 0
2004793326 25 0 1 1
2004796978 25 0 1 0
2004803203 25 0 1 1
2004806919 25 0 1 0
2004811508 25 0 1 1
2004816570 25 0 1 0
2004823471 25 0 1 1
2004826999 25 0 1 0
2004833321 25 0 1 1
2004836893 25 0 1 0
2004843083 25 0 1 1
2004849669 25 0 1 0
2004854800 25 0 1 1
2004859102 25 0 1 0
2004863999 25 0 1 1
2004868149 25 0 1 0
2004872913 25 0 1 1
2004877269 25 0 1 0
2004882169 25 0 1 1
2004889144 25 0 1 0
2004893795 25 0 1 1
2004898197 25 0 1 0
2004903512 25 0 1 1
2004911750 25 0 1 0
2004917607 25 0 1 1
2004921718 25 0 1 0
2004926737 25 0 1 1
2004930808 25 0 1 0
2004935993 25 0 1 1
2004939938 25 0 1 0
2004945376 25 0 1 1
2004949234 25 0 1 0
2005482165 13 0 1 1
2005485127 13 0 1 0
2005494102 13 0 1 1
2005497117 13 0 1 0
2005504681 13 0 1 1
2005508160 13 0 1 0
2005514479 13 0 1 1
2005519378 13 0 1 0
2005523673 13 0 1 1
2005528453 13 0 1 0
2005532780 13 0 1 1
2005537694 13 0 1 0
2005541855 13 0 1 1
2005547030 13 0 1 0
2005551191 13 0 1 1
2005556453 13 0 1 0
2005560614 13 0 1 1
2005565615 13 0 1 0
2005567262 1 0 1 1
2005569776 13 0 1 1
2005571682 1 0 1 0
2005574607 13 0 1 0
2005576424 1 0 1 1
2005578934 13 0 1 1
2005581061 1 0 1 0
2005583860 13 0 1 0
2005585471 1 0 1 1
2005588436 13 0 1 1
2005591500 1 0 1 0
2005593585 13 0 1 0
2005595246 1 0 1 1
2005600986 1 0 1 0
2005604649 1 0 1 1
2005610409 1 0 1 0
2005614072 1 0 1 1
2005619832 1 0 1 0
2005623578 1 0 1 1
2005629599 1 0 1 0
2005633345 1 0 1 1
2005639370 1 0 1 0
2005643116 1 0 1 1
2005647629 13 0 1 1
2005649113 1 0 1 0
2005652510 13 0 1 0
2005652693 1 0 1 1
2005656671 13 0 1 1
2005658421 1 0 1 0
2005661489 13 0 1 0
2005661918 1 0 1 1
2005666065 13 0 1 1
2005667646 1 0 1 0
2005671168 13 0 1 0
2005671475 1 0 1 1
2005675476 13 0 1 1
2005676523 1 0 1 0
2005680410 13 0 1 0
2005680435 1 0 1 1
2005684971 13 0 1 1
2005685574 1 0 1 0
2005689486 1 0 1 1
2005690084 13 0 1 0
2005694418 13 0 1 1
2005694486 1 0 1 0
2005698481 1 0 1 1
2005699311 13 0 1 0
2005703639 1 0 1 0
2005703690 13 0 1 1
2005708580 1 0 1 1
2005710271 13 0 1 0
2005713654 1 0 1 0
2005713758 13 0 1 1
2005717732 1 0 1 1
2005719390 13 0 1 0
2005722981 1 0 1 0
2005723505 13 0 1 1
2005727059 1 0 1 1
2005728066 13 0 1 0
2005732354 13 0 1 1
2005732395 1 0 1 0
2005736390 1 0 1 1
2005737284 13 0 1 0
2005741690 1 0 1 0
2005741742 13 0 1 1
2005745602 1 0 1 1
2005746684 13 0 1 0
2005750972 13 0 1 1
2005751135 1 0 1 0
2005755130 1 0 1 1
2005755811 13 0 1 0
2005760186 13 0 1 1
2005760647 1 0 1 0
2005764559 1 0 1 1
2005765270 13 0 1 0
2005770072 1 0 1 0
2005770451 13 0 1 1
2005774067 1 0 1 1
2005774992 13 0 1 0
2005776951 1 0 1 0
2005779651 13 0 1 1
2005783865 13 0 1 0
2005788856 13 0 1 1
2005793881 13 0 1 0
2005797710 13 0 1 1
2005801813 13 0 1 0
2005807104 13 0 1 1
2005810931 13 0 1 0
2005816292 13 0 1 1
2005820567 13 0 1 0
2005826305 13 0 1 1
2005829800 13 0 1 0
2005836783 13 0 1 1
2005840322 13 0 1 0
2005847859 3 0 1 1
2005848218 13 0 1 1
2005851338 13 0 1 0
2005857657 13 0 1 1
2005860795 13 0 1 0
2005868359 13 0 1 1
2005871676 13 0 1 0
2005879489 13 0 1 1
2005882680 13 0 1 0
2005889414 13 0 1 1
2005893014 13 0 1 0
2005899748 13 0 1 1
2005903000 13 0 1 0
2005910232 13 0 1 1
2005913237 13 0 1 0
2005922461 13 0 1 1
2005925442 13 0 1 0
2005934666 13 0 1 1
2005937734 13 0 1 0
2005946875 13 0 1 1
2005949943 13 0 1 0
2005959499 13 0 1 1
2005962733 13 0 1 0
2005970712 13 0 1 1
2005974108 13 0 1 0
2005980925 13 0 1 1
2005984412 13 0 1 0
2005993553 13 0 1 1
2005996700 13 0 1 0
2006004347 13 0 1 1
2006007747 13 0 1 0
2006014896 13 0 1 1
2006018541 13 0 1 0
2006025607 13 0 1 1
2006030364 13 0 1 0
2006031665 3 0 1 0
2006036766 13 0 1 1
2006041571 13 0 1 0
2006048305 13 0 1 1
2006053575 13 0 1 0
2006060558 13 0 1 1
2006066199 13 0 1 0
2006069945 13 0 1 1
2006074171 13 0 1 0
2006077917 13 0 1 1
2006081981 13 0 1 0
2006085810 13 0 1 1
2006089787 13 0 1 0
2006094031 13 0 1 1
2006097925 13 0 1 0
2006102418 13 0 1 1
2006105399 13 0 1 0
2006115536 13 0 1 1
2006118118 13 0 1 0
2006157222 13 0 1 1
2006159551 13 0 1 0
2006191600 13 0 1 1
2006194269 13 0 1 0
2006205070 13 0 1 1
2006207636 13 0 1 0
2006218022 13 0 1 1
2006221090 13 0 1 0
2006226081 13 0 1 1
2006228564 13 0 1 0
2006235796 13 0 1 1
2006239611 13 0 1 0
2006248752 13 0 1 1
2006252646 13 0 1 0
2006261621 13 0 1 1
2006265519 13 0 1 0
2006275490 13 0 1 1
2006279305 13 0 1 0
2006288778 13 0 1 1
2006292593 13 0 1 0
2006303643 13 0 1 1
2006307375 13 0 1 0
2006320686 13 0 1 1
2006324232 13 0 1 0
2006338478 13 0 1 1
2006342089 13 0 1 0
2006353333 13 0 1 1
2006355958 13 0 1 0
2006367506 13 0 1 1
2006370823 13 0 1 0
2006394406 13 0 1 1
2006397482 13 0 1 0
2006419654 13 0 1 1
2006421896 13 0 1 0
2006441369 13 0 1 1
2006444488 13 0 1 0
2006466079 13 0 1 1
2006468570 13 0 1 0
2006483604 13 0 1 1
2006486008 13 0 1 0
2006496809 13 0 1 1
2006499541 13 0 1 0
2006510674 13 0 1 1
2006513410 13 0 1 0
2006525539 13 0 1 1
2006528690 13 0 1 0
2006550530 13 0 1 1
2006552855 13 0 1 0
2006628479 13 0 1 1
2006631226 13 0 1 0
2006663524 13 0 1 1
2006665857 13 0 1 0
2006705957 13 0 1 1
2006708792 13 0 1 0
2006723494 13 0 1 1
2006726483 13 0 1 0
2006736703 13 0 1 1
2006740399 13 0 1 0
2006750702 13 0 1 1
2006754031 13 0 1 0
2006821727 13 0 1 1
2006824154 13 0 1 0
2007073722 13 0 1 1
2007076012 13 0 1 0
2007080954 13 0 1 1
2007084314 13 0 1 0
2009485193 31 0 1 1
2009539783 31 0 1 0
2009547181 31 0 1 1
2009554071 31 0 1 0
2009555466 28 0 1 1
2009557572 31 0 1 1
2009559885 28 0 1 0
2009563620 31 0 1 0
2009564967 28 0 1 1
2009567034 31 0 1 1
2009569811 28 0 1 0
2009573389 31 0 1 0
2009575022 28 0 1 1
2009576886 31 0 1 1
2009579825 28 0 1 0
2009583435 31 0 1 0
2009585146 28 0 1 1
2009586849 31 0 1 1
2009589987 28 0 1 0
2009593066 31 0 1 0
2009595395 28 0 1 1
2009596397 31 0 1 1
2009600139 28 0 1 0
2009602693 31 0 1 0
2009605030 28 0 1 1
2009606190 31 0 1 1
2009609935 28 0 1 0
2009612419 31 0 1 0
2009615172 28 0 1 1
2009615667 31 0 1 1
2009619820 28 0 1 0
2009621900 31 0 1 0
2009624848 28 0 1 1
2009625314 31 0 1 1
2009629489 28 0 1 0
2009631066 31 0 1 0
2009635144 31 0 1 1
2009635642 28 0 1 1
2009639200 28 0 1 0
2009640113 31 0 1 0
2009643942 31 0 1 1
2009644855 28 0 1 1
2009649311 28 0 1 0
2009650073 31 0 1 0
2009653736 31 0 1 1
2009659784 31 0 1 0
2009663447 31 0 1 1
2009669218 28 0 1 1
2009670076 31 0 1 0
2009673080 28 0 1 0
2009673822 31 0 1 1
2009677946 28 0 1 1
2009679621 31 0 1 0
2009682484 28 0 1 0
2009683782 31 0 1 1
2009686848 28 0 1 1
2009689083 31 0 1 0
2009691303 28 0 1 0
2009693493 31 0 1 1
2009695999 28 0 1 1
2009698697 31 0 1 0
2009700108 28 0 1 0
2009703190 31 0 1 1
2009708159 31 0 1 0
2009712652 31 0 1 1
2009717704 31 0 1 0
2009722031 31 0 1 1
2009727000 31 0 1 0
2009731161 31 0 1 1
2009736047 31 0 1 0
2009739299 28 0 1 1
2009740208 31 0 1 1
2009741857 28 0 1 0
2009744928 31 0 1 0
2009749259 31 0 1 1
2009754224 31 0 1 0
2009758551 31 0 1 1
2009763520 31 0 1 0
2009767768 31 0 1 1
2009772650 31 0 1 0
2009776894 31 0 1 1
2009778388 28 0 1 1
2009781033 28 0 1 0
2009781614 31 0 1 0
2009786024 31 0 1 1
2009791159 31 0 1 0
2009795652 31 0 1 1
2009796067 28 0 1 1
2009798878 28 0 1 0
2009800372 31 0 1 0
2009808636 28 0 1 1
2009812739 28 0 1 0
2009818193 28 0 1 1
2009822201 28 0 1 0
2009828520 28 0 1 1
2009832659 28 0 1 0
2009837816 28 0 1 1
2009841623 28 0 1 0
2009846199 28 0 1 1
2009849093 28 0 1 0
2009854914 28 0 1 1
2009859136 28 0 1 0
2009865206 28 0 1 1
2009869345 28 0 1 0
2009875166 28 0 1 1
2009879222 28 0 1 0
2009884960 28 0 1 1
2009889348 28 0 1 0
2009895335 28 0 1 1
2009899474 28 0 1 0
2009908868 28 0 1 1
2009912090 28 0 1 0
2009918575 28 0 1 1
2009922216 28 0 1 0
2009928452 28 0 1 1
2009932259 28 0 1 0
2009938412 28 0 1 1
2009942385 28 0 1 0
2009948538 28 0 1 1
2009952428 28 0 1 0
2009958249 28 0 1 1
2009962222 28 0 1 0
2009968209 28 0 1 1
2009972514 28 0 1 0
2009978667 28 0 1 1
2009982806 28 0 1 0
2009988880 28 0 1 1
2009992766 28 0 1 0
2009998836 28 0 1 1
2010003058 28 0 1 0
2010009128 28 0 1 1
2010013516 28 0 1 0
2010019337 28 0 1 1
2010023476 28 0 1 0
2010029214 28 0 1 1
2010033353 28 0 1 0
2010039091 28 0 1 1
2010043479 28 0 1 0
2010049300 28 0 1 1
2010053605 28 0 1 0
2010059426 28 0 1 1
2010063731 28 0 1 0
2010069469 28 0 1 1
2010073569 28 0 1 0
2010078809 28 0 1 1
2010082118 28 0 1 0
2011950642 18 0 1 1
2011954412 18 0 1 0
2011960897 18 0 1 1
2011964455 18 0 1 0
2011970857 18 0 1 1
2011974581 18 0 1 0
2011981481 18 0 1 1
2011984790 18 0 1 0
2011991856 18 0 1 1
2011995331 18 0 1 0
2012002812 18 0 1 1
2012006287 18 0 1 0
2012013519 18 0 1 1
2012016911 18 0 1 0
2012024060 18 0 1 1
2012027535 18 0 1 0
2012035099 18 0 1 1
2012038574 18 0 1 0
2012045723 18 0 1 1
2012049198 18 0 1 0
2012056264 18 0 1 1
2012059490 18 0 1 0
2012167046 8 0 1 1
2012171910 8 0 1 0
2012178262 8 0 1 1
2012181183 8 0 1 0
2012191098 8 0 1 1
2012194290 8 0 1 0
2012204482 8 0 1 1
2012207464 8 0 1 0
2012210208 12 0 1 1
2012216524 12 0 1 0
2012220029 12 0 1 1
2012225592 12 0 1 0
2012230267 12 0 1 1
2012234522 12 0 1 0
2012239193 12 0 1 1
2012243652 12 0 1 0
2012248232 12 0 1 1
2012252699 12 0 1 0
2012257362 12 0 1 1
2012261829 12 0 1 0
2012266579 12 0 1 1
2012271125 12 0 1 0
2012275796 12 0 1 1
2012280338 12 0 1 0
2012285748 12 0 1 1
2012289357 12 0 1 0
2012295601 12 0 1 1
2012299234 12 0 1 0
2012305482 12 0 1 1
2012309194 12 0 1 0
2012315691 12 0 1 1
2012319320 12 0 1 0
2012325398 12 0 1 1
2012329031 12 0 1 0
2012335445 12 0 1 1
2012339074 12 0 1 0
2012345152 12 0 1 1
2012348785 12 0 1 0
2012355267 12 0 1 1
2012358828 12 0 1 0
2012365155 12 0 1 1
2012368788 12 0 1 0
2012375285 12 0 1 1
2012378978 12 0 1 0
2012385389 12 0 1 1
2012389123 12 0 1 0
2012395616 12 0 1 1
2012399166 12 0 1 0
2012405414 12 0 1 1
2012409043 12 0 1 0
2012415291 12 0 1 1
2012418754 12 0 1 0
2012424749 12 0 1 1
2012428382 12 0 1 0
2012434796 12 0 1 1
2012438419 12 0 1 0
2012444755 12 0 1 1
2012448302 12 0 1 0
2012455131 12 0 1 1
2012458594 12 0 1 0
2012465008 12 0 1 1
2012468471 12 0 1 0
2012475372 12 0 1 1
2012478680 12 0 1 0
2012485411 12 0 1 1
2012488796 12 0 1 0
2012495745 12 0 1 1
2012499088 12 0 1 0
2012506037 12 0 1 1
2012509297 12 0 1 0
2012516271 12 0 1 1
2012519589 12 0 1 0
2012526588 12 0 1 1
2012530010 12 0 1 0
2012536932 12 0 1 1
2012540086 12 0 1 0
2012545955 22 0 1 1
2012549043 12 0 1 1
2012550276 22 0 1 0
2012552170 12 0 1 0
2012554030 22 0 1 1
2012559738 22 0 1 0
2012560543 12 0 1 1
2012563435 22 0 1 1
2012563652 12 0 1 0
2012569366 22 0 1 0
2012572008 12 0 1 1
2012573240 22 0 1 1
2012575269 12 0 1 0
2012579326 22 0 1 0
2012583046 22 0 1 1
2012584109 12 0 1 1
2012587256 12 0 1 0
2012589037 22 0 1 0
2012592882 22 0 1 1
2012596527 12 0 1 1
2012598510 22 0 1 0
2012599713 12 0 1 0
2012603410 22 0 1 1
2012604575 22 0 1 0
2019898700 7 0 1 1
2019899339 4 0 1 1
2019905184 7 0 1 0
2019905606 4 0 1 0
2019908805 7 0 1 1
2019909152 4 0 1 1
2019915271 7 0 1 0
2019915379 4 0 1 0
2019918896 4 0 1 1
2019918947 7 0 1 1
2019925128 7 0 1 0
2019925287 4 0 1 0
2019928725 4 0 1 1
2019928745 7 0 1 1
2019935471 7 0 1 0
2019935618 4 0 1 0
2019938960 7 0 1 1
2019939098 4 0 1 1
2019945769 7 0 1 0
2019946273 4 0 1 0
2019949258 7 0 1 1
2019949715 4 0 1 1
2019956316 7 0 1 0
2019956584 4 0 1 0
2019959888 7 0 1 1
2019959939 4 0 1 1
2019966033 7 0 1 0
2019966260 4 0 1 0
2019969744 4 0 1 1
2019969799 7 0 1 1
2019975861 7 0 1 0
2019975923 4 0 1 0
2019979516 7 0 1 1
2019979615 4 0 1 1
2019985246 7 0 1 0
2019985439 4 0 1 0
2019988881 4 0 1 1
2019989233 7 0 1 1
2019994742 4 0 1 0
2019995212 7 0 1 0
2019998354 4 0 1 1
2019998867 7 0 1 1
2020004573 4 0 1 0
2020004597 7 0 1 0
2020008103 4 0 1 1
2020008252 7 0 1 1
2020014076 4 0 1 0
2020014148 7 0 1 0
2020018052 7 0 1 1
2020019294 4 0 1 1
2020023306 4 0 1 0
2020024031 7 0 1 0
2020027520 7 0 1 1
2020028184 4 0 1 1
2020032746 4 0 1 0
2020033831 7 0 1 0
2020037403 7 0 1 1
2020038054 4 0 1 1
2020042496 4 0 1 0
2020043299 7 0 1 0
2020046871 7 0 1 1
2020047547 4 0 1 1
2020051907 4 0 1 0
2020053033 7 0 1 0
2020056688 7 0 1 1
2020056951 4 0 1 1
2020061575 4 0 1 0
2020062833 7 0 1 0
2020066967 4 0 1 1
2020071508 4 0 1 0
2020072132 7 0 1 1
2020075206 7 0 1 0
2020076907 4 0 1 1
2020081068 4 0 1 0
2020084422 7 0 1 1
2020085612 4 0 1 1
2020087662 7 0 1 0
2020089604 4 0 1 0
2020094489 4 0 1 1
2020097210 7 0 1 1
2020098907 4 0 1 0
2020100035 7 0 1 0
2020104293 4 0 1 1
2020108670 7 0 1 1
2020108799 4 0 1 0
2020111661 7 0 1 0
2020114190 4 0 1 1
2020118691 4 0 1 0
2020120877 7 0 1 1
2020123742 4 0 1 1
2020124117 7 0 1 0
2020127733 4 0 1 0
2020132361 4 0 1 1
2020133665 7 0 1 1
2020136345 4 0 1 0
2020136656 7 0 1 0
2020141397 4 0 1 1
2020145457 7 0 1 1
2020145722 4 0 1 0
2020148199 7 0 1 0
2020151113 4 0 1 1
2020155167 4 0 1 0
2020159324 7 0 1 1
2020161651 7 0 1 0
2020164129 4 0 1 1
2020167977 4 0 1 0
2020172684 4 0 1 1
2020175997 4 0 1 0
2020180614 4 0 1 1
2020184017 4 0 1 0
2020189053 4 0 1 1
2020192537 4 0 1 0
2020197908 4 0 1 1
2020200496 5 0 1 1
2020201567 4 0 1 0
2020209136 4 0 1 1
2020212222 4 0 1 0
2020221313 4 0 1 1
2020224711 4 0 1 0
2020235984 4 0 1 1
2020239231 4 0 1 0
2020252105 4 0 1 1
2020255761 4 0 1 0
2020269673 4 0 1 1
2020272661 4 0 1 0
2020282109 4 0 1 1
2020284786 4 0 1 0
2020295801 4 0 1 1
2020298830 4 0 1 0
2020310570 4 0 1 1
2020313789 4 0 1 0
2020319520 4 0 1 1
2020323249 4 0 1 0
2020328811 4 0 1 1
2020332581 4 0 1 0
2020338235 4 0 1 1
2020342149 4 0 1 0
2020347817 4 0 1 1
2020351678 4 0 1 0
2020356978 4 0 1 1
2020360977 4 0 1 0
2020366292 4 0 1 1
2020370356 4 0 1 0
2020375576 4 0 1 1
2020379569 4 0 1 0
2020384819 4 0 1 1
2020388851 4 0 1 0
2020394026 4 0 1 1
2020398056 4 0 1 0
2020403307 4 0 1 1
2020407356 4 0 1 0
2020412436 4 0 1 1
2020416587 4 0 1 0
2020421816 4 0 1 1
2020425966 4 0 1 0
2020431055 4 0 1 1
2020435009 4 0 1 0
2020440491 4 0 1 1
2020444724 4 0 1 0
2020449953 4 0 1 1
2020454269 4 0 1 0
2020459349 4 0 1 1
2020463217 4 0 1 0
2020477696 4 0 1 1
2020481598 4 0 1 0
2020486558 4 0 1 1
2020490584 4 0 1 0
2020494785 4 0 1 1
2020499732 4 0 1 0
2020503762 4 0 1 1
2020507150 5 0 1 0
2020522093 4 0 1 0
2020524462 4 0 1 1
2020537013 4 0 1 0
2020540198 4 0 1 1
2020552951 4 0 1 0
2020556437 4 0 1 1
2020567891 4 0 1 0
2020571409 4 0 1 1
2020584003 4 0 1 0
2020587935 4 0 1 1
2020601032 4 0 1 0
2020604582 4 0 1 1
2020614954 4 0 1 0
2020618218 4 0 1 1
2020630135 4 0 1 0
2020633822 4 0 1 1
2020641894 4 0 1 0
2020644400 4 0 1 1
2020653978 4 0 1 0
2020657155 4 0 1 1
2020667633 4 0 1 0
2020671558 4 0 1 1
2020680778 4 0 1 0
2020685054 4 0 1 1
2020690316 4 0 1 0
2020693071 4 0 1 1
2020700956 4 0 1 0
2020706149 4 0 1 1
2020716102 4 0 1 0
2020720881 4 0 1 1
2020729531 4 0 1 0
2020734226 4 0 1 1
2020744432 4 0 1 0
2020750045 4 0 1 1
2020754801 4 0 1 0
2020757961 4 0 1 1
2020764574 4 0 1 0
2020771569 4 0 1 1
2020782285 4 0 1 0
2020787921 4 0 1 1
2020797217 4 0 1 0
2020803670 4 0 1 1
2020811526 4 0 1 0
2020818420 4 0 1 1
2020827965 4 0 1 0
2020836431 4 0 1 1
2020846824 4 0 1 0
2020851944 4 0 1 1
2020856541 4 0 1 0
2020860685 4 0 1 1
2020864366 4 0 1 0
2020872704 4 0 1 1
2020875602 4 0 1 0
2020883575 4 0 1 1
2020886656 4 0 1 0
2020895531 4 0 1 1
2020898616 4 0 1 0
2021849589 7 0 1 1
2021858362 7 0 1 0
2021863314 7 0 1 1
2021867716 7 0 1 0
2021872834 7 0 1 1
2021876987 7 0 1 0
2021882022 7 0 1 1
2021886171 7 0 1 0
2021891119 7 0 1 1
2021895350 7 0 1 0
2021900535 7 0 1 1
2021904666 7 0 1 0
2021909619 7 0 1 1
2021913616 7 0 1 0
2021918651 7 0 1 1
2021922796 7 0 1 0
2021927839 7 0 1 1
2021931893 7 0 1 0
2021936841 7 0 1 1
2021940646 7 0 1 0
2021945847 7 0 1 1
2021950022 7 0 1 0
2021955364 7 0 1 1
2021959524 7 0 1 0
2021964582 7 0 1 1
2021968613 7 0 1 0
2021973561 7 0 1 1
2021977698 7 0 1 0
2021982907 7 0 1 1
2021987127 7 0 1 0
2021992502 7 0 1 1
2021996568 7 0 1 0
2022001516 7 0 1 1
2022005593 7 0 1 0
2022010708 7 0 1 1
2022014734 7 0 1 0
2022016804 4 0 1 1
2022020021 7 0 1 1
2022021172 4 0 1 0
2022023483 7 0 1 0
2022027300 4 0 1 1
2022030820 4 0 1 0
2022033365 16 0 1 1
2022037365 16 0 1 0
2022037778 4 0 1 1
2022041192 4 0 1 0
2022042459 16 0 1 1
2022046495 16 0 1 0
2022051585 16 0 1 1
2022055625 16 0 1 0
2022058910 4 0 1 1
2022060885 16 0 1 1
2022062444 4 0 1 0
2022064971 16 0 1 0
2022069575 4 0 1 1
2022070117 16 0 1 1
2022073232 4 0 1 0
2022074217 16 0 1 0
2022078643 16 0 1 1
2022080224 4 0 1 1
2022082683 16 0 1 0
2022083618 4 0 1 0
2022087773 16 0 1 1
2022090691 4 0 1 1
2022091863 16 0 1 0
2022094140 4 0 1 0
2022097009 16 0 1 1
2022100833 4 0 1 1
2022101125 16 0 1 0
2022104325 4 0 1 0
2022106222 16 0 1 1
2022110255 16 0 1 0
2022111436 4 0 1 1
2022115007 4 0 1 0
2022115179 16 0 1 1
2022119219 16 0 1 0
2022121968 4 0 1 1
2022124475 16 0 1 1
2022125364 4 0 1 0
2022128515 16 0 1 0
2022132089 4 0 1 1
2022133601 16 0 1 1
2022135579 4 0 1 0
2022137811 16 0 1 0
2022142708 4 0 1 1
2022142908 16 0 1 1
2022146327 4 0 1 0
2022147024 16 0 1 0
2022152114 16 0 1 1
2022153356 4 0 1 1
2022156320 16 0 1 0
2022156641 4 0 1 0
2022161410 16 0 1 1
2022165616 16 0 1 0
2022170872 16 0 1 1
2022175078 16 0 1 0
2022180168 16 0 1 1
2022184374 16 0 1 0
2022189471 16 0 1 1
2022193670 16 0 1 0
2022198760 16 0 1 1
2022202966 16 0 1 0
2022208218 16 0 1 1
2022212462 16 0 1 0
2022217549 16 0 1 1
2022221724 16 0 1 0
2022226810 16 0 1 1
2022231020 16 0 1 0
2022236106 16 0 1 1
2022240316 16 0 1 0
2022245568 16 0 1 1
2022249778 16 0 1 0
2022254864 16 0 1 1
2022259074 16 0 1 0
2022264160 16 0 1 1
2022268370 16 0 1 0
2022273456 16 0 1 1
2022277666 16 0 1 0
2022278654 4 0 1 1
2022281775 4 0 1 0
2022282918 16 0 1 1
2022287045 16 0 1 0
2022289166 4 0 1 1
2022292206 16 0 1 1
2022293445 4 0 1 0
2022296424 16 0 1 0
2022301672 16 0 1 1
2022302361 4 0 1 1
2022305538 4 0 1 0
2022305886 16 0 1 0
2022310221 4 0 1 1
2022310983 16 0 1 1
2022313152 4 0 1 0
2022315348 16 0 1 0
2022319928 16 0 1 1
2022323448 4 0 1 1
2022324744 16 0 1 0
2022327349 4 0 1 0
2022329154 16 0 1 1
2022334024 16 0 1 0
2022335800 4 0 1 1
2022338434 16 0 1 1
2022339030 4 0 1 0
2022343213 16 0 1 0
2022347457 16 0 1 1
2022352153 16 0 1 0
2022356397 16 0 1 1
2022359975 4 0 1 1
2022361093 16 0 1 0
2022362751 4 0 1 0
2022365341 16 0 1 1
2022370025 16 0 1 0
2022374273 16 0 1 1
2022378874 16 0 1 0
2022383122 16 0 1 1
2022383593 4 0 1 1
2022387023 4 0 1 0
2022387810 16 0 1 0
2022392137 16 0 1 1
2022397003 16 0 1 0
2022399754 4 0 1 1
2022399978 4 0 1 0
2022401413 16 0 1 1
2022404072 4 0 1 1
2022406287 16 0 1 0
2022407518 4 0 1 0
2022410697 16 0 1 1
2022415503 16 0 1 0
2022420079 16 0 1 1
2022424633 16 0 1 0
2022429060 16 0 1 1
2022433597 16 0 1 0
2022438177 16 0 1 1
2022442838 16 0 1 0
2022443333 4 0 1 1
2022446101 4 0 1 0
2022447252 16 0 1 1
2022452018 16 0 1 0
2022456183 16 0 1 1
2022461372 16 0 1 0
2022465537 16 0 1 1
2022470844 16 0 1 0
2022474926 16 0 1 1
2022481468 16 0 1 0
2022485052 16 0 1 1
2022490432 16 0 1 0
2022494514 16 0 1 1
2022499728 16 0 1 0
2022503893 16 0 1 1
2022509024 16 0 1 0
2022513102 16 0 1 1
2022517324 16 0 1 0
2022521846 16 0 1 1
2022527035 16 0 1 0
2022531113 16 0 1 1
2022536165 16 0 1 0
2022540243 16 0 1 1
2022544257 16 0 1 0
2022565200 16 0 1 1
2022568008 16 0 1 0
2022584216 16 0 1 1
2022586766 16 0 1 0
2022607626 16 0 1 1
2022610172 16 0 1 0
2022634099 16 0 1 1
2022636649 16 0 1 0
2022657077 19 0 1 1
2022714171 19 0 1 0
2022721973 16 0 1 1
2022725791 16 0 1 0
2022727786 19 0 1 1
2022731838 19 0 1 0
2022732446 16 0 1 1
2022734755 16 0 1 0
2022736090 19 0 1 1
2022740364 19 0 1 0
2022744869 19 0 1 1
2022749101 19 0 1 0
2022753530 19 0 1 1
2022757646 19 0 1 0
2022762232 19 0 1 1
2022766497 19 0 1 0
2022767271 16 0 1 1
2022769817 16 0 1 0
2022770940 19 0 1 1
2022775203 19 0 1 0
2022779530 19 0 1 1
2022782535 16 0 1 1
2022783693 19 0 1 0
2022786832 16 0 1 0
2022788279 19 0 1 1
2022792613 19 0 1 0
2022795483 16 0 1 1
2022797170 19 0 1 1
2022797954 16 0 1 0
2022801314 19 0 1 0
2022805522 16 0 1 1
2022805926 19 0 1 1
2022807748 16 0 1 0
2022810253 19 0 1 0
2022813237 16 0 1 1
2022814305 16 0 1 0
2022814835 19 0 1 1
2022819404 19 0 1 0
2022823990 19 0 1 1
2022828337 19 0 1 0
2022832914 19 0 1 1
2022837329 16 0 1 1
2022837498 19 0 1 0
2022841944 16 0 1 0
2022842063 19 0 1 1
2022846354 16 0 1 1
2022846355 19 0 1 0
2022851904 16 0 1 0
2022852005 19 0 1 1
2022856065 16 0 1 1
2022856121 19 0 1 0
2022864271 16 0 1 0
2022864843 19 0 1 1
2022868436 16 0 1 1
2022868763 19 0 1 0
2022877468 16 0 1 0
2022878251 19 0 1 1
2022881550 16 0 1 1
2022882069 19 0 1 0
2022891827 16 0 1 0
2022892431 19 0 1 1
2022895407 16 0 1 1
2022895812 19 0 1 0
2022904194 16 0 1 0
2022904534 19 0 1 1
2022908189 16 0 1 1
2022908454 19 0 1 0
2022917225 16 0 1 0
2022917866 19 0 1 1
2022921390 16 0 1 1
2022921707 19 0 1 0
2022930505 16 0 1 0
2022931098 19 0 1 1
2022934085 16 0 1 1
2022934562 19 0 1 0
2022942291 16 0 1 0
2022942881 19 0 1 1
2022946618 16 0 1 1
2022947022 19 0 1 0
2022955903 16 0 1 0
2022956687 19 0 1 1
2022960027 16 0 1 1
2022960415 19 0 1 0
2022968934 16 0 1 0
2022969310 19 0 1 1
2022973012 16 0 1 1
2022973286 19 0 1 0
2022980886 16 0 1 0
2022981254 19 0 1 1
2022985300 16 0 1 1
2022985819 19 0 1 0
2022989767 16 0 1 0
2022990467 19 0 1 1
2022994264 16 0 1 1
2022994962 19 0 1 0
2022998565 16 0 1 0
2022999680 19 0 1 1
2023002813 16 0 1 1
2023004375 19 0 1 0
2023007114 16 0 1 0
2023009181 19 0 1 1
2023011441 16 0 1 1
2023013986 19 0 1 0
2023015746 16 0 1 0
2023018994 16 0 1 1
2023021173 19 0 1 1
2023025042 16 0 1 0
2023025623 19 0 1 0
2023029701 16 0 1 1
2023030075 19 0 1 1
2023034338 19 0 1 0
2023034421 16 0 1 0
2023038385 19 0 1 1
2023038582 16 0 1 1
2023044574 19 0 1 0
2023044879 16 0 1 0
2023048143 19 0 1 1
2023048459 16 0 1 1
2023053543 19 0 1 0
2023053670 16 0 1 0
2023057672 16 0 1 1
2023060676 19 0 1 1
2023064167 16 0 1 0
2023065158 19 0 1 0
2023068826 16 0 1 1
2023069459 19 0 1 1
2023073463 16 0 1 0
2023073712 19 0 1 0
2023077937 19 0 1 1
2023077956 16 0 1 1
2023082461 19 0 1 0
2023082548 16 0 1 0
2023086879 16 0 1 1
2023091226 16 0 1 0
2023095723 16 0 1 1
2023100153 16 0 1 0
2023102903 16 0 1 1
2023108404 16 0 1 0
2023112897 16 0 1 1
2023117592 16 0 1 0
2023122085 16 0 1 1
2023126776 16 0 1 0
2023131269 16 0 1 1
2023135960 16 0 1 0
2023140457 16 0 1 1
2023145144 16 0 1 0
2023149641 16 0 1 1
2023156372 16 0 1 0
2023160699 16 0 1 1
2023165386 16 0 1 0
2023169966 16 0 1 1
2023174653 16 0 1 0
2023187408 16 0 1 1
2023192063 16 0 1 0
2023200950 19 0 1 1
2023223766 16 0 1 1
2023226147 16 0 1 0
2023253663 19 0 1 0
2023253826 16 0 1 1
2023257712 16 0 1 0
2023260965 16 0 1 1
2023265820 16 0 1 0
2023270906 16 0 1 1
2023274692 16 0 1 0
2023279612 16 0 1 1
2023283857 16 0 1 0
2023288695 16 0 1 1
2023292677 16 0 1 0
2023297348 16 0 1 1
2023301608 16 0 1 0
2023306528 16 0 1 1
2023310626 16 0 1 0
2023316127 16 0 1 1
2023320150 16 0 1 0
2023324070 16 0 1 1
2023328254 16 0 1 0
2023334321 16 0 1 1
2023338291 16 0 1 0
2023342875 16 0 1 1
2023346980 16 0 1 0
2023351817 16 0 1 1
2023356009 16 0 1 0
2023360510 16 0 1 1
2023364615 16 0 1 0
2023369535 16 0 1 1
2023373557 16 0 1 0
2023379477 16 0 1 1
2023383598 16 0 1 0
2023388518 16 0 1 1
2023393639 16 0 1 0
2023398389 16 0 1 1
2023406313 16 0 1 0
2023411621 16 0 1 1
2023420164 16 0 1 0
2023425337 16 0 1 1
2023435735 16 0 1 0
2023440572 16 0 1 1
2023448463 16 0 1 0
2023453383 16 0 1 1
2023461966 16 0 1 0
2023467135 16 0 1 1
2023475689 16 0 1 0
2023480277 16 0 1 1
2023487680 16 0 1 0
2023492936 16 0 1 1
2023501711 16 0 1 0
2023506797 16 0 1 1
2023514809 16 0 1 0
2023520012 16 0 1 1
2023527150 16 0 1 0
2023532462 16 0 1 1
2023536581 16 0 1 0
2023541588 16 0 1 1
2023545935 16 0 1 0
2023550689 16 0 1 1
2023555038 16 0 1 0
2023560378 16 0 1 1
2023564550 16 0 1 0
2023567986 16 0 1 1
2023572213 16 0 1 0
2023577303 16 0 1 1
2023581770 16 0 1 0
2023586607 16 0 1 1
2023590894 16 0 1 0
2023596151 16 0 1 1
2023600463 16 0 1 0
2023603925 16 0 1 1
2023608383 16 0 1 0
2023613469 16 0 1 1
2023618023 16 0 1 0
2023623030 16 0 1 1
2023626378 16 0 1 0
2023631481 16 0 1 1
2023635765 16 0 1 0
2023640689 16 0 1 1
2023644792 16 0 1 0
2023648164 16 0 1 1
2023651774 16 0 1 0
2023656698 16 0 1 1
2023661278 16 0 1 0
2023668359 16 0 1 1
2023671598 16 0 1 0
2023675688 16 0 1 1
2023679714 16 0 1 0
2023684559 16 0 1 1
2023688759 16 0 1 0
2023693687 16 0 1 1
2023698915 16 0 1 0
2023703760 16 0 1 1
2023708051 16 0 1 0
2023713062 16 0 1 1
2023718089 16 0 1 0
2023722930 16 0 1 1
2023726393 16 0 1 0
2023730919 16 0 1 1
2023735468 16 0 1 0
2023742238 16 0 1 1
2023745579 16 0 1 0
2023784202 16 0 1 1
2023786533 16 0 1 0
2023843564 16 0 1 1
2023845985 16 0 1 0
2023869494 16 0 1 1
2023872130 16 0 1 0
2023890060 16 0 1 1
2023892679 16 0 1 0
2023911065 16 0 1 1
2023913665 16 0 1 0
2023932423 16 0 1 1
2023935007 16 0 1 0
2023952938 16 0 1 1
2023955504 16 0 1 0
2023972966 16 0 1 1
2023975615 16 0 1 0
2023991391 16 0 1 1
2023994136 16 0 1 0
2024505213 19 0 1 1
2024508063 19 0 1 0
2025512955 1 0 1 1
2025516343 1 0 1 0
2025522759 1 0 1 1
2025526305 1 0 1 0
2025532511 1 0 1 1
2025536010 1 0 1 0
2025542026 1 0 1 1
2025546342 1 0 1 0
2025552073 1 0 1 1
2025555721 1 0 1 0
2025560188 1 0 1 1
2025564440 1 0 1 0
2025569274 1 0 1 1
2025574400 1 0 1 0
2025579560 1 0 1 1
2025585186 1 0 1 0
2025590260 1 0 1 1
2025595972 1 0 1 0
2025599518 1 0 1 1
2025606268 1 0 1 0
2025609798 1 0 1 1
2025615934 1 0 1 0
2025619120 1 0 1 1
2025624658 1 0 1 0
2025628425 1 0 1 1
2025635224 1 0 1 0
2025639576 1 0 1 1
2025646703 1 0 1 0
2025650810 1 0 1 1
2025657522 1 0 1 0
2025660870 1 0 1 1
2025665906 1 0 1 0
2025669424 1 0 1 1
2025675626 1 0 1 0
2025679460 1 0 1 1
2025686301 1 0 1 0
2025690296 1 0 1 1
2025697575 1 0 1 0
2025701740 1 0 1 1
2025709217 1 0 1 0
2025712465 1 0 1 1
2025719436 1 0 1 0
2025722850 1 0 1 1
2025730036 1 0 1 0
2025733367 1 0 1 1
2025740522 1 0 1 0
2025745098 1 0 1 1
2025751021 1 0 1 0
2025755099 1 0 1 1
2025761193 1 0 1 0
2025764856 1 0 1 1
2025770249 1 0 1 0
2025773912 1 0 1 1
2025780222 1 0 1 0
2025783470 1 0 1 1
2025790970 1 0 1 0
2025794135 1 0 1 1
2025800405 1 0 1 0
2025803736 1 0 1 1
2025810374 1 0 1 0
2025813871 1 0 1 1
2025820252 1 0 1 0
2025823666 1 0 1 1
2025830371 1 0 1 0
2025833785 1 0 1 1
2025838374 1 0 1 0
2025843365 1 0 1 1
2025847584 1 0 1 0
2025852575 1 0 1 1
2025855869 1 0 1 0
2025864014 1 0 1 1
2025866996 1 0 1 0
2025875473 1 0 1 1
2025878459 1 0 1 0
2025886521 1 0 1 1
2025886674 1 0 1 0
2025887185 1 0 1 1
2025890167 1 0 1 0
2025899308 1 0 1 1
2025902543 1 0 1 0
2025908613 1 0 1 1
2025912994 1 0 1 0
2025917985 1 0 1 1
2025921490 1 0 1 0
2025929386 1 0 1 1
2025932514 1 0 1 0
2025940825 1 0 1 1
2025944198 1 0 1 0
2025953343 1 0 1 1
2025956293 1 0 1 0
2025967343 1 0 1 1
2025970493 1 0 1 0
2025981045 1 0 1 1
2025983886 1 0 1 0
2025992778 1 0 1 1
2025995554 1 0 1 0
2026005193 1 0 1 1
2026008139 1 0 1 0
2026018442 1 0 1 1
2026021297 1 0 1 0
2026036003 1 0 1 1
2026038625 1 0 1 0
2026058058 1 0 1 1
2026059004 1 0 1 0
2026184339 2 0 1 1
2026187666 2 0 1 0
2026194663 2 0 1 1
2026198173 2 0 1 0
2026206600 2 0 1 1
2026210110 2 0 1 0
2026217269 2 0 1 1
2026220235 2 0 1 0
2026227264 2 0 1 1
2026230652 2 0 1 0
2026238707 2 0 1 1
2026242126 2 0 1 0
2026249057 2 0 1 1
2026252379 2 0 1 0
2026260579 2 0 1 1
2026263893 2 0 1 0
2026270913 2 0 1 1
2026274293 2 0 1 0
2026282243 2 0 1 1
2026285659 2 0 1 0
2026292967 2 0 1 1
2026296086 2 0 1 0
2026303565 2 0 1 1
2026306888 2 0 1 0
2026314939 2 0 1 1
2026318342 2 0 1 0
2026325327 2 0 1 1
2026328636 2 0 1 0
2026336479 2 0 1 1
2026339884 2 0 1 0
2026347097 2 0 1 1
2026350752 2 0 1 0
2026356731 2 0 1 1
2026360137 2 0 1 0
2026371354 2 0 1 1
2026375175 2 0 1 0
2026380988 2 0 1 1
2026385058 2 0 1 0
2026390788 2 0 1 1
2026394609 2 0 1 0
2026399841 2 0 1 1
2026403496 2 0 1 0
2026408811 2 0 1 1
2026412715 2 0 1 0
2026418113 2 0 1 1
2026421934 2 0 1 0
2026427332 2 0 1 1
2026431236 2 0 1 0
2026436551 2 0 1 1
2026440289 2 0 1 0
2026445521 2 0 1 1
2026449508 2 0 1 0
2026455238 2 0 1 1
2026459225 2 0 1 0
2026464955 2 0 1 1
2026468859 2 0 1 0
2026474672 2 0 1 1
2026478825 2 0 1 0
2026484140 2 0 1 1
2026487961 2 0 1 0
2026493691 2 0 1 1
2026493998 0 0 1 1
2026497097 2 0 1 0
2026503823 2 0 1 1
2026507289 0 0 1 0
2026507395 2 0 1 0
2026510292 0 0 1 1
2026513540 2 0 1 1
2026517444 2 0 1 0
2026521873 0 0 1 0
2026523589 2 0 1 1
2026524716 0 0 1 1
2026527281 2 0 1 0
2026533177 2 0 1 1
2026535068 0 0 1 0
2026536998 2 0 1 0
2026537905 0 0 1 1
2026541815 2 0 1 1
2026545885 2 0 1 0
2026550785 2 0 1 1
2026552425 0 0 1 0
2026555009 0 0 1 1
2026555270 2 0 1 0
2026560087 2 0 1 1
2026564738 2 0 1 0
2026569638 2 0 1 1
2026571682 0 0 1 0
2026573791 2 0 1 0
2026574353 0 0 1 1
2026578940 2 0 1 1
2026583010 2 0 1 0
2026585327 0 0 1 0
2026587661 2 0 1 1
2026588006 0 0 1 1
2026592727 2 0 1 0
2026594532 0 0 1 0
2026595386 2 0 1 1
2026600867 2 0 1 0
2026604083 0 0 1 1
2026605684 2 0 1 1
2026607069 0 0 1 0
2026609671 2 0 1 0
2026612330 2 0 1 1
2026617396 2 0 1 0
2026619181 0 0 1 1
2026622545 0 0 1 0
2026623292 2 0 1 1
2026627113 2 0 1 0
2026628363 0 0 1 1
2026630270 2 0 1 1
2026630619 0 0 1 0
2026634672 2 0 1 0
2026636856 0 0 1 1
2026640485 2 0 1 1
2026640692 0 0 1 0
2026646215 2 0 1 0
2026649405 0 0 1 1
2026652028 2 0 1 1
2026652555 0 0 1 0
2026655600 2 0 1 0
2026658358 0 0 1 1
2026659753 2 0 1 1
2026660558 0 0 1 0
2026664653 2 0 1 0
2026668479 0 0 1 1
2026670051 2 0 1 1
2026671483 0 0 1 0
2026673208 2 0 1 0
2026677029 2 0 1 1
2026681763 2 0 1 0
2026682113 0 0 1 1
2026684990 0 0 1 0
2026688406 2 0 1 1
2026694385 2 0 1 0
2026695936 0 0 1 1
2026698978 0 0 1 0
2026700779 2 0 1 1
2026704600 2 0 1 0
2026705674 0 0 1 1
2026708174 0 0 1 0
2026708836 2 0 1 1
2026713321 2 0 1 0
2026717505 0 0 1 1
2026719171 2 0 1 1
2026720812 0 0 1 0
2026725406 2 0 1 0
2026729641 0 0 1 1
2026730343 2 0 1 1
2026732893 0 0 1 0
2026734324 2 0 1 0
2026738556 0 0 1 1
2026739246 2 0 1 1
2026740832 0 0 1 0
2026745218 2 0 1 0
2026747997 0 0 1 1
2026750115 2 0 1 1
2026751358 0 0 1 0
2026753739 2 0 1 0
2026756838 2 0 1 1
2026757780 0 0 1 1
2026760578 2 0 1 0
2026761254 0 0 1 0
2026766400 2 0 1 1
2026766600 0 0 1 1
2026769647 0 0 1 0
2026772307 2 0 1 0
2026777109 2 0 1 1
2026777231 0 0 1 1
2026780577 0 0 1 0
2026781031 2 0 1 0
2026785751 2 0 1 1
2026789064 0 0 1 1
2026791532 2 0 1 0
2026796149 0 0 1 0
2026797864 2 0 1 1
2026799488 0 0 1 1
2026804450 0 0 1 0
2026804533 2 0 1 0
2026807623 0 0 1 1
2026809583 2 0 1 1
2026813846 2 0 1 0
2026816028 0 0 1 0
2026817468 2 0 1 1
2026820197 0 0 1 1
2026822948 2 0 1 0
2026827930 2 0 1 1
2026828610 0 0 1 0
2026833364 0 0 1 1
2026836413 0 0 1 0
2026837251 2 0 1 0
2026840416 0 0 1 1
2026840867 2 0 1 1
2026846228 0 0 1 0
2026846477 2 0 1 0
2026850061 0 0 1 1
2026850174 2 0 1 1
2026853359 0 0 1 0
2026857794 0 0 1 1
2026861802 2 0 1 0
2026862585 0 0 1 0
2026864992 2 0 1 1
2026867278 0 0 1 1
2026871977 2 0 1 0
2026872811 0 0 1 0
2026875937 2 0 1 1
2026876411 0 0 1 1
2026880954 0 0 1 0
2026886827 0 0 1 1
2026887492 2 0 1 0
2026891342 2 0 1 1
2026892275 0 0 1 0
2026896093 0 0 1 1
2026897422 2 0 1 0
2026900306 2 0 1 1
2026900580 0 0 1 0
2026906457 0 0 1 1
2026910468 2 0 1 0
2026911830 0 0 1 0
2026914393 2 0 1 1
2026915517 0 0 1 1
2026919807 0 0 1 0
2026925685 0 0 1 1
2026925934 2 0 1 0
2026929716 2 0 1 1
2026931389 0 0 1 0
2026935159 0 0 1 1
2026935587 2 0 1 0
2026937951 2 0 1 1
2026938607 0 0 1 0
2026943730 0 0 1 1
2026946971 2 0 1 0
2026949090 0 0 1 0
2026950845 2 0 1 1
2026952781 0 0 1 1
2026956462 0 0 1 0
2026961822 0 0 1 1
2026962474 2 0 1 0
2026966278 2 0 1 1
2026967514 0 0 1 0
2026971396 0 0 1 1
2026974878 0 0 1 0
2026977481 2 0 1 0
2026980167 0 0 1 1
2026981240 2 0 1 1
2026983098 0 0 1 0
2026986920 2 0 1 0
2026990762 2 0 1 1
2027000786 2 0 1 0
2027007803 2 0 1 1
2027016215 2 0 1 0
2027021732 2 0 1 1
2027025849 2 0 1 0
2027028524 2 0 1 1
2027035811 2 0 1 0
2027040569 2 0 1 1
2027045010 2 0 1 0
2027047754 2 0 1 1
2027055379 2 0 1 0
2027060658 2 0 1 1
2027064408 2 0 1 0
2027067581 2 0 1 1
2027074188 2 0 1 0
2027079796 2 0 1 1
2027084047 2 0 1 0
2027086805 2 0 1 1
2027093633 2 0 1 0
2027100486 2 0 1 1
2027108701 2 0 1 0
2027116384 2 0 1 1
2027119844 2 0 1 0
2027134227 2 0 1 1
2027137587 2 0 1 0
2027147369 2 0 1 1
2027149844 2 0 1 0
2027156784 2 0 1 1
2027160491 2 0 1 0
2027203864 2 0 1 1
2027206361 2 0 1 0
2027225774 2 0 1 1
2027231369 2 0 1 0
2027244023 2 0 1 1
2027249481 2 0 1 0
2027260691 2 0 1 1
2027262909 2 0 1 0
2027267186 2 0 1 1
2027271709 2 0 1 0
2027277843 2 0 1 1
2027284165 2 0 1 0
2027290415 2 0 1 1
2027295625 2 0 1 0
2027300079 2 0 1 1
2027305052 2 0 1 0
2027311953 2 0 1 1
2027315156 2 0 1 0
2027317918 2 0 1 1
2027320631 2 0 1 0
2027327280 2 0 1 1
2027332141 2 0 1 0
2027338624 2 0 1 1
2027342356 2 0 1 0
2027346051 2 0 1 1
2027350250 2 0 1 0
2027355542 2 0 1 1
2027360310 2 0 1 0
2027365508 2 0 1 1
2027369143 2 0 1 0
2027373159 2 0 1 1
2027377447 2 0 1 0
2027382810 2 0 1 1
2027387053 2 0 1 0
2027392499 2 0 1 1
2027397833 2 0 1 0
2027403279 2 0 1 1
2027407747 2 0 1 0
2027411754 2 0 1 1
2027418404 2 0 1 0
2027424280 2 0 1 1
2027433144 2 0 1 0
2027438760 2 0 1 1
2027442682 2 0 1 0
2027446693 2 0 1 1
2027453374 2 0 1 0
2027458820 2 0 1 1
2027470524 2 0 1 0
2027475287 2 0 1 1
2027481154 2 0 1 0
2027485328 2 0 1 1
2027497275 2 0 1 0
2027501717 2 0 1 1
2027508553 2 0 1 0
2027513067 2 0 1 1
2027525832 2 0 1 0
2027892425 3 0 1 1
2027893891 3 0 1 0
2027900230 3 0 1 1
2027902662 3 0 1 0
2027914934 3 0 1 1
2027918108 3 0 1 0
2027931712 3 0 1 1
2027934811 3 0 1 0
2027942448 0 0 1 1
2027947777 0 0 1 0
2027951883 0 0 1 1
2027952502 3 0 1 1
2027954739 3 0 1 0
2027956706 0 0 1 0
2027960782 0 0 1 1
2027965846 0 0 1 0
2027969848 0 0 1 1
2027974809 0 0 1 0
2027979125 0 0 1 1
2027984154 0 0 1 0
2027988172 0 0 1 1
2027993484 0 0 1 0
2027997487 0 0 1 1
2028002784 0 0 1 0
2028006759 0 0 1 1
2028011914 0 0 1 0
2028020430 0 0 1 1
2028023243 0 0 1 0
2028028660 0 0 1 1
2028033751 0 0 1 0
2028037546 0 0 1 1
2028041160 0 0 1 0
2028045932 3 0 1 1
2028048158 3 0 1 0
2028053407 0 0 1 1
2028058651 0 0 1 0
2028062726 0 0 1 1
2028068129 0 0 1 0
2028072185 0 0 1 1
2028077463 0 0 1 0
2028081567 0 0 1 1
2028086821 0 0 1 0
2028090813 0 0 1 1
2028096130 0 0 1 0
2028100325 0 0 1 1
2028105641 0 0 1 0
2028109777 0 0 1 1
2028115310 0 0 1 0
2028119452 0 0 1 1
2028124834 0 0 1 0
2028128806 0 0 1 1
2028134110 0 0 1 0
2028138257 0 0 1 1
2028143542 0 0 1 0
2028147431 0 0 1 1
2028152643 0 0 1 0
2028156742 0 0 1 1
2028162019 0 0 1 0
2028167147 0 0 1 1
2028170531 0 0 1 0
2028177263 7 0 1 1
2028177785 0 0 1 1
2028181214 0 0 1 0
2028181867 7 0 1 0
2028186408 7 0 1 1
2028188459 0 0 1 1
2028190930 7 0 1 0
2028191895 0 0 1 0
2028195471 7 0 1 1
2028199902 7 0 1 0
2028200340 0 0 1 1
2028203583 0 0 1 0
2028212396 0 0 1 1
2028215560 0 0 1 0
2028224929 0 0 1 1
2028228043 0 0 1 0
2028236932 0 0 1 1
2028240193 0 0 1 0
2028249634 0 0 1 1
2028252590 0 0 1 0
2028264706 0 0 1 1
2028267595 0 0 1 0
2028278736 0 0 1 1
2028281625 0 0 1 0
2028292157 0 0 1 1
2028294948 0 0 1 0
2028305740 0 0 1 1
2028308742 0 0 1 0
2028319743 0 0 1 1
2028322550 0 0 1 0
2028332061 0 0 1 1
2028335104 0 0 1 0
2028344291 0 0 1 1
2028347492 0 0 1 0
2028356326 0 0 1 1
2028359314 0 0 1 0
2028368324 0 0 1 1
2028371468 0 0 1 0
2028380230 0 0 1 1
2028383203 0 0 1 0
2028390955 0 0 1 1
2028394672 0 0 1 0
2028400752 0 0 1 1
2028403664 0 0 1 0
2028792194 5 0 1 1
2028798001 5 0 1 0
2028801921 5 0 1 1
2028807632 5 0 1 0
2028811469 5 0 1 1
2028813938 5 0 1 0
2050463726 5 0 1 1
2050467691 5 0 1 0
2050472785 5 0 1 1
2050476825 5 0 1 0
2050481923 5 0 1 1
2050486003 5 0 1 0
2050491098 5 0 1 1
2050495018 5 0 1 0
2050500029 5 0 1 1
2050504073 5 0 1 0
2050509311 5 0 1 1
2050513456 5 0 1 0
2050518554 5 0 1 1
2050522594 5 0 1 0
2050527688 5 0 1 1
2050531649 5 0 1 0
2050536830 5 0 1 1
2050540787 5 0 1 0
2050871811 6 0 1 1
2050875509 6 0 1 0
2050882185 6 0 1 1
2050885975 6 0 1 0
2050892651 6 0 1 1
2050896358 6 0 1 0
2050908704 6 0 1 1
2050912219 6 0 1 0
2050931045 6 0 1 1
2050934392 6 0 1 0
2050952813 6 0 1 1
2050955984 6 0 1 0
2050974405 6 0 1 1
2050977497 6 0 1 0
2051006988 6 0 1 1
2051009740 6 0 1 0
2051031401 6 0 1 1
2051034071 6 0 1 0
2051055327 6 0 1 1
2051057908 6 0 1 0
2051080649 6 0 1 1
2051083488 6 0 1 0
2056250092 4 0 1 1
2056253913 4 0 1 0
2056259809 4 0 1 1
2056263713 4 0 1 0
2056269609 4 0 1 1
2056273347 4 0 1 0
2056279492 4 0 1 1
2056282151 4 0 1 0
2062924063 13 0 1 1
2062927579 13 0 1 0
2062935281 13 0 1 1
2062938535 13 0 1 0
2062945904 13 0 1 1
2062949159 13 0 1 0
2062956528 13 0 1 1
2062959949 13 0 1 0
2062967401 13 0 1 1
2062970656 13 0 1 0
2062978025 13 0 1 1
2062981197 13 0 1 0
2063003220 13 0 1 1
2063006512 13 0 1 0
2063014214 13 0 1 1
2063017717 13 0 1 0
2063025377 13 0 1 1
2063028673 13 0 1 0
2063035417 13 0 1 1
2063039048 13 0 1 0
2063045186 13 0 1 1
2063048759 13 0 1 0
2063054814 13 0 1 1
2063058387 13 0 1 0
2063064442 13 0 1 1
2063068015 13 0 1 0
2063074153 13 0 1 1
2063077892 13 0 1 0
2063084325 13 0 1 1
2063088101 13 0 1 0
2063094617 13 0 1 1
2063098393 13 0 1 0
2063104531 13 0 1 1
2063108104 13 0 1 0
2063114159 13 0 1 1
2063117732 13 0 1 0
2063123787 13 0 1 1
2063127360 13 0 1 0
2063133498 13 0 1 1
2063137071 13 0 1 0
2063143126 13 0 1 1
2063146699 13 0 1 0
2063152837 13 0 1 1
2063156410 13 0 1 0
2063162465 13 0 1 1
2063166038 13 0 1 0
2063172176 13 0 1 1
2063175749 13 0 1 0
2063181804 13 0 1 1
2063185543 13 0 1 0
2063192059 13 0 1 1
2063195835 13 0 1 0
2063202268 13 0 1 1
2063206044 13 0 1 0
2063212182 13 0 1 1
2063215755 13 0 1 0
2063221810 13 0 1 1
2063225383 13 0 1 0
2063231438 13 0 1 1
2063235011 13 0 1 0
2063241209 13 0 1 1
2063244805 13 0 1 0
2063250860 13 0 1 1
2063254433 13 0 1 0
2063260488 13 0 1 1
2063264061 13 0 1 0
2063270199 13 0 1 1
2063273772 13 0 1 0
2063279827 13 0 1 1
2063283400 13 0 1 0
2063289455 13 0 1 1
2063293194 13 0 1 0
2063299710 13 0 1 1
2063303486 13 0 1 0
2063309919 13 0 1 1
2063313612 13 0 1 0
2063319667 13 0 1 1
2063323240 13 0 1 0
2063329295 13 0 1 1
2063332868 13 0 1 0
2063339006 13 0 1 1
2063341076 14 0 1 1
2063342579 13 0 1 0
2063343990 14 0 1 0
2063349201 13 0 1 1
2063351510 14 0 1 1
2063352788 13 0 1 0
2063354448 14 0 1 0
2063359493 13 0 1 1
2063361825 14 0 1 1
2063363080 13 0 1 0
2063364740 14 0 1 0
2063369785 13 0 1 1
2063372288 14 0 1 1
2063373372 13 0 1 0
2063375198 14 0 1 0
2063380077 13 0 1 1
2063382900 14 0 1 1
2063383747 13 0 1 0
2063385656 14 0 1 0
2063390452 13 0 1 1
2063392926 14 0 1 1
2063394039 13 0 1 0
2063395201 14 0 1 0
2063397531 13 0 1 1
2063401177 13 0 1 0
2063407292 13 0 1 1
2063412631 13 0 1 0
2063416439 14 0 1 1
2063419147 13 0 1 1
2063419769 14 0 1 0
2063424334 13 0 1 0
2063430767 13 0 1 1
2063436286 13 0 1 0
2063441727 14 0 1 1
2063442719 13 0 1 1
2063444503 14 0 1 0
2063447823 13 0 1 0
2063454256 13 0 1 1
2063460326 13 0 1 0
2063464574 13 0 1 1
2063468709 13 0 1 0
2063474669 14 0 1 1
2063474764 13 0 1 1
2063478005 14 0 1 0
2063478171 13 0 1 0
2063484793 13 0 1 1
2063490206 13 0 1 0
2063494203 14 0 1 1
2063496616 13 0 1 1
2063497676 14 0 1 0
2063501826 13 0 1 0
2063508259 13 0 1 1
2063513695 13 0 1 0
2063519922 14 0 1 1
2063520211 13 0 1 1
2063522576 14 0 1 0
2063525315 13 0 1 0
2063531951 13 0 1 1
2063537101 13 0 1 0
2063541942 14 0 1 1
2063543937 13 0 1 1
2063544654 14 0 1 0
2063548887 13 0 1 0
2063555236 13 0 1 1
2063560341 13 0 1 0
2063564452 14 0 1 1
2063566500 13 0 1 1
2063566981 14 0 1 0
2063571214 13 0 1 0
2063577734 13 0 1 1
2063583083 13 0 1 0
2063583857 49 1 7 1
2063586779 14 0 1 1
2063589729 13 0 1 1
2063589972 14 0 1 0
2063594703 13 0 1 0
2063601052 13 0 1 1
2063606074 13 0 1 0
2063610490 14 0 1 1
2063612129 13 0 1 1
2063612714 14 0 1 0
2063616781 13 0 1 0
2063623025 13 0 1 1
2063628152 13 0 1 0
2063631504 14 0 1 1
2063634396 13 0 1 1
2063634460 14 0 1 0
2063639025 13 0 1 0
2063645184 13 0 1 1
2063650147 13 0 1 0
2063654258 14 0 1 1
2063656306 13 0 1 1
2063656787 14 0 1 0
2063661020 13 0 1 0
2063667262 13 0 1 1
2063672225 13 0 1 0
2063675865 14 0 1 1
2063678384 13 0 1 1
2063678699 14 0 1 0
2063683098 13 0 1 0
2063689342 13 0 1 1
2063694469 13 0 1 0
2063698641 14 0 1 1
2063701008 13 0 1 1
2063701441 14 0 1 0
2063705923 13 0 1 0
2063712569 13 0 1 1
2063717875 13 0 1 0
2063721959 14 0 1 1
2063724034 13 0 1 1
2063724515 14 0 1 0
2063728748 13 0 1 0
2063734992 13 0 1 1
2063739953 13 0 1 0
2063743593 14 0 1 1
2063746008 13 0 1 1
2063746344 14 0 1 0
2063750826 13 0 1 0
2063757175 13 0 1 1
2063762197 13 0 1 0
2063765998 14 0 1 1
2063768273 13 0 1 1
2063768671 14 0 1 0
2063772904 13 0 1 0
2063779170 13 0 1 1
2063784192 13 0 1 0
2063788037 14 0 1 1
2063790351 13 0 1 1
2063790749 14 0 1 0
2063794982 13 0 1 0
2063801226 13 0 1 1
2063806270 13 0 1 0
2063810115 14 0 1 1
2063812325 13 0 1 1
2063812744 14 0 1 0
2063817060 13 0 1 0
2063823682 13 0 1 1
2063829012 13 0 1 0
2063832830 14 0 1 1
2063835528 13 0 1 1
2063835901 14 0 1 0
2063840466 13 0 1 0
2063846710 13 0 1 1
2063851671 13 0 1 0
2063855843 14 0 1 1
2063857726 13 0 1 1
2063858228 14 0 1 0
2063862378 13 0 1 0
2063868727 13 0 1 1
2063870970 14 0 1 1
2063872255 13 0 1 0
2063874164 14 0 1 0
2063878984 13 0 1 1
2063882464 13 0 1 0
2063882586 14 0 1 1
2063885950 14 0 1 0
2063889383 13 0 1 1
2063892839 13 0 1 0
2063894948 14 0 1 1
2063898732 14 0 1 0
2063899568 13 0 1 1
2063902882 13 0 1 0
2063907586 14 0 1 1
2063909611 13 0 1 1
2063910186 14 0 1 0
2063913174 13 0 1 0
2063917456 14 0 1 1
2063919879 13 0 1 1
2063920395 14 0 1 0
2063923632 13 0 1 0
2063927511 13 0 1 1
2063931351 13 0 1 0
2063935729 14 0 1 1
2063937403 13 0 1 1
2063937908 14 0 1 0
2063942971 13 0 1 0
2063948058 14 0 1 1
2063948615 14 0 1 0
2063949700 13 0 1 1
2063953927 13 0 1 0
2063958045 14 0 1 1
2063960383 13 0 1 1
2063960816 14 0 1 0
2063966294 13 0 1 0
2063973023 13 0 1 1
2063977499 13 0 1 0
2063981478 14 0 1 1
2063983848 13 0 1 1
2063984222 14 0 1 0
2063989949 13 0 1 0
2063994588 13 0 1 1
2063999079 13 0 1 0
2064005594 13 0 1 1
2064008873 13 0 1 0
2064009348 14 0 1 1
2064012691 14 0 1 0
2064015115 13 0 1 1
2064020742 13 0 1 0
2064027174 13 0 1 1
2064031366 13 0 1 0
2064033929 14 0 1 1
2064037591 14 0 1 0
2064037905 13 0 1 1
2064043484 13 0 1 0
2064050213 13 0 1 1
2064054938 13 0 1 0
2064059981 14 0 1 1
2064061370 13 0 1 1
2064062159 14 0 1 0
2064067139 13 0 1 0
2064074058 13 0 1 1
2064078842 13 0 1 0
2064081669 14 0 1 1
2064084984 14 0 1 0
2064085167 13 0 1 1
2064090711 13 0 1 0
2064096977 13 0 1 1
2064101252 13 0 1 0
2064105790 14 0 1 1
2064107601 13 0 1 1
2064108141 14 0 1 0
2064113370 13 0 1 0
2064120099 13 0 1 1
2064124492 13 0 1 0
2064127651 14 0 1 1
2064130800 14 0 1 0
2064130841 13 0 1 1
2064134950 13 0 1 0
2064161254 14 0 1 1
2064164332 14 0 1 0
2064184418 14 0 1 1
2064186576 14 0 1 0
2064205942 14 0 1 1
2064208571 14 0 1 0
2064228657 14 0 1 1
2064231230 14 0 1 0
2064252036 14 0 1 1
2064254387 14 0 1 0
2064273753 14 0 1 1
2064276299 14 0 1 0
2064296097 14 0 1 1
2064298460 14 0 1 0
2064318114 14 0 1 1
2064320621 14 0 1 0
2064340131 14 0 1 1
2064342533 14 0 1 0
2064362907 14 0 1 1
2064365690 14 0 1 0
2064385920 14 0 1 1
2064388100 14 0 1 0
2064400986 14 0 1 1
2064404451 14 0 1 0
2064413305 14 0 1 1
2064416901 14 0 1 0
2064426331 14 0 1 1
2064429019 14 0 1 0
2064438161 14 0 1 1
2064439726 14 0 1 0
2064447140 14 0 1 1
2064450101 14 0 1 0
2064465723 14 0 1 1
2064467697 14 0 1 0
2064487495 14 0 1 1
2064490605 14 0 1 0
2064511555 14 0 1 1
2064514011 14 0 1 0
2064543889 14 0 1 1
2064544306 14 0 1 0
2064565112 14 0 1 1
2064567380 14 0 1 0
2064709866 14 0 1 1
2064712727 14 0 1 0
2064751965 14 0 1 1
2064755057 14 0 1 0
2064794857 14 0 1 1
2064798051 14 0 1 0
2064837031 14 0 1 1
2064840215 14 0 1 0
2064879624 14 0 1 1
2064883043 14 0 1 0
2064915731 14 0 1 1
2064919148 14 0 1 0
2064937536 14 0 1 1
2064940728 14 0 1 0
2064962548 14 0 1 1
2064964964 14 0 1 0
2064994649 14 0 1 1
2064997583 14 0 1 0
2065592404 14 0 1 1
2065595070 14 0 1 0
2065613315 14 0 1 1
2065615986 14 0 1 0
2065634088 14 0 1 1
2065636819 14 0 1 0
2065647158 13 0 1 1
2065650929 13 0 1 0
2065656900 13 0 1 1
2065659640 14 0 1 1
2065660640 13 0 1 0
2065661885 14 0 1 0
2065666944 13 0 1 1
2065670766 13 0 1 0
2065676626 13 0 1 1
2065680477 13 0 1 0
2065686559 13 0 1 1
2065690354 13 0 1 0
2065693572 14 0 1 1
2065696247 14 0 1 0
2065696325 13 0 1 1
2065699899 13 0 1 0
2065705870 13 0 1 1
2065709610 13 0 1 0
2065715359 13 0 1 1
2065719155 13 0 1 0
2065725126 13 0 1 1
2065726790 14 0 1 1
2065728866 13 0 1 0
2065729281 14 0 1 0
2065735170 13 0 1 1
2065738909 13 0 1 0
2065744547 13 0 1 1
2065748122 13 0 1 0
2065753982 13 0 1 1
2065757833 13 0 1 0
2065762398 14 0 1 1
2065763693 13 0 1 1
2065764971 14 0 1 0
2065767046 13 0 1 0
2065772906 13 0 1 1
2065776757 13 0 1 0
2065782617 13 0 1 1
2065786468 13 0 1 0
2065792550 13 0 1 1
2065795514 14 0 1 1
2065796345 13 0 1 0
2065797839 14 0 1 0
2065802649 13 0 1 1
2065806388 13 0 1 0
2065812026 13 0 1 1
2065815601 13 0 1 0
2065821461 13 0 1 1
2065825312 13 0 1 0
2065828954 14 0 1 1
2065831172 13 0 1 1
2065831537 14 0 1 0
2065834691 13 0 1 0
2065840884 13 0 1 1
2065844734 13 0 1 0
2065850483 13 0 1 1
2065854279 13 0 1 0
2065860250 13 0 1 1
2065862080 14 0 1 1
2065863990 13 0 1 0
2065864488 14 0 1 0
2065870294 13 0 1 1
2065874116 13 0 1 0
2065879976 13 0 1 1
2065883578 13 0 1 0
2065889216 13 0 1 1
2065892957 13 0 1 0
2065897176 14 0 1 1
2065898706 13 0 1 1
2065899763 14 0 1 0
2065902170 13 0 1 0
2065908363 13 0 1 1
2065912213 13 0 1 0
2065918073 13 0 1 1
2065921924 13 0 1 0
2065927895 13 0 1 1
2065930306 14 0 1 1
2065931635 13 0 1 0
2065932631 14 0 1 0
2065937939 13 0 1 1
2065941761 13 0 1 0
2065947621 13 0 1 1
2065951472 13 0 1 0
2065957665 13 0 1 1
2065961515 13 0 1 0
2065964747 14 0 1 1
2065967408 14 0 1 0
2065967486 13 0 1 1
2065971060 13 0 1 0
2065977031 13 0 1 1
2065980771 13 0 1 0
2065986631 13 0 1 1
2065990482 13 0 1 0
2065996675 13 0 1 1
2065996807 14 0 1 1
2065999612 13 0 1 0
2066000110 14 0 1 0
2066009024 13 0 1 1
2066009346 14 0 1 1
2066012145 13 0 1 0
2066012394 14 0 1 0
2066021344 14 0 1 1
2066021557 13 0 1 1
2066024346 14 0 1 0
2066024678 13 0 1 0
2066033725 14 0 1 1
2066033757 13 0 1 1
2066036796 13 0 1 0
2066036879 14 0 1 0
2066045986 13 0 1 1
2066046115 14 0 1 1
2066048997 13 0 1 0
2066049246 14 0 1 0
2066058196 14 0 1 1
2066058409 13 0 1 1
2066061198 14 0 1 0
2066061530 13 0 1 0
2066070577 14 0 1 1
2066070609 13 0 1 1
2066073648 13 0 1 0
2066073731 14 0 1 0
2066082838 13 0 1 1
2066082967 14 0 1 1
2066085849 13 0 1 0
2066086098 14 0 1 0
2066095048 14 0 1 1
2066095261 13 0 1 1
2066098050 14 0 1 0
2066098382 13 0 1 0
2066107429 14 0 1 1
2066107461 13 0 1 1
2066109006 13 0 1 0
2066112326 14 0 1 0
2066118529 13 0 1 1
2066120704 14 0 1 1
2066121622 13 0 1 0
2066123531 14 0 1 0
2066130812 13 0 1 1
2066131909 14 0 1 1
2066133906 13 0 1 0
2066136313 14 0 1 0
2066144262 14 0 1 1
2066147518 14 0 1 0
2066147980 13 0 1 1
2066150921 13 0 1 0
2066156897 14 0 1 1
2066159334 13 0 1 1
2066160051 14 0 1 0
2066161462 13 0 1 0
2066164568 14 0 1 1
2066168019 14 0 1 0
2066172983 13 0 1 1
2066176070 13 0 1 0
2066179266 13 0 1 1
2066182544 13 0 1 0
2066186264 14 0 1 1
2066186777 14 0 1 0
2066187738 13 0 1 1
2066190346 13 0 1 0
2066191008 14 0 1 1
2066193998 14 0 1 0
2066196872 13 0 1 1
2066200970 13 0 1 0
2066206719 13 0 1 1
2066210847 13 0 1 0
2066216929 13 0 1 1
2066221305 13 0 1 0
2066224398 14 0 1 1
2066225206 14 0 1 0
2066228608 13 0 1 1
2066231680 13 0 1 0
2066234585 14 0 1 1
2066235000 14 0 1 0
2066236208 13 0 1 1
2066239731 13 0 1 0
2066244379 14 0 1 1
2066245043 14 0 1 0
2066245480 13 0 1 1
2066249608 13 0 1 0
2066255579 13 0 1 1
2066257425 14 0 1 1
2066258489 13 0 1 0
2066260315 14 0 1 0
2066264904 13 0 1 1
2066269030 13 0 1 0
2066274668 13 0 1 1
2066278658 13 0 1 0
2066284518 13 0 1 1
2066288618 13 0 1 0
2066292574 14 0 1 1
2066293100 14 0 1 0
2066295921 13 0 1 1
2066297903 14 0 1 1
2066298993 13 0 1 0
2066300819 14 0 1 0
2066303521 13 0 1 1
2066306961 13 0 1 0
2066312710 13 0 1 1
2066316838 13 0 1 0
2066322920 13 0 1 1
2066325968 13 0 1 0
2066330933 14 0 1 1
2066331778 14 0 1 0
2066332161 13 0 1 1
2066336426 13 0 1 0
2066342064 13 0 1 1
2066345971 13 0 1 0
2066350738 14 0 1 1
2066351283 14 0 1 0
2066351831 13 0 1 1
2066356014 13 0 1 0
2066359089 14 0 1 1
2066360911 14 0 1 0
2066363650 13 0 1 1
2066366804 13 0 1 0
2066371332 13 0 1 1
2066375021 13 0 1 0
2066379585 14 0 1 1
2066379835 14 0 1 0
2066380659 13 0 1 1
2066384732 13 0 1 0
2066389214 14 0 1 1
2066390459 14 0 1 0
2066390703 13 0 1 1
2066393613 13 0 1 0
2066397264 14 0 1 1
2066399672 14 0 1 0
2066399917 13 0 1 1
2066403988 13 0 1 0
2066409911 13 0 1 1
2066414612 13 0 1 0
2066419453 13 0 1 1
2066424240 13 0 1 0
2066429366 13 0 1 1
2066432872 13 0 1 0
2066433504 14 0 1 1
2066436524 14 0 1 0
2066437998 13 0 1 1
2066442749 13 0 1 0
2066447780 13 0 1 1
2066452792 13 0 1 0
2066457918 13 0 1 1
2066461756 13 0 1 0
2066466209 14 0 1 1
2066467072 13 0 1 1
2066467151 14 0 1 0
2066472214 13 0 1 0
2066477245 13 0 1 1
2066482257 13 0 1 0
2066487573 13 0 1 1
2066492881 13 0 1 0
2066494405 14 0 1 1
2066497114 14 0 1 0
2066498577 13 0 1 1
2066502177 13 0 1 0
2066506828 13 0 1 1
2066511556 13 0 1 0
2066516492 13 0 1 1
2066521433 13 0 1 0
2066526227 14 0 1 1
2066527699 13 0 1 1
2066529816 14 0 1 0
2066530978 13 0 1 0
2066537244 13 0 1 1
2066539195 14 0 1 1
2066540855 13 0 1 0
2066542017 14 0 1 0
2066547216 13 0 1 1
2066550395 14 0 1 1
2066550732 13 0 1 0
2066553139 14 0 1 0
2066556998 13 0 1 1
2066560609 13 0 1 0
2066562804 14 0 1 1
2066566336 14 0 1 0
2066567160 13 0 1 1
2066570569 13 0 1 0
2066575832 14 0 1 1
2066576645 13 0 1 1
2066579118 14 0 1 0
2066579948 13 0 1 0
2066586119 13 0 1 1
2066589327 13 0 1 0
2066596828 13 0 1 1
2066600117 13 0 1 0
2066607713 13 0 1 1
2066610990 13 0 1 0
2066618681 13 0 1 1
2066621780 13 0 1 0
2066628806 13 0 1 1
2066631906 13 0 1 0
2066642827 13 0 1 1
2066646099 13 0 1 0
2066653315 13 0 1 1
2066656391 13 0 1 0
2066665222 13 0 1 1
2066668509 13 0 1 0
2066677435 13 0 1 1
2066681208 13 0 1 0
2066690134 13 0 1 1
2066693160 13 0 1 0
2066702656 13 0 1 1
2066706772 13 0 1 0
2066710568 13 0 1 1
2066713827 13 0 1 0
2066719048 13 0 1 1
2066720467 13 0 1 0
2066725783 13 0 1 1
2066730344 13 0 1 0
2066736040 13 0 1 1
2066740553 13 0 1 0
2066746534 13 0 1 1
2066751177 13 0 1 0
2066758203 13 0 1 1
2066762216 13 0 1 0
2066766772 13 0 1 1
2066770267 13 0 1 0
2066775868 13 0 1 1
2066779978 13 0 1 0
2066785769 13 0 1 1
2066788278 13 0 1 0
2066794259 13 0 1 1
2066798736 13 0 1 0
2066804337 13 0 1 1
2066808696 13 0 1 0
2066814392 13 0 1 1
2066818739 13 0 1 0
2066825767 13 0 1 1
2066828616 13 0 1 0
2066832982 13 0 1 1
2066836501 13 0 1 0
2066842102 13 0 1 1
2066846378 13 0 1 0
2066852264 13 0 1 1
2066856255 13 0 1 0
2066862236 13 0 1 1
2066866547 13 0 1 0
2066872148 13 0 1 1
2066876258 13 0 1 0
2066881954 13 0 1 1
2066886218 13 0 1 0
2066893529 13 0 1 1
2066897340 13 0 1 0
2066901801 13 0 1 1
2066905474 13 0 1 0
2066910980 13 0 1 1
2066915102 13 0 1 0
2066920893 13 0 1 1
2066924232 13 0 1 0
2066930308 13 0 1 1
2066933777 13 0 1 0
2066939758 13 0 1 1
2066944152 13 0 1 0
2066949753 13 0 1 1
2066954029 13 0 1 0
2066959820 13 0 1 1
2066962910 13 0 1 0
2066968606 13 0 1 1
2066972123 13 0 1 0
2066977724 13 0 1 1
2066982249 13 0 1 0
2066988135 13 0 1 1
2066992043 13 0 1 0
2066998024 13 0 1 1
2067002086 13 0 1 0
2067007782 13 0 1 1
2067012212 13 0 1 0
2067018288 13 0 1 1
2067022836 13 0 1 0
2067029387 13 0 1 1
2067032381 13 0 1 0
2067037507 13 0 1 1
2067041594 13 0 1 0
2067047195 13 0 1 1
2067051554 13 0 1 0
2067060480 13 0 1 1
2067063589 13 0 1 0
2067071185 13 0 1 1
2067074296 13 0 1 0
2067081892 13 0 1 1
2067085003 13 0 1 0
2067089084 13 0 1 1
2067091892 13 0 1 0
2067099963 13 0 1 1
2067103097 13 0 1 0
2067111548 13 0 1 1
2067113247 13 0 1 0
2130255123 48 1 1 1
2130258808 48 1 1 0
2130263328 48 1 1 1
2130267025 48 1 1 0
2130271565 48 1 1 1
2130275224 48 1 1 0
2130279764 48 1 1 1
2130283459 48 1 1 0
2130287999 48 1 1 1
2130291741 48 1 1 0
2130296301 48 1 1 1
2130299976 48 1 1 0
2130304436 48 1 1 1
2130308175 48 1 1 0
2130312735 48 1 1 1
2130316392 48 1 1 0
2130320952 48 1 1 1
2130324627 48 1 1 0
2130329167 48 1 1 1
2130332844 48 1 1 0
2130337364 48 1 1 1
2130341026 48 1 1 0
2130345586 48 1 1 1
2130349260 48 1 1 0
2130353800 48 1 1 1
2130357477 48 1 1 0
2130362017 48 1 1 1
2130365760 48 1 1 0
2130370320 48 1 1 1
2130373994 48 1 1 0
2130378534 48 1 1 1
2130382211 48 1 1 0
2130386751 48 1 1 1
2130390494 48 1 1 0
2130395054 48 1 1 1
2130398728 48 1 1 0
2130403268 48 1 1 1
2130406928 48 1 1 0
2130411808 48 1 1 1
2130415311 48 1 1 0
2130420191 48 1 1 1
2130423711 48 1 1 0
2130428491 48 1 1 1
2130431928 48 1 1 0
2130436888 48 1 1 1
2130440311 48 1 1 0
2130445271 48 1 1 1
2130448694 48 1 1 0
2130453794 48 1 1 1
2130457243 48 1 1 0
2130462343 48 1 1 1
2130465775 48 1 1 0
2130470835 48 1 1 1
2130474241 48 1 1 0
2130479361 48 1 1 1
2130482790 48 1 1 0
2130487850 48 1 1 1
2130491439 48 1 1 0
2130496199 48 1 1 1
2130499805 48 1 1 0
2130504685 48 1 1 1
2130508271 48 1 1 0
2130513211 48 1 1 1
2130516671 48 1 1 0
2130521551 48 1 1 1
2130521568 48 1 1 0
2130521611 48 1 1 1
2130525120 48 1 1 0
2130530260 48 1 1 1
2130533603 48 1 1 0
2130539137 48 1 1 1
2130542152 48 1 1 0
2130547672 48 1 1 1
2130551009 48 1 1 0
2130556309 48 1 1 1
2130559641 48 1 1 0
2130564861 48 1 1 1
2130568190 48 1 1 0
2130573750 48 1 1 1
2130576905 48 1 1 0
2130582465 48 1 1 1
2130585308 48 1 1 0
2130590848 48 1 1 1
2130593678 48 1 1 0
2130599318 48 1 1 1
2130602144 48 1 1 0
2130608024 48 1 1 1
2130610859 48 1 1 0
2130616899 48 1 1 1
2130619740 48 1 1 0
2130625880 48 1 1 1
2130628704 48 1 1 0
2130634504 48 1 1 1
2130637585 48 1 1 0
2130643225 48 1 1 1
2130646051 48 1 1 0
2130652091 48 1 1 1
2130654917 48 1 1 0
2130660737 48 1 1 1
2130663847 48 1 1 0
2130668627 48 1 1 1
2130673026 48 1 1 0
2130676706 48 1 1 1
2130682488 48 1 1 0
2130685508 48 1 1 1
2130691535 48 1 1 0
2130694555 48 1 1 1
2130700499 48 1 1 0
2130703539 48 1 1 1
2130709380 48 1 1 0
2130712400 48 1 1 1
2130718095 48 1 1 0
2130721135 48 1 1 1
2130726644 48 1 1 0
2130729664 48 1 1 1
2130734861 48 1 1 0
2130737901 48 1 1 1
2130743576 48 1 1 0
2130746616 48 1 1 1
2130750880 48 1 1 0
2130753920 48 1 1 1
2130758169 48 1 1 0
2130761229 48 1 1 1
2130765820 48 1 1 0
2130768840 48 1 1 1
2130773290 48 1 1 0
2130776310 48 1 1 1
2130780559 48 1 1 0
2130783619 48 1 1 1
2130787898 48 1 1 0
2130790918 48 1 1 1
2130799269 48 1 1 0
2130801969 48 1 1 1
2130810474 48 1 1 0
2130813174 48 1 1 1
2130821679 48 1 1 0
2130824379 48 1 1 1
2130832884 48 1 1 0
2130835584 48 1 1 1
2130838279 48 1 1 0
2130957495 48 1 1 1
2130961753 48 1 1 0
2130965713 48 1 1 1
2130969970 48 1 1 0
2130973930 48 1 1 1
2130978187 48 1 1 0
2130982147 48 1 1 1
2130986404 48 1 1 0
2130990364 48 1 1 1
2130994621 48 1 1 0
2130998581 48 1 1 1
2131002838 48 1 1 0
2131006798 48 1 1 1
2131011055 48 1 1 0
2131015015 48 1 1 1
2131019272 48 1 1 0
2131023232 48 1 1 1
2131027489 48 1 1 0
2131031449 48 1 1 1
2131035706 48 1 1 0
2131039666 48 1 1 1
2131043923 48 1 1 0
2131047883 48 1 1 1
2131052140 48 1 1 0
2131056100 48 1 1 1
2131060357 48 1 1 0
2131064324 48 1 1 1
2131068574 48 1 1 0
2131946611 48 1 2 1
2131955077 48 1 2 0
2131957777 48 1 2 1
2131966282 48 1 2 0
2131968982 48 1 2 1
2131977487 48 1 2 0
2131980187 48 1 2 1
2131988692 48 1 2 0
2131991392 48 1 2 1
2131999897 48 1 2 0
2132002597 48 1 2 1
2132011102 48 1 2 0
2132013802 48 1 2 1
2132022307 48 1 2 0
2132025007 48 1 2 1
2132033512 48 1 2 0
2132036212 48 1 2 1
2132044717 48 1 2 0
2132047417 48 1 2 1
2132053847 48 1 2 0
2132056887 48 1 2 1
2132061151 48 1 2 0
2132065113 48 1 2 1
2132072190 48 1 2 0
2132074890 48 1 2 1
2132083395 48 1 2 0
2132086095 48 1 2 1
2132094600 48 1 2 0
2132097300 48 1 2 1
2132105805 48 1 2 0
2132108505 48 1 2 1
2132117010 48 1 2 0
2132119710 48 1 2 1
2132128215 48 1 2 0
2132131109 48 1 2 1
2132137345 48 1 2 0
2132140385 48 1 2 1
2132143985 48 1 2 0
2132149625 48 1 2 1
2132152451 48 1 2 0
2132159831 48 1 2 1
2132162660 48 1 2 0
2132170040 48 1 2 1
2132172869 48 1 2 0
2132180249 48 1 2 1
2132183106 48 1 2 0
2132190486 48 1 2 1
2132193315 48 1 2 0
2132200695 48 1 2 1
2132203524 48 1 2 0
2132203850 43 1 2 1
2132206388 43 1 2 0
2132209142 42 1 1 1
2132210904 48 1 2 1
2132213504 42 1 1 0
2132213733 48 1 2 0
2132218329 42 1 1 1
2132221113 48 1 2 1
2132222634 42 1 1 0
2132223932 48 1 2 0
2132226236 43 1 2 1
2132227459 42 1 1 1
2132228798 43 1 2 0
2132230872 48 1 2 1
2132231847 42 1 1 0
2132233702 48 1 2 0
2132236589 42 1 1 1
2132240977 42 1 1 0
2132241038 48 1 2 1
2132243862 48 1 2 0
2132245885 42 1 1 1
2132248142 48 1 2 1
2132248646 43 1 2 1
2132250273 42 1 1 0
2132251208 43 1 2 0
2132252377 48 1 2 0
2132254932 42 1 1 1
2132256337 48 1 2 1
2132259320 42 1 1 0
2132260594 48 1 2 0
2132264145 42 1 1 1
2132264554 48 1 2 1
2132268616 42 1 1 0
2132268811 48 1 2 0
2132271056 43 1 2 1
2132272771 48 1 2 1
2132273441 42 1 1 1
2132273701 43 1 2 0
2132277028 48 1 2 0
2132277746 42 1 1 0
2132280988 48 1 2 1
2132282488 42 1 1 1
2132284013 48 1 3 1
2132285245 48 1 2 0
2132286876 42 1 1 0
2132289205 48 1 2 1
2132290200 48 1 3 0
2132291618 42 1 1 1
2132293462 48 1 2 0
2132293680 48 1 3 1
2132294213 43 1 2 1
2132296172 42 1 1 0
2132296858 43 1 2 0
2132297422 48 1 2 1
2132299662 48 1 3 0
2132300914 42 1 1 1
2132301679 48 1 2 0
2132303102 48 1 3 1
2132305385 42 1 1 0
2132305985 48 1 2 1
2132308968 48 1 3 0
2132310210 42 1 1 1
2132310228 48 1 2 0
2132310484 41 1 1 1
2132312368 48 1 3 1
2132313328 48 1 2 1
2132314266 42 1 1 0
2132314930 41 1 1 0
2132318015 48 1 3 0
2132318836 48 1 2 0
2132319257 41 1 1 1
2132319589 42 1 1 1
2132321535 48 1 3 1
2132321996 48 1 2 1
2132323645 42 1 1 0
2132323977 41 1 1 0
2132324164 42 1 2 1
2132327717 48 1 2 0
2132327756 42 1 2 0
2132328387 41 1 1 1
2132328885 42 1 1 1
2132329088 48 1 3 0
2132330957 48 1 2 1
2132332048 48 1 3 1
2132332941 42 1 1 0
2132333024 41 1 1 0
2132333909 42 1 2 1
2132336739 48 1 2 0
2132337517 41 1 1 1
2132337550 42 1 2 0
2132338181 42 1 1 1
2132339004 48 1 3 0
2132340019 48 1 2 1
2132341764 48 1 3 1
2132342169 41 1 1 0
2132342237 42 1 1 0
2132343786 42 1 2 1
2132345825 48 1 2 0
2132346579 41 1 1 1
2132347477 42 1 1 1
2132347510 42 1 2 0
2132348593 48 1 3 0
2132349085 48 1 2 1
2132351293 48 1 3 1
2132351367 41 1 1 0
2132351616 42 1 1 0
2132354941 48 1 2 0
2132355445 41 1 1 1
2132356185 48 1 3 0
2132356856 42 1 1 1
2132358121 48 1 2 1
2132359425 48 1 3 1
2132360248 41 1 1 0
2132360746 42 1 1 0
2132363905 48 1 2 0
2132364409 41 1 1 1
2132364778 48 1 3 0
2132366700 41 1 1 0
2132367085 48 1 2 1
2132368718 48 1 3 1
2132370778 41 1 1 1
2132371601 48 1 2 0
2132372995 48 1 3 0
2132374361 48 1 2 1
2132375265 41 1 1 0
2132376935 48 1 3 1
2132379263 41 1 1 1
2132379567 48 1 2 0
2132381177 48 1 3 0
2132382507 48 1 2 1
2132384974 41 1 1 0
2132385137 48 1 3 1
2132388464 48 1 2 0
2132388969 41 1 1 1
2132389394 48 1 3 0
2132391644 48 1 2 1
2132393354 48 1 3 1
2132394519 41 1 1 0
2132397589 48 1 3 0
2132397827 48 1 2 0
2132398348 41 1 1 1
2132401027 48 1 2 1
2132401549 48 1 3 1
2132404064 41 1 1 0
2132405806 48 1 3 0
2132407289 48 1 2 0
2132408059 41 1 1 1
2132409767 48 1 3 1
2132410569 48 1 2 1
2132413526 41 1 1 0
2132414023 48 1 3 0
2132416087 48 1 2 0
2132417106 41 1 1 1
2132417983 48 1 3 1
2132420067 48 1 2 1
2132422240 48 1 3 0
2132423071 41 1 1 0
2132424818 48 1 2 0
2132426200 48 1 3 1
2132426651 41 1 1 1
2132428408 48 1 2 1
2132430457 48 1 3 0
2132432284 41 1 1 0
2132434417 48 1 3 1
2132435094 48 1 2 0
2132436362 41 1 1 1
2132438534 48 1 2 1
2132438674 48 1 3 0
2132441912 41 1 1 0
2132442634 48 1 3 1
2132444971 48 1 2 0
2132445824 41 1 1 1
2132446891 48 1 3 0
2132448271 48 1 2 1
2132450851 48 1 3 1
2132451125 41 1 1 0
2132454433 48 1 2 0
2132455108 48 1 3 0
2132455120 41 1 1 1
2132457693 48 1 2 1
2132459068 48 1 3 1
2132460587 41 1 1 0
2132463325 48 1 3 0
2132463895 48 1 2 0
2132464582 41 1 1 1
2132467155 48 1 2 1
2132467285 48 1 3 1
2132469966 41 1 1 0
2132471542 48 1 3 0
2132473290 48 1 2 0
2132473878 41 1 1 1
2132475502 48 1 3 1
2132476510 48 1 2 1
2132479179 41 1 1 0
2132479759 48 1 3 0
2132482586 48 1 2 0
2132483091 41 1 1 1
2132483719 48 1 3 1
2132485766 48 1 2 1
2132487976 48 1 3 0
2132488392 41 1 1 0
2132491799 48 1 2 0
2132491936 48 1 3 1
2132492387 41 1 1 1
2132495019 48 1 2 1
2132496193 48 1 3 0
2132497854 41 1 1 0
2132500153 48 1 3 1
2132501178 48 1 2 0
2132501849 41 1 1 1
2132504410 48 1 3 0
2132504418 48 1 2 1
2132507233 41 1 1 0
2132508370 48 1 3 1
2132510557 48 1 2 0
2132511228 41 1 1 1
2132512627 48 1 3 0
2132513797 48 1 2 1
2132516587 48 1 3 1
2132516778 41 1 1 0
2132520019 48 1 2 0
2132520844 48 1 3 0
2132521022 41 1 1 1
2132523359 48 1 2 1
2132524804 48 1 3 1
2132526572 41 1 1 0
2132529061 48 1 3 0
2132529691 48 1 2 0
2132530484 41 1 1 1
2132532971 48 1 2 1
2132533021 48 1 3 1
2132535785 41 1 1 0
2132537278 48 1 3 0
2132539109 48 1 2 0
2132539780 41 1 1 1
2132541238 48 1 3 1
2132542349 48 1 2 1
2132544832 41 1 1 0
2132544951 48 1 3 0
2132548322 48 1 2 0
2132548329 41 1 1 1
2132550531 48 1 3 1
2132551342 48 1 2 1
2132553546 48 1 3 0
2132553879 41 1 1 0
2132557330 48 1 2 0
2132558206 41 1 1 1
2132559146 48 1 3 1
2132560630 48 1 2 1
2132562239 48 1 3 0
2132563341 41 1 1 0
2132566709 48 1 2 0
2132567585 41 1 1 1
2132567879 48 1 3 1
2132570009 48 1 2 1
2132570887 48 1 3 0
2132572720 41 1 1 0
2132572878 43 1 1 1
2132575847 48 1 3 1
2132576088 48 1 2 0
2132578126 41 1 1 1
2132579337 48 1 3 0
2132579778 48 1 2 1
2132582265 41 1 1 0
2132584217 48 1 3 1
2132585755 48 1 2 0
2132587720 48 1 3 0
2132587837 41 1 1 1
2132589435 48 1 2 1
2132591810 41 1 1 0
2132592919 48 1 3 1
2132595344 48 1 2 0
2132596285 48 1 3 0
2132597299 41 1 1 1
2132598984 48 1 2 1
2132601272 41 1 1 0
2132601485 48 1 3 1
2132604834 48 1 3 0
2132604845 48 1 2 0
2132606678 41 1 1 1
2132608445 48 1 2 1
2132610114 48 1 3 1
2132610817 41 1 1 0
2132613466 48 1 3 0
2132614351 48 1 2 0
2132615393 41 1 1 1
2132617642 48 1 3 1
2132617711 48 1 2 1
2132620860 41 1 1 0
2132621916 48 1 3 0
2132624018 48 1 2 0
2132624855 41 1 1 1
2132625876 48 1 3 1
2132627298 48 1 2 1
2132630133 48 1 3 0
2132630488 41 1 1 0
2132633607 48 1 2 0
2132634093 48 1 3 1
2132634649 41 1 1 1
2132636967 48 1 2 1
2132638350 48 1 3 0
2132640531 41 1 1 0
2132642310 48 1 3 1
2132643484 48 1 2 0
2132644526 41 1 1 1
2132646567 48 1 3 0
2132646844 48 1 2 1
2132649976 41 1 1 0
2132650527 48 1 3 1
2132653134 48 1 2 0
2132653971 41 1 1 1
2132654784 48 1 3 0
2132656414 48 1 2 1
2132658742 48 1 3 1
2132658903 41 1 1 0
2132662393 48 1 2 0
2132663001 48 1 3 0
2132663977 41 1 1 1
2132665913 48 1 2 1
2132666961 48 1 3 1
2132668116 41 1 1 0
2132671218 48 1 3 0
2132671744 48 1 2 0
2132673273 41 1 1 1
2132675178 48 1 3 1
2132675264 48 1 2 1
2132677495 41 1 1 0
2132679435 48 1 3 0
2132681123 48 1 2 0
2132682652 41 1 1 1
2132683395 48 1 3 1
2132684643 48 1 2 1
2132686957 41 1 1 0
2132687658 48 1 3 0
2132690530 48 1 2 0
2132691618 48 1 3 1
2132692363 41 1 1 1
2132694130 48 1 2 1
2132695875 48 1 3 0
2132696502 41 1 1 0
2132699835 48 1 3 1
2132700047 48 1 2 0
2132704007 48 1 2 1
2132704092 48 1 3 0
2132706224 41 1 1 1
2132708052 48 1 3 1
2132709260 48 1 2 0
2132710280 41 1 1 0
2132712300 48 1 2 1
2132712309 48 1 3 0
2132716269 48 1 3 1
2132716564 48 1 2 0
2132719042 48 1 3 0
2132720085 41 1 1 1
2132720524 48 1 2 1
2132723975 41 1 1 0
2132726690 48 1 2 0
2132730650 48 1 2 1
2132734278 41 1 1 1
2132734907 48 1 2 0
2132737727 48 1 2 1
2132737753 41 1 1 0
2132742460 48 1 2 0
2132746420 48 1 2 1
2132747641 41 1 1 1
2132751282 41 1 1 0
2132752448 48 1 2 0
2132756388 48 1 2 1
2132759150 41 1 2 1
2132761080 48 1 2 0
2132761336 41 1 1 1
2132763440 48 1 2 1
2132764645 41 1 1 0
2132774111 48 1 2 0
2132774201 41 1 1 1
2132776431 48 1 2 1
2132777759 41 1 1 0
2132787225 48 1 2 0
2132787647 41 1 1 1
2132789625 48 1 2 1
2132791039 41 1 1 0
2132800505 48 1 2 0
2132800512 41 1 1 1
2132802805 48 1 2 1
2132804070 41 1 1 0
2132813536 48 1 2 0
2132813958 41 1 1 1
2132815936 48 1 2 1
2132817267 41 1 1 0
2132826733 48 1 2 0
2132826906 41 1 1 1
2132829073 48 1 2 1
2132830381 41 1 1 0
2132833139 41 1 2 0
2132836961 48 1 2 0
2132840020 41 1 1 1
2132840901 48 1 2 1
2132844076 41 1 1 0
2132847151 48 1 2 0
2132849565 41 1 1 1
2132850951 48 1 2 1
2132854700 41 1 1 0
2132857545 48 1 2 0
2132858435 43 1 1 0
2132858446 41 1 1 1
2132860845 48 1 2 1
2132865075 41 1 1 0
2132867576 41 1 1 1
2132867671 48 1 2 0
2132870651 48 1 2 1
2132878687 41 1 1 0
2132879125 48 1 2 0
2132881935 41 1 1 1
2132882825 48 1 2 1
2132890164 48 1 2 0
2132892797 41 1 1 0
2132893184 48 1 2 1
2132896204 48 1 2 0
2132898037 41 1 1 1
2132900684 48 1 2 1
2132904938 48 1 2 0
2132908578 48 1 2 1
2132909065 41 1 1 0
2132911891 48 1 2 0
2132914471 41 1 1 1
2132917333 48 1 2 1
2132919938 41 1 1 0
2132921353 48 1 2 0
2132922605 41 1 1 1
2132926373 48 1 2 1
2132930614 48 1 2 0
2132931143 41 1 1 0
2132936632 41 1 1 1
2132936694 48 1 2 1
2132940462 48 1 2 0
2132941701 41 1 1 0
2132945922 48 1 2 1
2132946526 41 1 1 1
2132949343 48 1 2 0
2132953303 48 1 2 1
2132953819 41 1 1 0
2132956645 48 1 2 0
2132959059 41 1 1 1
2132962205 48 1 2 1
2132966441 48 1 2 0
2132967431 41 1 1 0
2132972081 48 1 2 1
2132972588 41 1 1 1
2132975517 48 1 2 0
2132979457 48 1 2 1
2132980462 41 1 1 0
2132982956 48 1 2 0
2132985453 41 1 1 1
2132988576 48 1 2 1
2132990374 48 1 2 0
2132993576 41 1 1 0
2132998816 41 1 1 1
2133008018 41 1 1 0
2133013009 41 1 1 1
2133024452 41 1 1 0
2133029775 41 1 1 1
2133037906 41 1 1 0
2133043229 41 1 1 1
2133051186 41 1 1 0
2133056343 41 1 1 1
2133064134 41 1 1 0
2133069291 41 1 1 1
2133077165 41 1 1 0
2133082405 41 1 1 1
2133090362 41 1 1 0
2133095436 41 1 1 1
2133103061 41 1 1 0
2133108052 41 1 1 1
2133115843 41 1 1 0
2133121166 41 1 1 1
2133129040 41 1 1 0
2133134114 41 1 1 1
2133142071 41 1 1 0
2133147394 41 1 1 1
2133155351 41 1 1 0
2133160840 41 1 1 1
2133169212 41 1 1 0
2133174286 41 1 1 1
2133181828 41 1 1 0
2133186985 41 1 1 1
2133198345 41 1 1 0
2133203502 41 1 1 1
2133211483 41 1 1 0
2133217055 41 1 1 1
2133225095 41 1 1 0
2133230584 41 1 1 1
2133236715 41 1 1 0
