184555777 184556545 10000 100 1058 2000006130 8356 8412 1
184554241 184557313 10000 100 29382 2000014678 10706 10785 3
184553985 184557313 10000 100 6740 2000027419 8826 8886 4
184557057 184554753 10000 100 7741 2000035452 8909 8970 6
184550401 184551169 10000 100 5041 2000072680 4902 4586 9
184557057 184553985 10000 100 9939 2000078021 9090 9153 11
184555009 184556033 10000 100 28118 2000076572 10602 10680 10
184554753 184557057 10000 100 24828 2000086597 10403 10402 14
184549633 184549889 10000 100 74333 2000087134 10263 10394 15
184557057 184555521 10000 100 92251 2000079896 19900 16057 12
184549889 184552705 10000 100 5951 2000091161 8775 8819 16
184552193 184549633 10000 100 8964 2000112286 9058 9071 19
184556289 184557057 10000 100 8921 2000112102 11222 9068 18
184556033 184555009 10000 100 53496 2000123256 12965 12807 21
184557057 184556289 10000 100 8775 2000128410 11779 9056 24
184552705 184551425 10000 100 17699 2000130953 9735 9805 25
184556801 184556033 10000 100 183775 2000120302 23735 23728 20
184550401 184552193 10000 100 1539749 2000005832 143068 137413 0
184549889 184551681 10000 100 5340 2000145255 9174 8770 26
184556545 184556801 10000 100 57632 2000149861 14079 8993 27
184556545 184555777 10000 100 921394 2000083386 93438 85572 13
184552449 184551937 10001 100 46696 2000165319 16037 12236 32
184554497 184557313 10000 100 157532 2000177077 21656 21529 34
184553729 184554241 10000 100 26796 2000211073 8547 6407 38
184550401 184549889 10000 100 940628 2000127433 92984 87183 22
184554241 184557057 10000 100 87332 2000164863 58171 15644 30
184555009 184555521 10000 100 149753 2000212907 31439 20876 40
184553729 184554753 10000 100 62631 2000217810 28728 13572 42
184557057 184554241 10000 100 430014 2000207974 46421 44376 37
184551169 184550657 10000 100 1227365 2000150345 106207 107064 28
184556033 184555265 10000 100 155443 2000240015 21169 21354 46
184556545 184556289 10000 100 8307 2000261114 10352 9019 54
184551937 184552449 10000 100 72882 2000259708 14560 14430 53
184554497 184553473 10000 100 3398 2000265728 8638 8607 55
184551937 184550145 10000 100 76799 2000266616 15068 14759 56
184554241 184556801 10000 100 21449 2000284390 10219 10120 59
184550401 184549889 10001 100 234672 2000250803 46500 27996 50
184553729 184556289 10000 100 23932 2000283785 14223 10326 58
184553217 184552193 10000 100 147413 2000228568 83905 20681 45
184556289 184555521 10000 100 1215 2000314594 4451 4264 63
184551169 184553217 10000 100 56550 2000313134 15318 13062 62
184549633 184553217 10000 100 780024 2000246082 93695 73720 49
184553217 184551937 10000 100 45833 2000325978 15806 12163 65
184552705 184552193 10000 100 8513 2000341543 10876 9035 68
184552449 184549633 10000 100 61370 2000332328 21292 13467 66
184555265 184553729 10000 100 6123 2000377208 8950 8836 73
184553985 184557313 10001 100 73530 2000386197 16543 14486 74
184555777 184556545 10001 100 12294 2000373388 32850 9353 72
184557313 184554753 10000 100 61078 2000365053 45790 13444 70
184550913 184549889 10000 100 1562730 2000255059 167830 139340 51
184553729 184555777 10000 100 1412324 2000218245 207276 126731 43
184556289 184555777 10000 100 31901 2000465736 14225 6834 80
184556289 184553729 10000 100 68409 2000455380 27361 14057 79
184555009 184553985 10000 100 8214 2000476016 9349 9011 82
184556289 184555265 10000 100 479750 2000319874 167123 48543 64
184549377 184551937 10000 100 719410 2000392650 127606 68637 75
184555009 184555521 10001 100 256852 2000497654 30276 29855 84
184551169 184553217 10001 100 3008 2000521802 8791 8576 87
184550913 184553217 10000 100 625120 2000469155 62882 60733 81
184557313 184556545 10000 100 3321784 2000224693 308083 282659 44
184553729 184554753 10001 100 692174 2000373237 160380 66355 71
184555521 184554753 10000 100 31513 2000517936 18713 10963 86
184555265 184556033 10000 100 70876 2000527447 14279 14262 88
184552961 184551169 10000 100 3422082 2000243678 305845 295230 48
184553729 184553985 10000 100 1810893 2000279855 274553 155985 57
184557313 184556289 10000 100 73962 2000536714 20751 14521 90
184555777 184553729 10000 100 78997 2000548415 14906 14943 92
184550913 184551937 10000 100 5905 2000557584 8879 8815 95
184550913 184549633 10000 100 30768 2000559675 21358 10900 96
184553217 184551169 10000 100 60374 2000559895 23023 13384 97
184556289 184557057 10001 100 51629 2000578897 21645 12650 100
184554497 184556289 10000 100 67742 2000585829 20114 14000 101
184556801 184557313 10000 100 9094 2000637488 4849 4925 104
184556801 184556289 10000 100 1693597 2000482850 164458 150312 83
184550913 184551169 10000 100 29077 2000642036 11278 6601 105
184552705 184551937 10000 100 377472 2000554713 102297 39969 93
184551425 184549377 10000 100 34735 2000649969 11300 11233 108
184549377 184551937 10001 100 5679 2000668527 9259 8797 111
184550913 184552961 10000 100 416364 2000573197 109707 43230 98
184551937 184550657 10000 100 267792 2000652660 31649 30772 109
184550145 184549377 10000 100 1442 2000691321 4330 4283 114
184556801 184554497 10000 100 41709 2000684769 13463 11818 113
184552705 184552449 10000 100 9659 2000701279 7211 4971 118
184556545 184556289 10001 100 74489 2000699441 14726 14567 116
184555521 184556033 10000 100 50136 2000726816 8255 8366 122
184553217 184551937 10001 100 22839 2000735965 12057 10235 123
184557313 184553985 10000 100 706809 2000681772 66943 67579 112
184552449 184549889 10000 100 6111 2000743180 8848 8835 124
184555521 184556801 10000 100 8045 2000752133 9147 8998 127
184549377 184552961 10000 100 4420592 2000297257 478094 378944 61
184557313 184555777 10000 100 9470 2000766985 13876 9116 128
184550145 184552961 10000 100 41194 2000743255 38283 11776 125
184552705 184551425 10001 100 1482845 2000505383 287793 132642 85
184550145 184552961 10001 100 24308 2000792385 12312 10360 131
184556801 184555521 10000 100 529543 2000751860 54193 52718 126
184555009 184554753 10001 100 63976 2000805950 9974 9523 134
184550401 184550145 10000 100 28128 2000796836 25734 10681 133
184554497 184555777 10000 100 905202 2000717219 124289 84215 121
184550913 184552705 10000 100 587826 2000698797 143488 57604 115
184553729 184557057 10000 100 72296 2000837488 14268 14384 138
184552705 184553217 10000 100 125295 2000829709 24997 14667 137
184556033 184553729 10000 100 45780 2000855882 18387 12159 142
184556801 184557313 10001 100 29093 2000885540 6520 6602 147
184549377 184549889 10000 100 62385 2000886084 12757 9392 148
184550145 184550913 10000 100 188770 2000848256 55185 24147 139
184550657 184549889 10000 100 33989 2000908766 15718 11169 149
184550913 184550657 10000 100 43941 2000931372 13152 7844 155
184551425 184551937 10000 100 953623 2000864335 83326 84113 143
184551169 184550913 10000 100 19381 2000945981 5807 5787 158
184553473 184553985 10000 100 22382 2000946456 6824 6038 159
184552961 184552193 10000 100 391356 2000925888 40833 41133 153
184555265 184554497 10000 100 118786 2000949531 23770 14119 160
184550145 184549633 10000 100 9125993 2000127983 853258 769283 23
184555777 184556033 10000 100 9332 2000971471 22864 4944 163
184551681 184551169 10000 100 48480 2000975128 21968 12386 165
184555521 184556289 10000 100 77815 2000973783 23425 10684 164
184549889 184553217 10000 100 96112 2000988495 33380 16381 167
184552193 184553473 10000 100 9546 2000009617 1013131 1013167 2
184553729 184553473 10000 100 79488 2001012949 11029 10826 172
184554241 184553473 10000 100 28511 2001022900 8826 6552 174
184557313 184557057 10000 100 71682 2001023480 15929 10171 175
184555265 184556545 10000 100 1705994 2000880850 163684 151350 145
184553473 184557313 10000 100 41675 2000985040 70064 11815 166
184553473 184555521 10000 100 25747 2001049050 10614 10479 179
184550145 184551169 10000 100 19682 2001043678 21950 9971 178
184550145 184549889 10000 100 1573897 2000821317 251856 136115 136
184549889 184552705 10001 100 450764 2000965322 109876 46112 161
184549377 184553217 10000 100 70555 2001068072 20089 14237 182
184556033 184556289 10000 100 811508 2001009358 79757 72198 170
184555009 184556801 10000 100 554284 2001032479 60484 54793 177
