184552193 184553473 10000 100 9546 2000009617 1013131 1013167 2
184554497 184552193 10000 100 20492 2000106108 1014566 1014085 17
184551425 184553473 10000 100 2077 2000165926 1012487 1012542 33
184556289 184551169 10000 100 4642 2000211854 1018525 1012755 39
184550401 184555777 10000 100 20650 2000257013 1018651 1014097 52
184555265 184552961 10000 100 117395 2000213582 1066578 1022209 41
184554241 184551169 10000 100 2615441 2000029501 1280952 1231645 5
184553985 184550913 10000 100 41135 2000336882 1015905 1015817 67
184551169 184553729 10000 100 83554 2000354803 1049693 1019371 69
184556033 184551681 10000 100 1545 2000430018 1012578 1012496 77
184554753 184549633 10000 100 75171 2000447187 1021888 1018670 78
184552449 184553473 10000 100 1142108 2000544628 1147803 1108122 91
184556289 184549377 10000 100 18405 2000706792 1017801 1013910 119
184552193 184556033 10000 100 9140 2000699560 1034198 1013134 117
184555265 184550145 10000 100 40421 2000789177 1015709 1015756 130
184555265 184551169 10000 100 41878 2000851905 1025887 1015876 140
184553217 184556545 10000 100 2524034 2000577395 1311931 1223983 99
184552705 184557313 10000 100 1923 2000989644 1021056 1012526 169
184550913 184555777 10000 100 1682598 2000622867 1479971 1153435 103
184553473 184550913 10000 100 8438 2001186464 1013584 1013074 197
184555521 184551425 10000 100 27008 2001236324 1021302 1014633 204
184551681 184556545 10000 100 62307 2001260192 1020245 1017591 210
184554497 184550145 10000 100 5614 2001396011 1013339 1012837 239
184552961 184555009 10000 100 317130 2001473444 1047354 1038956 254
184552449 184556801 10000 100 1195 2001578544 1012710 1012468 275
184549889 184556545 10000 100 69303 2001579234 1020061 1018178 276
184551169 184555777 10000 100 130901 2001557592 1059241 1023340 271
184551681 184557313 10000 100 4433 2001605511 1139659 1012738 283
184551425 184556801 10000 100 35662 2001737937 1035839 1015356 301
184552193 184555777 10000 100 75412 2001743835 1089081 1018689 302
184550913 184557313 10000 100 9612030 2000648541 2216605 1818241 107
184550657 184553473 10000 100 7370 2001918208 1024545 1012985 332
184553729 184550401 10000 100 609590 2001868772 1105640 1063474 321
184555521 184551937 10000 100 61316 2001989014 1031188 1017508 343
184552705 184553729 10000 100 11751 2002037043 1013609 1013351 351
184551425 184556801 10001 100 10407 2002047194 1014248 1013239 354
184551169 184555521 10000 100 9459 2002052809 1022568 1013160 357
184551169 184553985 10000 100 2947 2001968509 1121579 1012612 340
184551681 184555521 10000 100 6504393 2001352519 1748729 1557695 230
184551937 184555521 10000 100 47724 2001999448 1106236 1016367 345
184555521 184552961 10000 100 8740279 2000932397 2220921 1745152 156
184556289 184549889 10000 100 8440196 2000292653 2885746 1719994 60
184556801 184550913 10000 100 1035958 2002005839 1214847 1099219 347
184550913 184557313 10001 100 78694 2002304749 1098159 1018963 395
184551425 184554753 10000 100 362013 2002299063 1122825 1042719 394
184555777 184552961 10000 100 1098851 2002333993 1287222 1104493 400
184550657 184555777 10000 100 8269 2002657577 1013564 1013061 454
184550401 184553985 10000 100 748275 2002457417 1236919 1075103 418
184551425 184553473 10001 100 1057142 2002428601 1304660 1100999 414
184554497 184549633 10000 100 3438619 2001631393 2309340 1300660 288
184554241 184553217 10000 100 3830080 2000884608 3056510 1333482 146
184555521 184550657 10000 100 1802961 2002888765 1227779 1163525 487
184557057 184550401 10000 100 1796835 2002694369 1433434 1163012 461
184557057 184552961 10000 100 35624 2003141863 1018712 1015353 526
184557057 184550401 10001 100 1643 2003168694 1014651 1012504 537
184550401 184553729 10001 100 62142 2003161151 1067261 1017578 535
184557057 184549377 10000 100 19407 2003326878 1016233 1013994 562
184550657 184556801 10000 100 34463 2003345164 1017250 1015256 564
184554753 184552193 10000 100 24550 2003395359 1016582 1014425 575
184551937 184553985 10000 100 1373 2003420831 1041175 1012482 585
184550913 184555777 10001 100 7194 2003467118 1013506 1012971 595
184552449 184554753 10000 100 8223 2003546862 1013735 1013057 608
184554497 184549889 10000 100 47843 2003659509 1022289 1016376 634
184550401 184557057 10000 100 62539 2003683067 1044192 1017610 637
184551169 184556033 10000 100 61823 2003732456 1019562 1017548 647
184552961 184556033 10000 100 73294 2003815947 1029473 1018512 664
184557313 184550913 10000 100 292717 2003775800 1205654 1036907 654
184551681 184556801 10000 100 1035681 2003810726 1214748 1099197 661
184556289 184549889 10001 100 34246 2003980694 1077035 1015239 693
184553729 184552705 10000 100 4526 2004216154 1013076 1012746 729
184549633 184556545 10000 100 50820 2004404225 1087440 1016626 766
184549377 184556545 10000 100 701994 2004341861 1156928 1071220 748
184552705 184556801 10000 100 5278 2004515148 1015061 1012810 789
184553985 184552449 10000 100 58983 2004553318 1038534 1017310 799
184550401 184556033 10000 100 6779630 2002201845 3420456 1580770 384
184553985 184551937 10000 100 49176 2004709618 1017601 1016491 813
184550913 184556545 10000 100 895332 2004449354 1338368 1087432 777
184552961 184553473 10000 100 54080 2004780090 1019257 1016902 825
184553729 184549633 10000 100 6412 2004830350 1039482 1012904 831
184555265 184551937 10000 100 52291 2004865666 1031835 1016751 837
184550401 184553729 10000 100 11162664 2000424037 5504323 1948244 76
184551937 184554241 10000 100 617959 2004760989 1179605 1064174 822
184551937 184555521 10001 100 1140745 2004726306 1220035 1108006 815
184550657 184555265 10000 100 128426 2005075698 1175695 1023134 869
184550913 184556545 10001 100 7863 2005271759 1013808 1013024 900
184550145 184554241 10000 100 757160 2005138660 1162238 1075848 876
184552449 184553729 10000 100 29463 2005291784 1018363 1014837 904
184557313 184549377 10000 100 10234 2005303229 1014343 1013225 909
184556545 184553217 10000 100 63744 2005277614 1041860 1017710 901
184556033 184551937 10000 100 28290 2005309148 1017555 1014739 911
184552705 184557057 10000 100 65644 2005291993 1128887 1017869 905
184552449 184555265 10000 100 8234162 2002164832 4276818 1702720 375
184553729 184551169 10000 100 7922873 2002050928 4418298 1676619 355
184555777 184551681 10000 100 3697 2005441783 1123821 1012676 930
184554241 184550145 10000 100 1946 2005629540 1012868 1012528 959
184552193 184557057 10000 100 6421913 2003398304 3289764 1550778 577
184557057 184553217 10000 100 26154 2005676548 1019827 1014561 970
184555265 184552961 10001 100 179426 2005678309 1034479 1027410 972
184552961 184553985 10000 100 1943465 2005323098 1514359 1175307 914
184552705 184557057 10001 100 6885 2005988655 1030580 1012942 1027
184555521 184550401 10000 100 709354 2006091270 1171806 1071839 1047
184552193 184557057 10001 100 9213 2006179663 1114606 1013140 1059
184554241 184551937 10000 100 9004369 2002798093 4554505 1767293 474
184550913 184555009 10000 100 75043 2006497733 1039229 1018660 1101
184553985 184550657 10000 100 3282 2006646441 1012852 1012642 1129
184553217 184556033 10000 100 892199 2006507692 1188505 1087170 1103
184549633 184555777 10000 100 14439 2006853394 1021324 1013577 1150
184551425 184555521 10000 100 9041 2006758003 1124144 1013126 1139
184551425 184557313 10000 100 2379854 2006622660 1382022 1211892 1124
184555009 184552961 10000 100 57292 2007008206 1071602 1017171 1173
184551681 184554497 10000 100 84483 2007136224 1054291 1019450 1203
184554497 184550145 10001 100 9618 2007219028 1043263 1013172 1220
184557313 184550401 10000 100 106368 2007215146 1055324 1021285 1218
184555521 184551169 10000 100 1067614 2006857386 1441217 1101875 1153
184551169 184553985 10001 100 47191 2007388483 1024960 1016324 1246
184554241 184552961 10000 100 11416 2007442220 1022479 1013324 1254
184552193 184556801 10000 100 59353 2007791941 1033092 1017343 1305
184556545 184552961 10000 100 7106 2007824546 1013694 1012964 1310
184553985 184549377 10000 100 1129222 2007727346 1152518 1107041 1299
184550657 184555009 10000 100 4503225 2005005601 3947551 1389918 858
184553473 184551425 10000 100 362747 2007871398 1197802 1042778 1316
184554753 184551937 10000 100 1087936 2006881304 2237252 1103577 1159
184555265 184549889 10000 100 4025578 2006938431 2214616 1349871 1164
184550913 184555009 10001 100 23782 2008196830 1108113 1014359 1378
184551425 184555009 10000 100 34852 2008292229 1020541 1015287 1398
184556545 184549377 10000 100 119596 2008259992 1122957 1022393 1392
184553473 184553217 10000 100 187314 2008336039 1112078 1028072 1409
184549377 184555777 10000 100 2130418 2005801495 3706507 1190981 996
184553473 184551937 10000 100 134721 2008483147 1081365 1023661 1428
184550145 184556801 10000 100 130859 2008525495 1155597 1023336 1437
184554753 184550913 10000 100 9789936 2003407753 6299878 1833153 579
184554241 184551425 10000 100 150728 2008686232 1053395 1025003 1457
184556033 184552961 10000 100 29195 2008723756 1016649 1014815 1467
184554241 184551681 10000 100 2804687 2008004439 1820340 1247511 1339
184552705 184555009 10000 100 7287938 2004881758 5029463 1623385 841
184551681 184556545 10001 100 65460 2008933534 1022094 1017855 1499
184550145 184555777 10000 100 31432 2009033296 1021292 1015002 1524
184553473 184551425 10001 100 29465 2009092616 1017113 1014837 1539
184551425 184556801 10002 100 1117767 2008491003 1625290 1106079 1430
184556289 184552449 10000 100 67519 2009133993 1041095 1018027 1547
184552193 184555265 10000 100 3996647 2005826039 4456982 1347445 1001
184550657 184554497 10000 100 45337 2009283894 1044479 1016168 1566
184552193 184554497 10000 100 969075 2008126256 2264180 1093615 1363
184555009 184552705 10000 100 136120 2009368267 1029465 1023780 1574
184551169 184556801 10000 100 7198385 2006051375 4460560 1615879 1038
184557313 184552961 10000 100 41792 2009539258 1035506 1015869 1597
184555265 184549377 10000 100 3869 2009582619 1021983 1012689 1607
184552705 184557313 10001 100 149678 2009536371 1079085 1024915 1596
184549889 184554241 10000 100 6124814 2006345275 4443760 1525870 1078
184553729 184549377 10000 100 3246744 2008210614 2584679 1284573 1381
184555777 184551169 10000 100 74549 2009878603 1028272 1018616 1651
184551681 184554241 10000 100 5535057 2008994620 1979817 1476427 1511
184554753 184551681 10000 100 7796 2009990253 1015076 1013019 1667
184549633 184554497 10000 100 802364 2009069214 2108386 1079637 1534
184549633 184555777 10001 100 1850528 2008676004 2502612 1167515 1454
184549377 184556289 10000 100 67006 2010184214 1050937 1017986 1700
184549889 184553985 10000 100 14531 2010263757 1018261 1013585 1719
184556289 184552193 10000 100 4707691 2009606817 1723978 1407059 1610
184553217 184556801 10000 100 99692 2010183000 1162814 1020724 1699
184554497 184552705 10000 100 2348241 2009737914 1670279 1209244 1629
184555777 184550145 10000 100 48911 2010472213 1022116 1016466 1740
184550145 184556545 10000 100 1596743 2009655147 1848421 1146236 1616
184555009 184552449 10000 100 1177538 2010320146 1187141 1111091 1727
184552193 184554241 10001 100 616 2010408704 1123446 1012418 1734
184554497 184551681 10000 100 3321 2010527510 1014120 1012646 1752
184557057 184552961 10001 100 2198301 2009054000 2546003 1196673 1529
184555777 184550657 10000 100 27477 2010568332 1047260 1014670 1762
184554753 184553217 10000 100 9706 2010689225 1014737 1013179 1777
184553473 184549633 10000 100 1098005 2010508113 1217420 1104425 1745
184556545 184551937 10000 100 44404 2010956167 1021676 1016090 1812
184550145 184555521 10000 100 24991 2010783137 1199757 1014460 1790
184557057 184551425 10000 100 76777 2010761169 1250207 1018802 1786
184554497 184549377 10000 100 78689 2011218049 1033856 1018963 1860
184555521 184551425 10001 100 78032 2011186976 1166064 1018910 1853
184551169 184557313 10000 100 10112885 2007331672 5071352 1860229 1236
184552705 184555009 10001 100 5439140 2007750226 4666270 1468385 1302
184552193 184555777 10001 100 4737161 2009065711 3410525 1409531 1533
184554497 184551425 10000 100 173549 2011431598 1122222 1026917 1890
184551425 184553985 10000 100 751046 2011241129 1329162 1075336 1865
184553217 184554241 10000 100 42708 2011484815 1103229 1015946 1902
184557057 184552449 10000 100 222869 2011552502 1072024 1031050 1919
184553217 184555777 10000 100 8372 2011633601 1030293 1013069 1936
184555009 184552961 10001 100 157032 2011606861 1090179 1025534 1930
184549889 184553985 10001 100 33771 2011705329 1018530 1015197 1946
184550657 184554497 10001 100 32589 2011778147 1020978 1015098 1962
184551937 184556033 10000 100 3642790 2008591705 4305991 1317777 1446
184550145 184555265 10000 100 9613505 2003572464 9511924 1818363 613
184551169 184554753 10000 100 68124 2012065809 1035514 1018079 1998
184551425 184555521 10001 100 4958101 2007114634 6175724 1428055 1198
184550913 184556033 10000 100 16410 2012313954 1015827 1013743 2025
184551425 184554753 10001 100 53942 2012327942 1030855 1016887 2026
184552449 184553985 10000 100 1047201 2012128059 1312476 1100165 2003
184550913 184556801 10000 100 47456 2012473406 1022915 1016345 2053
184556289 184552193 10001 100 62127 2012489712 1077257 1017577 2057
184556801 184549377 10000 100 9162 2012657052 1032852 1013136 2089
184554497 184552961 10000 100 11016378 2006874411 6826989 1935980 1158
184557057 184549377 10001 100 774033 2012634177 1168221 1077263 2085
184550657 184555777 10001 100 34135 2012971353 1035861 1015230 2134
184557313 184549377 10001 100 3460606 2010268047 3758087 1302503 1721
184556033 184549633 10000 100 1839592 2012699660 1328913 1166597 2097
184551681 184555521 10001 100 4759251 2010166190 3872814 1411383 1697
184553985 184552961 10000 100 1854274 2012948887 1236946 1167830 2127
184555521 184552193 10001 100 1786 2013299813 1013366 1012515 2188
184553729 184552961 10000 100 22584 2013310737 1016454 1014260 2189
184555777 184551681 10001 100 332 2013298562 1073956 1012395 2187
184556289 184549889 10002 100 4743 2013359459 1013761 1012763 2197
184556289 184550657 10000 100 2921117 2012884285 1546499 1257274 2113
184556033 184551681 10001 100 2050941 2013126027 1317154 1184316 2157
184555521 184552193 10000 100 106060 2013274421 1172743 1021260 2182
184552961 184556801 10000 100 120174 2013390067 1066780 1022443 2207
184550145 184557313 10000 100 5511867 2007559237 7223186 1474480 1270
184553985 184551425 10000 100 13131296 2009876317 5065921 2113295 1649
184551681 184553473 10000 100 26110 2013911329 1091369 1014557 2287
184554753 184552705 10000 100 102509 2013939621 1094450 1020961 2293
184553473 184551425 10002 100 2321535 2011528386 3541290 1207004 1911
184556033 184552705 10000 100 1801927 2012532638 2571190 1163438 2067
184549377 184556033 10000 100 1933114 2013614721 1491876 1174440 2247
184550657 184555777 10002 100 580003 2013914025 1224957 1060996 2288
184553729 184553217 10000 100 1697262 2012568712 2596473 1154666 2071
184550913 184553729 10000 100 34673 2014191112 1028341 1015273 2335
184553729 184551681 10000 100 7618 2014197095 1038756 1013005 2337
184554753 184549889 10000 100 33934 2014210793 1074674 1015210 2343
184551937 184555009 10000 100 34248 2014419701 1018924 1015239 2369
184552449 184553985 10001 100 59521 2014522394 1023759 1017357 2386
184556289 184553217 10000 100 37448 2014544815 1016838 1015506 2388
184549377 184557313 10000 100 22436 2014579008 1034464 1014248 2393
184555009 184549889 10000 100 16702 2014640544 1016779 1013766 2402
184554497 184552961 10001 100 3542 2014745560 1012908 1012663 2414
184553985 184551425 10001 100 96690 2014887364 1039707 1020472 2430
184551937 184555009 10001 100 5087 2014901070 1106696 1012795 2433
184549889 184554497 10000 100 13609173 2010102326 5914140 2153361 1685
184552449 184557313 10000 100 1036843 2014873609 1206811 1099294 2429
184552705 184553473 10000 100 736420 2014960513 1350587 1074108 2439
184553729 184549889 10000 100 53320 2015520299 1019620 1016837 2520
184556801 184551937 10000 100 28272 2015582885 1017827 1014738 2531
184550145 184556545 10001 100 1527781 2014476374 2233092 1140455 2376
184552193 184553729 10000 100 4289 2015700894 1015189 1012727 2549
184557057 184549889 10000 100 728879 2015588315 1165856 1073474 2532
184553473 184552449 10000 100 3497 2015779907 1014356 1012660 2560
184550145 184553985 10000 100 9011 2015727287 1097428 1013124 2552
184550145 184555777 10001 100 15475 2015827806 1014909 1013664 2571
184550145 184555009 10000 100 30120 2015824799 1025159 1014893 2570
184549377 184553985 10000 100 50924 2015845174 1095043 1016634 2575
184551169 184556801 10001 100 7483467 2009416218 7549365 1639780 1577
184555265 184552193 10000 100 1297221 2015755416 1320511 1121127 2553
184552449 184554241 10000 100 2901483 2015545726 1562319 1255627 2523
184553473 184549889 10000 100 4845167 2013207706 3928294 1418587 2175
184549889 184553985 10002 100 4494 2016116096 1048250 1012743 2616
184555777 184550145 10001 100 6381 2016100286 1073112 1012902 2610
184551425 184555521 10002 100 10433 2015974001 1202688 1013241 2597
184549633 184555265 10000 100 40361 2016222772 1024862 1015751 2636
184556545 184551937 10001 100 143898 2016206174 1046504 1024429 2632
184556801 184551425 10000 100 1645528 2014857204 2403165 1150327 2425
184551937 184553985 10001 100 28862 2016258973 1033378 1014785 2642
184553473 184552193 10000 100 71076 2016309020 1021306 1018327 2651
184557057 184553217 10001 100 193214 2016448862 1066185 1028567 2677
184552449 184557057 10000 100 1717871 2016169184 1361236 1156391 2626
184550913 184556801 10001 100 27725 2016399312 1193226 1014690 2666
184552961 184554241 10000 100 1653191 2016237138 1433272 1150971 2638
184549889 184554497 10001 100 178065 2016670389 1044402 1027297 2707
184555777 184550145 10002 100 59666 2016690228 1025305 1017368 2712
184555265 184551681 10000 100 49567 2016794358 1022445 1016522 2730
184555009 184552449 10001 100 3671 2016847916 1012960 1012674 2736
184551937 184553473 10000 100 2832 2016870535 1013510 1012603 2740
184555009 184552449 10002 100 43110 2016892535 1022304 1015982 2745
184556289 184549377 10001 100 2689740 2015326386 2611104 1237873 2493
184552961 184555777 10000 100 29179 2017067035 1030704 1014814 2778
184549633 184556289 10000 100 3802960 2016026924 2269627 1331205 2605
184556289 184552449 10001 100 2424884 2015592213 2707272 1215667 2533
184555009 184549377 10000 100 4180992 2013926505 4415603 1362899 2290
184549889 184554241 10001 100 4743 2017302191 1055505 1012763 2820
184550145 184555009 10001 100 961757 2017147703 1212019 1092999 2789
184553473 184551937 10001 100 21768 2017338410 1035451 1014190 2831
184553729 184550401 10001 100 44580 2017365383 1025784 1016104 2843
184552449 184556545 10000 100 3306663 2016585231 1865239 1289596 2701
184550657 184555009 10001 100 114070 2017403405 1062658 1021932 2847
184549633 184556033 10000 100 19451 2017253143 1242623 1013997 2809
184554497 184553217 10000 100 28888 2017491918 1020395 1014787 2863
184550913 184556033 10001 100 11524 2017348841 1249811 1013333 2836
184555777 184552961 10001 100 49908 2017590607 1019641 1016549 2875
184555009 184550145 10000 100 6709938 2012328985 6385585 1574926 2027
184551937 184556289 10000 100 29485 2017711904 1106089 1014839 2889
184557313 184549633 10000 100 48154 2017777079 1070208 1016405 2899
184554753 184549889 10001 100 3661044 2017180585 1690021 1319310 2798
184552193 184556033 10001 100 4715345 2013749477 5142473 1407702 2265
184556545 184552961 10001 100 45089 2017915761 1044093 1016148 2910
184554753 184551169 10000 100 8050 2017978782 1017735 1013043 2922
184555009 184550657 10000 100 5554 2018045714 1019272 1012832 2934
184556545 184550145 10000 100 316416 2017956046 1141839 1038895 2917
184554241 184551937 10001 100 24024 2018173342 1018313 1014382 2962
184553985 184551681 10000 100 25804 2018198738 1026048 1014529 2970
184549377 184554753 10000 100 21942 2018217460 1044928 1014204 2975
184550401 184556033 10001 100 2495540 2017116766 2242995 1221592 2787
184551169 184556033 10001 100 2803787 2015364271 4073442 1247435 2502
184556033 184551425 10000 100 12970665 2006295605 13161992 2099826 1074
184553729 184551681 10001 100 73691 2018443051 1035399 1018544 3005
184549889 184556033 10000 100 28222 2018597248 1018527 1014734 3032
184550145 184556801 10001 100 1902671 2018007172 1653340 1171886 2928
184553985 184551425 10002 100 3007 2018748549 1064279 1012620 3057
184551681 184553473 10001 100 154658 2018829171 1042494 1025332 3074
184549377 184555265 10000 100 22057 2018795636 1086643 1014217 3069
184554241 184551425 10001 100 1747845 2018540401 1348360 1158904 3026
184549633 184555009 10000 100 1458153 2018263836 1750698 1134619 2982
184549633 184556801 10000 100 7986261 2011467142 8707010 1681935 1895
184550657 184554241 10000 100 4827465 2013808841 6408978 1417101 2271
184556801 184550401 10000 100 8621682 2011039794 9233143 1735208 1832
184549377 184555009 10000 100 72327 2019323846 1029717 1018431 3154
184549633 184557313 10000 100 4841291 2018227946 2175426 1418261 2977
184551169 184556801 10002 100 3744032 2015773076 4737448 1326268 2556
184552705 184554753 10000 100 2074034 2018747836 1874964 1186255 3056
184552961 184556545 10000 100 12171 2019684132 1031324 1013388 3201
184556545 184549633 10000 100 2850 2020038202 1033738 1012604 3257
184551169 184555265 10000 100 58991 2019999397 1081402 1017310 3250
184552705 184555265 10000 100 6300 2020139910 1014095 1012895 3276
184551681 184557313 10001 100 11884215 2013664526 7535120 2008740 2252
184554753 184550401 10000 100 44394 2020188030 1019224 1016089 3281
184553985 184551937 10001 100 15872067 2011024626 10256233 2343082 1829
184557057 184550145 10000 100 300763 2020252863 1053134 1037581 3289
184557313 184553217 10000 100 2279 2020300855 1012966 1012558 3300
184549377 184556033 10001 100 5853004 2013979345 7511217 1503084 2299
184552705 184554241 10000 100 8645299 2015480810 6180511 1737189 2514
184553985 184550657 10001 100 1160782 2020449222 1255408 1109685 3313
184550401 184555777 10001 100 5023572 2017102015 4628651 1433542 2781
184549889 184556033 10001 100 112748 2020697095 1110301 1021818 3354
184555521 184549633 10000 100 1586840 2020529929 1287592 1145406 3329
184549889 184555521 10000 100 2731 2020905657 1066662 1012595 3388
184556289 184552705 10000 100 4043603 2017291945 4702089 1351382 2817
184555265 184549377 10001 100 20841 2021053398 1022287 1014112 3409
184549377 184554753 10001 100 348 2021024365 1056439 1012396 3404
184554753 184551169 10001 100 3452746 2018611530 3491424 1301844 3035
184554241 184551937 10002 100 95031 2021083915 1034740 1020336 3413
184553217 184556289 10000 100 53491 2021004088 1117904 1016851 3399
184556801 184553217 10000 100 60786 2021103076 1030818 1017462 3418
184551681 184555265 10000 100 1436815 2017265098 5039333 1132828 2811
184550401 184556033 10002 100 38967 2021071152 1234066 1015632 3411
184550657 184553729 10000 100 74650 2021234907 1080369 1018625 3442
184551425 184556033 10000 100 26209 2021171992 1148868 1014565 3429
184557313 184551169 10000 100 9796 2021406015 1015442 1013187 3468
184556289 184552449 10002 100 467 2021428375 1013383 1012406 3473
184556289 184549377 10002 100 33352 2021419124 1043898 1015163 3472
184553473 184551169 10000 100 2629 2021495992 1012770 1012586 3482
184551169 184555521 10001 100 75703 2021479280 1065482 1018713 3480
184549633 184553729 10000 100 192998 2021475397 1076011 1028545 3479
184549377 184555521 10000 100 20826 2021578433 1035420 1014111 3498
184555009 184552193 10000 100 632039 2021460392 1158963 1065358 3478
184557057 184551681 10000 100 14182 2021601956 1019045 1013557 3503
184552961 184553985 10001 100 120211 2021393542 1227557 1022446 3464
184551681 184555009 10000 100 23302 2021588133 1051409 1014321 3500
184551937 184555009 10002 100 29146 2021618050 1028304 1014811 3508
184556033 184549377 10000 100 20302 2021660675 1015579 1014069 3524
184556033 184549633 10001 100 40442 2021683131 1018117 1015757 3528
184551937 184554241 10001 100 40237 2021694161 1060059 1015741 3532
184556033 184550145 10000 100 8965 2021752537 1021741 1013116 3550
184553473 184552193 10001 100 30714 2021848776 1017989 1014941 3570
184554241 184550657 10000 100 23693 2021839448 1029108 1014352 3566
184551169 184555009 10000 100 19796 2021855452 1025177 1014025 3575
184549889 184555265 10000 100 9373 2021845684 1066186 1013153 3568
184551169 184554497 10000 100 1364 2021861851 1101751 1012481 3577
184554497 184550913 10000 100 9629344 2015528129 7477003 1819691 2521
184557313 184551169 10001 100 1863 2021948242 1082893 1012521 3590
184550913 184556289 10000 100 842375 2021799329 1235577 1082992 3560
184550401 184555009 10000 100 9104 2022065775 1014505 1013131 3609
184552961 184554497 10000 100 31811 2022096290 1018035 1015032 3619
184555777 184551681 10002 100 125906 2022096617 1052095 1022921 3620
184552705 184553985 10000 100 4871706 2017952543 5271236 1420809 2916
184555265 184550913 10000 100 31374 2022195223 1057746 1014997 3633
184552193 184553985 10000 100 27714 2022244448 1022550 1014689 3641
184554241 184551937 10003 100 1570366 2021636131 1641469 1144026 3516
184553217 184554241 10001 100 8629 2022744149 1013829 1013089 3694
184553217 184557313 10000 100 1730795 2020342676 3493229 1157475 3303
184555521 184550145 10000 100 54180 2022822408 1022287 1016910 3716
184550913 184556801 10002 100 720298 2021718674 2155368 1072757 3539
184554241 184551425 10002 100 44522 2022798023 1122282 1016099 3711
184550401 184556289 10000 100 457147 2022788162 1142130 1050695 3707
184553985 184550913 10001 100 15837907 2016954672 7012549 2340215 2755
184552193 184555777 10002 100 21414071 2011946946 12150037 2807724 1983
184551169 184556289 10000 100 180494 2023024325 1105971 1027499 3748
184553729 184549889 10001 100 85321 2023176555 1034558 1019520 3768
184553729 184552961 10001 100 8653 2023201196 1083757 1013091 3775
184556801 184552449 10000 100 2158155 2022914028 1491966 1193307 3730
184554753 184552961 10000 100 150346 2023385229 1063356 1024972 3802
184551169 184557057 10000 100 28690 2023385924 1075142 1014771 3803
184550401 184555521 10000 100 73637 2023390558 1095295 1018540 3805
184555009 184551425 10000 100 1226131 2023111298 1443652 1115167 3761
184553473 184549889 10001 100 46397 2023568882 1025229 1016257 3834
184554497 184550401 10000 100 6199751 2021723424 2986858 1532153 3540
184554753 184549633 10001 100 24213 2023699676 1017197 1014398 3851
184555777 184553217 10000 100 26475 2023732102 1032975 1014586 3855
184550913 184555265 10000 100 69592 2023860260 1038490 1018201 3886
184552961 184555521 10000 100 24780 2023807694 1108967 1014443 3874
184557313 184549633 10001 100 171286 2024136337 1032708 1026728 3937
184550913 184555521 10000 100 72947 2024164102 1021207 1018481 3940
184556545 184551937 10002 100 9675 2024160268 1053965 1013177 3939
184556545 184550913 10000 100 46302 2024156543 1077667 1016249 3938
184550913 184557313 10002 100 8759 2024237963 1014304 1013100 3952
184556545 184550657 10000 100 607311 2024307308 1121732 1063284 3962
184556801 184550145 10000 100 71604 2024466819 1022732 1018369 3986
184550145 184555777 10003 100 1500750 2024386798 1314965 1138188 3973
184550657 184553985 10000 100 8171735 2017103967 8744073 1697484 2782
184553729 184552193 10001 100 18957 2024821451 1043336 1013954 4043
184550145 184556801 10002 100 27324 2024852221 1017416 1014658 4050
184556289 184551425 10000 100 41320 2024723926 1166240 1015831 4031
184556801 184551169 10000 100 984711 2024815507 1194223 1094924 4042
184553985 184552705 10000 100 21133 2025151010 1016513 1014140 4105
184551937 184556545 10000 100 38449 2025232174 1080842 1015590 4117
184555009 184550913 10000 100 120158 2025439513 1062702 1022442 4153
184552449 184555009 10000 100 4297 2025508310 1014665 1012727 4162
184557313 184552705 10000 100 189809 2025515948 1041913 1028279 4164
184555777 184549633 10000 100 8818 2025540826 1017444 1013105 4170
184557057 184551425 10001 100 179494 2025501071 1082286 1027415 4161
184556289 184551425 10001 100 26408 2025555878 1035327 1014581 4172
184552193 184555265 10001 100 370 2025571348 1039235 1012398 4177
184554241 184552449 10000 100 9239228 2020045301 6627581 1786984 3259
184553985 184551169 10000 100 68126 2025697421 1046833 1018080 4196
184549377 184553729 10000 100 916140 2025522308 1373215 1089177 4166
184550657 184556033 10000 100 20742 2026092559 1038432 1014105 4264
184556033 184553217 10000 100 133967 2026120677 1055472 1023596 4267
184552193 184556801 10001 100 363040 2026081492 1116076 1042805 4263
184549889 184555521 10001 100 25995 2026217637 1023318 1014544 4283
184553985 184552449 10001 100 17487 2026273838 1022091 1013833 4293
184551681 184554497 10001 100 22501 2026348823 1080680 1014253 4306
184554497 184549377 10001 100 10255 2026420524 1016360 1013227 4311
184557057 184552193 10000 100 7998 2026448569 1024982 1013035 4316
184557057 184551425 10002 100 701203 2026473513 1102169 1071156 4320
184552961 184556289 10000 100 76918 2026585825 1048998 1018814 4344
184551681 184556033 10000 100 122777 2026434706 1264218 1022659 4314
184556289 184550145 10000 100 66881 2026691894 1098844 1017972 4359
184549889 184553985 10003 100 8475385 2018156262 9652234 1722943 2959
184556801 184552961 10000 100 1808029 2026619017 1341792 1163953 4349
184550913 184555777 10002 100 1480919 2026573904 1396665 1136525 4339
184551681 184554241 10001 100 1590682 2026628032 1486751 1145729 4350
184549633 184555265 10001 100 112386 2027098619 1028973 1021789 4425
184551169 184556033 10002 100 2410 2027135821 1032075 1012569 4431
184556545 184551425 10000 100 4835660 2024986520 3300524 1417788 4085
184551169 184557057 10001 100 1933085 2025021907 3503051 1174438 4092
Average intra_dc ratio: 1.4244793812337324
