2003989757 38 1 7 1
2003993993 38 1 7 0
2003999459 38 1 7 1
2004003197 38 1 7 0
2004010176 38 1 7 1
2004013665 38 1 7 0
2004020806 38 1 7 1
2004024378 38 1 7 0
2004060181 38 1 7 1
2004062897 38 1 7 0
2004075900 38 1 7 1
2004078842 38 1 7 0
2004091288 38 1 7 1
2004094024 38 1 7 0
2004104889 38 1 7 1
2004107838 38 1 7 0
2004116857 38 1 7 1
2004120260 38 1 7 0
2004126856 38 1 7 1
2004130117 38 1 7 0
2004136962 38 1 7 1
2004140100 38 1 7 0
2004146692 38 1 7 1
2004150075 38 1 7 0
2004156999 38 1 7 1
2004160311 38 1 7 0
2004167152 38 1 7 1
2004170562 38 1 7 0
2004177905 38 1 7 1
2004181113 38 1 7 0
2004188173 38 1 7 1
2004191735 38 1 7 0
2004198908 38 1 7 1
2004202330 38 1 7 0
2004208088 38 1 7 1
2004212380 38 1 7 0
2004217806 38 1 7 1
2004221391 38 1 7 0
2004229953 38 1 7 1
2004232097 38 1 7 0
2004283995 38 1 7 1
2004288904 38 1 7 0
2004292992 38 1 7 1
2004298438 38 1 7 0
2004302482 38 1 7 1
2004307388 38 1 7 0
2004312183 38 1 7 1
2004316611 38 1 7 0
2004321389 38 1 7 1
2004325712 38 1 7 0
2004330324 38 1 7 1
2004334674 38 1 7 0
2004339482 38 1 7 1
2004343979 38 1 7 0
2004348747 38 1 7 1
2004353368 38 1 7 0
2004358002 38 1 7 1
2004362418 38 1 7 0
2004366997 38 1 7 1
2004371643 38 1 7 0
2004402060 38 1 7 1
2004404435 38 1 7 0
2005698865 36 1 6 1
2005702684 36 1 6 0
2010250652 38 1 7 1
2010419367 38 1 7 0
2010433686 38 1 7 1
2010457514 38 1 7 0
2010464667 38 1 7 1
2010470291 38 1 7 0
2010474037 38 1 7 1
2010479328 38 1 7 0
2010483157 38 1 7 1
2010488638 38 1 7 0
2010492471 38 1 7 1
2010498231 38 1 7 0
2010501977 38 1 7 1
2010507251 38 1 7 0
2010511246 38 1 7 1
2010516175 38 1 7 0
2011089003 47 1 2 1
2011093238 47 1 2 0
2011098414 47 1 2 1
2011103008 47 1 2 0
2011107601 44 1 2 1
2011108026 47 1 2 1
2011112033 47 1 2 0
2011182035 44 1 2 0
2011248943 44 1 2 1
2011251901 44 1 2 0
2011263137 44 1 2 1
2011266225 44 1 2 0
2011315594 44 1 2 1
2011319445 44 1 2 0
2011322303 47 1 2 1
2011324685 44 1 2 1
2011328342 44 1 2 0
2011328463 47 1 2 0
2011332375 47 1 2 1
2011333831 44 1 2 1
2011337907 44 1 2 0
2011338329 47 1 2 0
2011342017 47 1 2 1
2011342483 44 1 2 1
2011345713 47 1 2 0
2011347241 44 1 2 0
2011349658 47 1 2 1
2011351098 44 1 2 1
2011354536 47 1 2 0
2011355142 44 1 2 0
2011358453 47 1 2 1
2011359169 44 1 2 1
2011363411 44 1 2 0
2011364493 47 1 2 0
2011368118 44 1 2 1
2011368339 47 1 2 1
2011373505 44 1 2 0
2011377322 47 1 2 0
2011378125 44 1 2 1
2011380334 47 1 2 1
2011383695 44 1 2 0
2011388415 47 1 2 0
2011391617 47 1 2 1
2011391663 44 1 2 1
2011394417 44 1 2 0
2011398026 47 1 2 0
2011401315 47 1 2 1
2011407176 44 1 2 1
2011408554 47 1 2 0
2011409994 44 1 2 0
2011412258 47 1 2 1
2011418615 44 1 2 1
2011420165 47 1 2 0
2011421838 44 1 2 0
2011423521 47 1 2 1
2011428810 44 1 2 1
2011431593 47 1 2 0
2011432033 44 1 2 0
2011434730 47 1 2 1
2011439349 44 1 2 1
2011442601 44 1 2 0
2011443492 47 1 2 0
2011446930 47 1 2 1
2011453600 47 1 2 0
2011456331 44 1 2 1
2011457030 47 1 2 1
2011459245 44 1 2 0
2011462640 47 1 2 0
2011466259 47 1 2 1
2011468664 44 1 2 1
2011471373 44 1 2 0
2011471934 47 1 2 0
2011475701 47 1 2 1
2011482040 47 1 2 0
2011482212 44 1 2 1
2011485067 44 1 2 0
2011485968 47 1 2 1
2011490994 47 1 2 0
2011495217 47 1 2 1
2011499991 47 1 2 0
2011502883 44 1 2 1
2011504455 47 1 2 1
2011505453 44 1 2 0
2011508887 47 1 2 0
2011513817 47 1 2 1
2011516157 44 1 2 1
2011517905 47 1 2 0
2011519290 44 1 2 0
2011523634 47 1 2 1
2011527607 47 1 2 0
2011529282 44 1 2 1
2011533477 44 1 2 0
2011534095 47 1 2 1
2011538155 47 1 2 0
2011542788 47 1 2 1
2011543204 44 1 2 1
2011546662 47 1 2 0
2011546782 44 1 2 0
2011552268 47 1 2 1
2011554473 44 1 2 1
2011556131 47 1 2 0
2011558444 44 1 2 0
2011562592 47 1 2 1
2011565226 44 1 2 1
2011566095 47 1 2 0
2011568188 44 1 2 0
2011573507 44 1 2 1
2011575794 47 1 2 1
2011578060 44 1 2 0
2011578601 47 1 2 0
2011585293 44 1 2 1
2011588838 44 1 2 0
2011591485 47 1 2 1
2011594466 47 1 2 0
2011598712 47 1 2 1
2011601550 47 1 2 0
2011602116 44 1 2 1
2011604782 44 1 2 0
2011607845 47 1 2 1
2011610754 47 1 2 0
2011617838 44 1 2 1
2011619076 37 1 6 1
2011625161 37 1 6 0
2011628702 37 1 6 1
2011629721 44 1 2 0
2011633167 44 1 2 1
2011634726 37 1 6 0
2011638271 37 1 6 1
2011644154 37 1 6 0
2011647145 44 1 2 0
2011647873 37 1 6 1
2011651528 44 1 2 1
2011653716 37 1 6 0
2011654857 44 1 2 0
2011657566 37 1 6 1
2011662221 44 1 2 1
2011663104 37 1 6 0
2011665158 44 1 2 0
2011667041 37 1 6 1
2011668963 47 1 2 1
2011672915 37 1 6 0
2011673466 47 1 2 0
2011676838 37 1 6 1
2011677258 44 1 2 1
2011680422 44 1 2 0
2011680539 47 1 2 1
2011682295 37 1 6 0
2011683215 47 1 2 0
2011685983 37 1 6 1
2011690414 37 1 6 0
2011690743 44 1 2 1
2011693573 44 1 2 0
2011695060 47 1 2 1
2011696764 37 1 6 1
2011697376 47 1 2 0
2011700055 37 1 6 0
2011700763 39 1 8 1
2011703815 44 1 2 1
2011704732 39 1 8 0
2011706590 44 1 2 0
2011706686 37 1 6 1
2011710103 37 1 6 0
2011710729 39 1 8 1
2011714273 39 1 8 0
2011717783 37 1 6 1
2011719790 47 1 2 1
2011721068 37 1 6 0
2011722180 39 1 8 1
2011724370 47 1 2 0
2011726952 39 1 8 0
2011727007 37 1 6 1
2011731148 37 1 6 0
2011731660 47 1 2 1
2011734301 39 1 8 1
2011735999 47 1 2 0
2011736410 37 1 6 1
2011738669 39 1 8 0
2011740553 37 1 6 0
2011741489 44 1 2 1
2011744114 44 1 2 0
2011745771 37 1 6 1
2011748509 39 1 8 1
2011749598 37 1 6 0
2011751365 39 1 8 0
2011752402 44 1 2 1
2011755259 37 1 6 1
2011755411 44 1 2 0
2011758407 37 1 6 0
2011760015 44 1 2 1
2011764455 44 1 2 0
2011768676 44 1 2 1
2011773748 44 1 2 0
2011777567 44 1 2 1
2011780890 39 1 8 1
2011782879 44 1 2 0
2011783429 39 1 8 0
2011786947 44 1 2 1
2011796441 44 1 2 0
2011800707 39 1 8 1
2011802294 44 1 2 1
2011803344 39 1 8 0
2011807165 44 1 2 0
2011812437 44 1 2 1
2011812767 39 1 8 1
2011815716 39 1 8 0
2011817511 44 1 2 0
2011821526 44 1 2 1
2011825669 44 1 2 0
2011829523 44 1 2 1
2011832439 44 1 2 0
2011835657 44 1 2 1
2011838400 44 1 2 0
2011842724 44 1 2 1
2011845566 44 1 2 0
2011849407 44 1 2 1
2011852409 44 1 2 0
2011856677 44 1 2 1
2011860305 44 1 2 0
2011863913 39 1 8 1
2011865799 44 1 2 1
2011866784 39 1 8 0
2011868131 44 1 2 0
2011878471 44 1 2 1
2011881530 44 1 2 0
2011894827 44 1 2 1
2011898544 44 1 2 0
2011909541 44 1 2 1
2011915388 44 1 2 0
2011930848 44 1 2 1
2011935007 44 1 2 0
2012122963 45 1 3 1
2012126921 45 1 3 0
2012132625 45 1 3 1
2012136557 45 1 3 0
2012142377 45 1 3 1
2012146304 45 1 3 0
2012154065 45 1 3 1
2012157216 45 1 3 0
2012164633 45 1 3 1
2012167784 45 1 3 0
2012175447 45 1 3 1
2012179164 45 1 3 0
2012186199 45 1 3 1
2012189464 45 1 3 0
2012197459 45 1 3 1
2012200861 45 1 3 0
2012209070 45 1 3 1
2012212230 45 1 3 0
2012221334 45 1 3 1
2012224392 45 1 3 0
2012233475 45 1 3 1
2012236515 45 1 3 0
2012242814 45 1 3 1
2012246685 45 1 3 0
2012256921 45 1 3 1
2012259693 45 1 3 0
2012272506 45 1 3 1
2012275581 45 1 3 0
2012288893 45 1 3 1
2012291968 45 1 3 0
2012301953 45 1 3 1
2012304820 45 1 3 0
2012314114 45 1 3 1
2012317035 45 1 3 0
2012326940 45 1 3 1
2012329907 45 1 3 0
2012348359 45 1 3 1
2012350807 45 1 3 0
2012376260 45 1 3 1
2012378640 45 1 3 0
2012410430 45 1 3 1
2012412725 45 1 3 0
2013786036 45 1 4 1
2013789501 45 1 4 0
2013807853 45 1 4 1
2013809052 45 1 4 0
2013816570 45 1 4 1
2013821160 45 1 4 0
2013830462 45 1 4 1
2013833590 45 1 4 0
2013846488 45 1 4 1
2013849265 45 1 4 0
2013859071 45 1 4 1
2013861629 45 1 4 0
2013876506 45 1 4 1
2013879385 45 1 4 0
2013894057 45 1 4 1
2013897146 45 1 4 0
2013917052 45 1 4 1
2013921058 45 1 4 0
2013947122 45 1 4 1
2013949787 45 1 4 0
2013958996 45 1 4 1
2013962450 45 1 4 0
2013969572 45 1 4 1
2013972952 45 1 4 0
2013977797 45 1 4 1
2013983217 45 1 4 0
2013987890 45 1 4 1
2013994171 45 1 4 0
2013997812 45 1 4 1
2014004492 45 1 4 0
2014008138 45 1 4 1
2014014140 45 1 4 0
2014017562 45 1 4 1
2014024407 45 1 4 0
2014028931 45 1 4 1
2014033476 45 1 4 0
2014038153 45 1 4 1
2014042598 45 1 4 0
2014047527 45 1 4 1
2014051730 45 1 4 0
2014056771 45 1 4 1
2014062608 45 1 4 0
2014067318 45 1 4 1
2014071868 45 1 4 0
2014077029 45 1 4 1
2014081236 45 1 4 0
2014086317 45 1 4 1
2014090747 45 1 4 0
2014095099 45 1 4 1
2014099034 45 1 4 0
2014104278 45 1 4 1
2014108205 45 1 4 0
2014113170 45 1 4 1
2014117601 45 1 4 0
2014123060 45 1 4 1
2014127262 45 1 4 0
2014132300 45 1 4 1
2014136567 45 1 4 0
2014141261 45 1 4 1
2014145849 45 1 4 0
2014150264 45 1 4 1
2014155544 45 1 4 0
2014159433 45 1 4 1
2014164473 45 1 4 0
2014169319 45 1 4 1
2014173583 45 1 4 0
2014177820 45 1 4 1
2014178172 46 1 4 1
2014181209 45 1 4 0
2014187129 46 1 4 0
2014190118 46 1 4 1
2014198246 46 1 4 0
2014201879 46 1 4 1
2014210518 46 1 4 0
2014214280 46 1 4 1
2014222066 46 1 4 0
2014226384 46 1 4 1
2014233203 46 1 4 0
2014238941 46 1 4 1
2014246347 46 1 4 0
2014249671 46 1 4 1
2014254005 46 1 4 0
2014257214 46 1 4 1
2014274393 46 1 4 0
2014277047 46 1 4 1
2014285637 46 1 4 0
2014289475 46 1 4 1
2014293901 47 1 4 1
2014296986 46 1 4 0
2014300733 46 1 4 1
2014308042 46 1 4 0
2014311785 46 1 4 1
2014312727 47 1 4 0
2014315387 47 1 4 1
2014316627 46 1 4 0
2014319951 46 1 4 1
2014327592 46 1 4 0
2014330742 46 1 4 1
2014338586 46 1 4 0
2014344020 47 1 4 0
2014346685 47 1 4 1
2014364708 46 1 4 1
2014369252 46 1 4 0
2014378694 45 1 4 1
2014379541 47 1 4 0
2014382355 47 1 4 1
2014382980 45 1 4 0
2014390075 45 1 4 1
2014392902 45 1 4 0
2014401812 38 1 6 1
2014406235 47 1 4 0
2014407119 45 1 4 1
2014408793 47 1 4 1
2014409786 45 1 4 0
2014427283 45 1 4 1
2014428761 47 1 4 0
2014430445 45 1 4 0
2014431568 47 1 4 1
2014446451 45 1 4 1
2014448041 47 1 4 0
2014449927 45 1 4 0
2014450998 47 1 4 1
2014461095 47 1 4 0
2014464225 45 1 4 1
2014465310 47 1 4 1
2014467157 45 1 4 0
2014474326 47 1 4 0
2014478837 47 1 4 1
2014478928 45 1 4 1
2014481772 45 1 4 0
2014485183 47 1 4 0
2014488694 47 1 4 1
2014493585 47 1 4 0
2014493974 45 1 4 1
2014497095 45 1 4 0
2014497111 47 1 4 1
2014498406 37 1 6 1
2014503687 47 1 4 0
2014507031 45 1 4 1
2014508107 47 1 4 1
2014510324 45 1 4 0
2014513998 47 1 4 0
2014517521 47 1 4 1
2014522285 45 1 4 1
2014522463 47 1 4 0
2014524509 45 1 4 0
2014526001 47 1 4 1
2014532150 47 1 4 0
2014534543 45 1 4 1
2014536435 47 1 4 1
2014537433 45 1 4 0
2014543960 47 1 4 0
2014548226 47 1 4 1
2014549211 45 1 4 1
2014552386 45 1 4 0
2014557696 47 1 4 0
2014560954 47 1 4 1
2014561542 45 1 4 1
2014567573 47 1 4 0
2014569220 45 1 4 0
2014570669 47 1 4 1
2014573200 45 1 4 1
2014578543 47 1 4 0
2014581939 47 1 4 1
2014583302 45 1 4 0
2014587278 45 1 4 1
2014590545 47 1 4 0
2014594337 47 1 4 1
2014598795 45 1 4 0
2014598987 47 1 4 0
2014603064 47 1 4 1
2014605333 45 1 4 1
2014610613 47 1 4 0
2014614090 45 1 4 0
2014615151 47 1 4 1
2014619509 45 1 4 1
2014623502 47 1 4 0
2014624040 45 1 4 0
2014627328 45 1 4 1
2014628239 47 1 4 1
2014632580 47 1 4 0
2014635806 47 1 4 1
2014636278 45 1 4 0
2014640242 45 1 4 1
2014642228 47 1 4 0
2014646601 47 1 4 1
2014650056 47 1 4 0
2014651698 45 1 4 0
2014654033 47 1 4 1
2014656544 45 1 4 1
2014660249 47 1 4 0
2014661607 45 1 4 0
2014664211 45 1 4 1
2014664705 47 1 4 1
2014668314 47 1 4 0
2014672018 47 1 4 1
2014673075 45 1 4 0
2014677656 45 1 4 1
2014677945 38 1 6 0
2014678008 47 1 4 0
2014681496 45 1 4 0
2014681979 47 1 4 1
2014684709 45 1 4 1
2014686221 47 1 4 0
2014690949 47 1 4 1
2014691868 38 1 6 1
2014692627 45 1 4 0
2014696702 47 1 4 0
2014697536 45 1 4 1
2014700881 47 1 4 1
2014702453 45 1 4 0
2014705147 47 1 4 0
2014705310 45 1 4 1
2014711148 47 1 4 1
2014712745 45 1 4 0
2014715521 47 1 4 0
2014715954 38 1 6 0
2014717970 45 1 4 1
2014718977 38 1 6 1
2014719471 47 1 4 1
2014722179 45 1 4 0
2014723832 47 1 4 0
2014726148 45 1 4 1
2014734122 47 1 4 1
2014734172 45 1 4 0
2014738286 45 1 4 1
2014738829 47 1 4 0
2014742186 45 1 4 0
2014743070 47 1 4 1
2014745395 38 1 6 0
2014746121 45 1 4 1
2014746825 47 1 4 0
2014748339 38 1 6 1
2014752898 47 1 4 1
2014757212 45 1 4 0
2014760779 45 1 4 1
2014761359 47 1 4 0
2014764473 47 1 4 1
2014765661 45 1 4 0
2014768432 45 1 4 1
2014769433 47 1 4 0
2014773903 47 1 4 1
2014778725 45 1 4 0
2014780574 47 1 4 0
2014782805 45 1 4 1
2014783345 38 1 6 0
2014783763 47 1 4 1
2014785779 38 1 6 1
2014787440 45 1 4 0
2014789911 47 1 4 0
2014790180 45 1 4 1
2014794208 47 1 4 1
2014798915 47 1 4 0
2014801470 45 1 4 0
2014802307 47 1 4 1
2014805960 45 1 4 1
2014809827 47 1 4 0
2014814422 47 1 4 1
2014819592 47 1 4 0
2014819908 45 1 4 0
2014822967 47 1 4 1
2014824374 38 1 6 0
2014824692 45 1 4 1
2014827073 38 1 6 1
2014830253 47 1 4 0
2014830983 45 1 4 0
2014833684 47 1 4 1
2014834213 45 1 4 1
2014838557 47 1 4 0
2014842564 47 1 4 1
2014844150 45 1 4 0
2014847961 45 1 4 1
2014849473 47 1 4 0
2014853136 47 1 4 1
2014855403 47 1 4 0
2014855844 45 1 4 0
2014859657 45 1 4 1
2014859871 38 1 6 0
2014861843 47 1 4 1
2014862305 38 1 6 1
2014865114 45 1 4 0
2014866817 47 1 4 0
2014868549 45 1 4 1
2014870652 47 1 4 1
2014874125 47 1 4 0
2014874626 45 1 4 0
2014879262 45 1 4 1
2014880260 47 1 4 1
2014884953 47 1 4 0
2014885455 45 1 4 0
2014888763 38 1 6 0
2014889004 47 1 4 1
2014889116 45 1 4 1
2014891185 38 1 6 1
2014892556 47 1 4 0
2014893758 45 1 4 0
2014898377 45 1 4 1
2014899003 47 1 4 1
2014903347 45 1 4 0
2014903504 47 1 4 0
2014907278 45 1 4 1
2014907772 47 1 4 1
2014911591 47 1 4 0
2014912174 45 1 4 0
2014915569 38 1 6 0
2014916688 45 1 4 1
2014917518 47 1 4 1
2014918604 38 1 6 1
2014922899 47 1 4 0
2014923575 45 1 4 0
2014927050 47 1 4 1
2014927298 45 1 4 1
2014930699 47 1 4 0
2014933063 45 1 4 0
2014936432 47 1 4 1
2014936835 45 1 4 1
2014942042 47 1 4 0
2014944996 45 1 4 0
2014946347 47 1 4 1
2014948687 45 1 4 1
2014949778 47 1 4 0
2014956657 47 1 4 1
2014957048 45 1 4 0
2014960621 38 1 6 0
2014960871 45 1 4 1
2014962081 47 1 4 0
2014963134 38 1 6 1
2014966880 45 1 4 0
2014968210 47 1 4 1
2014970094 45 1 4 1
2014973648 47 1 4 0
2014975595 45 1 4 0
2014979154 45 1 4 1
2014979384 47 1 4 1
2014983025 47 1 4 0
2014983792 45 1 4 0
2014988618 45 1 4 1
2014989064 38 1 6 0
2014990474 47 1 4 1
2014991403 38 1 6 1
2014992850 45 1 4 0
2014993717 47 1 4 0
2014999120 47 1 4 1
2014999829 45 1 4 1
2015004176 47 1 4 0
2015005931 45 1 4 0
2015009930 45 1 4 1
2015010181 47 1 4 1
2015014329 47 1 4 0
2015015688 45 1 4 0
2015018574 47 1 4 1
2015019193 45 1 4 1
2015023476 47 1 4 0
2015025358 45 1 4 0
2015028281 38 1 6 0
2015028661 47 1 4 1
2015042998 37 1 6 0
2015044596 38 1 6 1
2015046225 47 1 4 0
2015049031 47 1 4 1
2015051010 38 1 6 0
2015054673 38 1 6 1
2015056656 37 1 6 1
2015060249 38 1 6 0
2015060916 37 1 6 0
2015064501 38 1 6 1
2015066703 37 1 6 1
2015069994 38 1 6 0
2015070312 37 1 6 0
2015074375 37 1 6 1
2015074491 38 1 6 1
2015079044 37 1 6 0
2015079905 38 1 6 0
2015083321 37 1 6 1
2015083983 38 1 6 1
2015088460 37 1 6 0
2015088563 38 1 6 0
2015092476 37 1 6 1
2015092811 38 1 6 1
2015094441 47 1 4 0
2015096837 47 1 4 1
2015096959 37 1 6 0
2015097806 38 1 6 0
2015100903 37 1 6 1
2015101884 38 1 6 1
2015105638 37 1 6 0
2015106883 38 1 6 0
2015106958 47 1 4 0
2015109849 37 1 6 1
2015109890 47 1 4 1
2015111044 38 1 6 1
2015114889 37 1 6 0
2015115707 38 1 6 0
2015117873 47 1 4 0
2015119181 37 1 6 1
2015120038 38 1 6 1
2015120972 47 1 4 1
2015123396 37 1 6 0
2015124203 38 1 6 0
2015127696 37 1 6 1
2015128779 38 1 6 1
2015129119 47 1 4 0
2015132013 37 1 6 0
2015132470 47 1 4 1
2015133031 38 1 6 0
2015136653 37 1 6 1
2015137773 38 1 6 1
2015141018 37 1 6 0
2015141037 47 1 4 0
2015141942 38 1 6 0
2015145720 47 1 4 1
2015145737 37 1 6 1
2015146850 38 1 6 1
2015149552 37 1 6 0
2015151015 38 1 6 0
2015153224 47 1 4 0
2015154366 37 1 6 1
2015155761 38 1 6 1
2015158122 37 1 6 0
2015158255 47 1 4 1
2015159511 38 1 6 0
2015163593 37 1 6 1
2015163954 47 1 4 0
2015164340 38 1 6 1
2015167203 37 1 6 0
2015167214 47 1 4 1
2015168173 38 1 6 0
2015172048 47 1 4 0
2015172840 38 1 6 1
2015172855 37 1 6 1
2015175731 47 1 4 1
2015176171 37 1 6 0
2015177254 38 1 6 0
2015182219 47 1 4 0
2015182245 38 1 6 1
2015183362 37 1 6 1
2015186390 37 1 6 0
2015186663 38 1 6 0
2015186857 47 1 4 1
2015191382 38 1 6 1
2015192042 37 1 6 1
2015192216 47 1 4 0
2015195907 47 1 4 1
2015196210 38 1 6 0
2015196467 37 1 6 0
2015199960 47 1 4 0
2015201020 37 1 6 1
2015201684 38 1 6 1
2015203323 47 1 4 1
2015205826 37 1 6 0
2015205908 38 1 6 0
2015209787 47 1 4 0
2015210122 37 1 6 1
2015211225 38 1 6 1
2015213565 47 1 4 1
2015215178 37 1 6 0
2015215409 38 1 6 0
2015219452 37 1 6 1
2015219606 47 1 4 0
2015219735 38 1 6 1
2015220449 36 1 6 1
2015223471 47 1 4 1
2015223891 38 1 6 0
2015224516 37 1 6 0
2015229606 37 1 6 1
2015230760 38 1 6 1
2015231341 47 1 4 0
2015233709 37 1 6 0
2015234080 38 1 6 0
2015234364 47 1 4 1
2015237995 47 1 4 0
2015239309 37 1 6 1
2015239879 38 1 6 1
2015240848 47 1 4 1
2015243419 38 1 6 0
2015243755 37 1 6 0
2015245640 47 1 4 0
2015248663 47 1 4 1
2015248992 37 1 6 1
2015250016 38 1 6 1
2015253063 37 1 6 0
2015253689 38 1 6 0
2015255127 47 1 4 0
2015257074 44 1 2 1
2015258047 37 1 6 1
2015259118 47 1 4 1
2015260329 38 1 6 1
2015260706 44 1 2 0
2015262196 37 1 6 0
2015263545 38 1 6 0
2015264529 47 1 4 0
2015267377 37 1 6 1
2015268145 47 1 4 1
2015269007 44 1 2 1
2015269526 37 1 6 0
2015269821 38 1 6 1
2015272220 44 1 2 0
2015273114 38 1 6 0
2015274504 47 1 4 0
2015278792 47 1 4 1
2015280940 44 1 2 1
2015283825 44 1 2 0
2015289460 47 1 4 0
2015294285 47 1 4 1
2015294913 44 1 2 1
2015298000 44 1 2 0
2015298589 47 1 4 0
2015301687 47 1 4 1
2015307566 44 1 2 1
2015308594 47 1 4 0
2015310427 44 1 2 0
2015312755 47 1 4 1
2015317152 47 1 4 0
2015320815 47 1 4 1
2015330825 47 1 4 0
2015333990 47 1 4 1
2015341304 47 1 4 0
2015345631 47 1 4 1
2015356102 47 1 4 0
2015357601 44 1 2 1
2015359983 44 1 2 0
2015360184 47 1 4 1
2015366698 47 1 4 0
2015371108 47 1 4 1
2015380845 47 1 4 0
2015385089 47 1 4 1
2015392421 47 1 4 0
2015398072 47 1 4 1
2015407901 47 1 4 0
2015409766 38 1 6 1
2015411066 47 1 4 1
2015412949 38 1 6 0
2015419212 47 1 4 0
2015420830 38 1 6 1
2015423983 38 1 6 0
2015428962 47 1 4 1
2015431627 38 1 6 1
2015434857 38 1 6 0
2015437851 47 1 4 0
2015441995 38 1 6 1
2015442670 47 1 4 1
2015445201 38 1 6 0
2015450325 47 1 4 0
2015451663 38 1 6 1
2015454308 36 1 6 0
2015455656 47 1 4 1
2015460817 36 1 6 1
2015465982 47 1 4 0
2015466148 38 1 6 0
2015469800 38 1 6 1
2015474750 47 1 4 1
2015479727 47 1 4 0
2015485356 47 1 4 1
2015487597 47 1 4 0
2015489678 38 1 6 0
2015493257 47 1 4 1
2015494128 38 1 6 1
2015496721 47 1 4 0
2015506224 47 1 4 1
2015507141 36 1 6 0
2015508516 47 1 4 0
2015522464 38 1 6 0
2015528066 38 1 6 1
2015528563 47 1 4 1
2015530663 36 1 6 1
2015531306 47 1 4 0
2015531386 38 1 6 0
2015536259 36 1 6 0
2015537113 38 1 6 1
2015539515 36 1 6 1
2015540570 38 1 6 0
2015541226 47 1 4 1
2015543696 36 1 6 0
2015544002 38 1 6 1
2015544794 47 1 4 0
2015551051 36 1 6 1
2015551410 38 1 6 0
2015553347 47 1 4 1
2015553919 38 1 6 1
2015553979 36 1 6 0
2015556404 47 1 4 0
2015559395 38 1 6 0
2015560073 36 1 6 1
2015562179 38 1 6 1
2015562578 36 1 6 0
2015565067 47 1 4 1
2015568275 47 1 4 0
2015579526 38 1 6 0
2015579554 36 1 6 1
2015583557 38 1 6 1
2015583743 36 1 6 0
2015601023 38 1 6 0
2015601641 36 1 6 1
2015605750 38 1 6 1
2015606119 36 1 6 0
2015615605 38 1 6 0
2015616519 36 1 6 1
2015618868 38 1 6 1
2015619285 36 1 6 0
2015636078 36 1 6 1
2015638741 36 1 6 0
2015639242 38 1 6 0
2015641697 38 1 6 1
2015650819 36 1 6 1
2015653305 36 1 6 0
2015674539 38 1 6 0
2015677107 36 1 6 1
2015679887 38 1 6 1
2015682818 36 1 6 0
2015684355 38 1 6 0
2015687019 36 1 6 1
2015688675 38 1 6 1
2015692896 36 1 6 0
2015693228 38 1 6 0
2015696840 36 1 6 1
2015697635 38 1 6 1
2015702583 36 1 6 0
2015706788 36 1 6 1
2015711721 38 1 6 0
2015712752 36 1 6 0
2015715299 38 1 6 1
2015715953 36 1 6 1
2015722170 36 1 6 0
2015727731 36 1 6 1
2015728995 38 1 6 0
2015732101 38 1 6 1
2015735810 36 1 6 0
2015743205 36 1 6 1
2015748182 38 1 6 0
2015751322 38 1 6 1
2015751533 36 1 6 0
2015759983 36 1 6 1
2015763387 38 1 6 0
2015764310 36 1 6 0
2015768654 38 1 6 1
2015775293 36 1 6 1
2015778228 38 1 6 0
2015780035 36 1 6 0
2015782212 38 1 6 1
2015791607 36 1 6 1
2015794406 38 1 6 0
2015797270 36 1 6 0
2015797662 38 1 6 1
2015805415 36 1 6 1
2015807729 24 0 1 1
2015812513 36 1 6 0
2015812919 38 1 6 0
2015815586 38 1 6 1
2015819844 36 1 6 1
2015826376 38 1 6 0
2015829115 38 1 6 1
2015833475 36 1 6 0
2015835976 36 1 6 1
2015837332 38 1 6 0
2015840434 38 1 6 1
2015848869 38 1 6 0
2015850322 36 1 6 0
2015852106 38 1 6 1
2015854289 36 1 6 1
2015862647 38 1 6 0
2015865137 38 1 6 1
2015871113 38 1 6 0
2015874228 36 1 6 0
2015876433 38 1 6 1
2015877650 36 1 6 1
2015885924 38 1 6 0
2015888670 38 1 6 1
2015896605 36 1 6 0
2015896981 38 1 6 0
2015899351 36 1 6 1
2015900221 38 1 6 1
2015905504 36 1 6 0
2015907702 38 1 6 0
2015908918 36 1 6 1
2015913913 36 1 6 0
2015915021 38 1 6 1
2015918842 38 1 6 0
2015920307 36 1 6 1
2015924215 36 1 6 0
2015935327 24 0 1 0
2015978773 36 1 6 1
2015982847 36 1 6 0
2015989585 36 1 6 1
2015992908 36 1 6 0
2015999457 36 1 6 1
2016003045 36 1 6 0
2016009641 36 1 6 1
2016013138 36 1 6 0
2016019291 36 1 6 1
2016022622 36 1 6 0
2016028447 36 1 6 1
2016035098 36 1 6 0
2016043160 36 1 6 1
2016045640 26 0 1 1
2016050139 36 1 6 0
2016058778 36 1 6 1
2016058870 26 0 1 0
2016066101 36 1 6 0
2016066276 26 0 1 1
2016074788 36 1 6 1
2016081854 36 1 6 0
2016087545 26 0 1 0
2016090169 36 1 6 1
2016093741 36 1 6 0
2016096815 36 1 6 1
2016097702 26 0 1 1
2016100810 36 1 6 0
2016107370 36 1 6 1
2016110610 36 1 6 0
2016115462 26 0 1 0
2016126445 26 0 1 1
2016130933 26 0 1 0
2016135683 26 0 1 1
2016140143 26 0 1 0
2016144806 26 0 1 1
2016149847 26 0 1 0
2016154601 26 0 1 1
2016158460 26 0 1 0
2016164708 26 0 1 1
2016168251 26 0 1 0
2016175902 26 0 1 1
2016179466 26 0 1 0
2016187627 26 0 1 1
2016190971 26 0 1 0
2016204523 26 0 1 1
2016207173 26 0 1 0
2016221559 26 0 1 1
2016224383 26 0 1 0
2016655843 46 1 4 1
2016660885 46 1 4 0
2016665087 46 1 4 1
2016670028 46 1 4 0
2016679773 46 1 4 1
2016682263 46 1 4 0
2016693352 46 1 4 1
2016696158 46 1 4 0
2016715476 46 1 4 1
2016717885 46 1 4 0
2016740038 46 1 4 1
2016743257 46 1 4 0
2016751140 46 1 4 1
2016754251 46 1 4 0
2016762300 46 1 4 1
2016765548 46 1 4 0
2016773692 46 1 4 1
2016776823 46 1 4 0
2016794653 45 1 3 1
2016798659 45 1 3 0
2016804106 45 1 3 1
2016808369 45 1 3 0
2016813725 45 1 3 1
2016818105 45 1 3 0
2016823145 45 1 3 1
2016827059 45 1 3 0
2016832447 45 1 3 1
2016836494 45 1 3 0
2016840592 45 1 3 1
2016845033 45 1 3 0
2016849543 45 1 3 1
2016854368 45 1 3 0
2016858779 45 1 3 1
2016863380 45 1 3 0
2016867898 45 1 3 1
2016872313 45 1 3 0
2016877357 45 1 3 1
2016880966 45 1 3 0
2016886508 45 1 3 1
2016890069 45 1 3 0
2016896132 45 1 3 1
2016899836 45 1 3 0
2016906422 45 1 3 1
2016909818 45 1 3 0
2016916260 45 1 3 1
2016919459 45 1 3 0
2016925870 45 1 3 1
2016929609 45 1 3 0
2016934684 45 1 3 1
2016938454 45 1 3 0
2016994992 44 1 3 1
2016999850 44 1 3 0
2017005037 44 1 3 1
2017009453 44 1 3 0
2017014197 44 1 3 1
2017019268 44 1 3 0
2017023536 44 1 3 1
2017028302 44 1 3 0
2017032582 44 1 3 1
2017037212 44 1 3 0
2017041549 44 1 3 1
2017046211 44 1 3 0
2017050568 44 1 3 1
2017055635 44 1 3 0
2017059663 44 1 3 1
2017064989 44 1 3 0
2017069944 44 1 3 1
2017074589 44 1 3 0
2017078534 44 1 3 1
2017082234 44 1 3 0
2017086725 44 1 3 1
2017091714 44 1 3 0
2017095853 44 1 3 1
2017101368 44 1 3 0
2017105246 44 1 3 1
2017110251 44 1 3 0
2017113797 44 1 3 1
2017120170 44 1 3 0
2017124040 44 1 3 1
2017130235 44 1 3 0
2017133796 44 1 3 1
2017138207 44 1 3 0
2017142448 44 1 3 1
2017147792 44 1 3 0
2017151954 44 1 3 1
2017158099 44 1 3 0
2017162344 44 1 3 1
2017167356 44 1 3 0
2017171514 44 1 3 1
2017176269 44 1 3 0
2017180937 44 1 3 1
2017185953 44 1 3 0
2017190712 44 1 3 1
2017195467 44 1 3 0
2017199902 44 1 3 1
2017204337 44 1 3 0
2017208262 44 1 3 1
2017213029 44 1 3 0
2017218040 44 1 3 1
2017223525 44 1 3 0
2017227461 44 1 3 1
2017232559 44 1 3 0
2017236991 44 1 3 1
2017241500 44 1 3 0
2018334613 45 1 4 1
2018338720 45 1 4 0
2018343436 45 1 4 1
2018347705 45 1 4 0
2018352516 45 1 4 1
2018356809 45 1 4 0
2018361347 45 1 4 1
2018365561 45 1 4 0
2018370439 45 1 4 1
2018375155 45 1 4 0
2018379962 45 1 4 1
2018384607 45 1 4 0
2018388892 45 1 4 1
2018393161 45 1 4 0
2018397351 45 1 4 1
2018401944 45 1 4 0
2018406980 45 1 4 1
2018411423 45 1 4 0
2018416012 45 1 4 1
2018420020 45 1 4 0
2018424787 45 1 4 1
2018429044 45 1 4 0
2018433961 45 1 4 1
2018438392 45 1 4 0
2018444183 45 1 4 1
2018447250 45 1 4 0
2018457485 45 1 4 1
2018460291 45 1 4 0
2018472194 45 1 4 1
2018475340 45 1 4 0
2019645258 47 1 2 1
2019651067 47 1 2 0
2019654952 47 1 2 1
2019661297 47 1 2 0
2019665197 47 1 2 1
2019671178 47 1 2 0
2019676120 47 1 2 1
2019680893 47 1 2 0
2019687733 47 1 2 1
2019692399 47 1 2 0
2019697146 47 1 2 1
2019702147 47 1 2 0
2019707072 47 1 2 1
2019711519 47 1 2 0
2019717069 47 1 2 1
2019721611 47 1 2 0
2019727169 47 1 2 1
2019731764 47 1 2 0
2019737245 47 1 2 1
2019741520 47 1 2 0
2019747070 47 1 2 1
2019751489 47 1 2 0
2019758536 47 1 2 1
2019762382 47 1 2 0
2019769055 47 1 2 1
2019772656 47 1 2 0
2019779357 47 1 2 1
2019782780 47 1 2 0
2019790315 47 1 2 1
2019794517 47 1 2 0
2019800075 47 1 2 1
2019803858 47 1 2 0
2019810171 47 1 2 1
2019813756 47 1 2 0
2019819656 47 1 2 1
2019823685 47 1 2 0
2019830575 47 1 2 1
2019831639 36 1 8 1
2019834816 47 1 2 0
2019838581 36 1 8 0
2019839514 47 1 2 1
2019842330 36 1 8 1
2019843449 47 1 2 0
2019847909 36 1 8 0
2019848052 47 1 2 1
2019850751 47 1 2 0
2019850890 36 1 8 1
2019855961 36 1 8 0
2019861144 36 1 8 1
2019865630 36 1 8 0
2019870763 36 1 8 1
2019875579 36 1 8 0
2019879790 36 1 8 1
2019884863 36 1 8 0
2019889062 36 1 8 1
2019893660 36 1 8 0
2019898068 36 1 8 1
2019903006 36 1 8 0
2019907620 36 1 8 1
2019912404 36 1 8 0
2019916654 36 1 8 1
2019921007 36 1 8 0
2019925981 36 1 8 1
2019930196 36 1 8 0
2019935503 36 1 8 1
2019939853 36 1 8 0
2019945166 36 1 8 1
2019949306 36 1 8 0
2019954304 36 1 8 1
2019958507 36 1 8 0
2019963153 36 1 8 1
2019967095 36 1 8 0
2019972397 36 1 8 1
2019976683 36 1 8 0
2019981760 36 1 8 1
2019986046 36 1 8 0
2019990957 36 1 8 1
2019994539 36 1 8 0
2019999105 36 1 8 1
2020003469 36 1 8 0
2020008576 36 1 8 1
2020012572 36 1 8 0
2020018094 36 1 8 1
2020021667 36 1 8 0
2020027956 36 1 8 1
2020032122 36 1 8 0
2020037063 36 1 8 1
2020040988 36 1 8 0
2020045842 36 1 8 1
2020049771 36 1 8 0
2020055558 36 1 8 1
2020059570 36 1 8 0
2020065962 36 1 8 1
2020069879 36 1 8 0
2020075172 36 1 8 1
2020079516 36 1 8 0
2020084884 36 1 8 1
2020088544 36 1 8 0
2020093900 36 1 8 1
2020097643 36 1 8 0
2020103173 36 1 8 1
2020107078 36 1 8 0
2020112509 36 1 8 1
2020116422 36 1 8 0
2020121798 36 1 8 1
2020124272 36 1 8 0
2020161135 47 1 2 1
2020167273 47 1 2 0
2020171142 47 1 2 1
2020176446 47 1 2 0
2020180572 47 1 2 1
2020186386 47 1 2 0
2020190085 47 1 2 1
2020195978 47 1 2 0
2020199764 47 1 2 1
2020209910 47 1 2 0
2020213384 47 1 2 1
2020225344 47 1 2 0
2020229723 47 1 2 1
2020234659 47 1 2 0
2020238330 47 1 2 1
2020241823 47 1 2 0
2020245312 47 1 2 1
2020249963 47 1 2 0
2020255942 47 1 2 1
2020258767 47 1 2 0
2020264003 47 1 2 1
2020268160 47 1 2 0
2020273724 47 1 2 1
2020277964 47 1 2 0
2020281785 47 1 2 1
2020287598 47 1 2 0
2020293328 47 1 2 1
2020296572 47 1 2 0
2020301970 47 1 2 1
2020306787 47 1 2 0
2020312868 47 1 2 1
2020316693 47 1 2 0
2020323419 47 1 2 1
2020327821 47 1 2 0
2020333721 47 1 2 1
2020337131 47 1 2 0
2020342703 47 1 2 1
2020347022 47 1 2 0
2020353333 47 1 2 1
2020357075 47 1 2 0
2020363303 47 1 2 1
2020366958 47 1 2 0
2020372443 47 1 2 1
2020376351 47 1 2 0
2020381998 47 1 2 1
2020385653 47 1 2 0
2020391217 47 1 2 1
2020395287 47 1 2 0
2020400776 47 1 2 1
2020404680 47 1 2 0
2020409082 47 1 2 1
2020414978 47 1 2 0
2020418716 47 1 2 1
2020425774 47 1 2 0
2020429429 47 1 2 1
2020433706 44 1 2 1
2020435163 47 1 2 0
2020439233 47 1 2 1
2020444137 47 1 2 0
2020448705 47 1 2 1
2020453862 47 1 2 0
2020458430 47 1 2 1
2020463251 47 1 2 0
2020467318 47 1 2 1
2020473057 47 1 2 0
2020476519 47 1 2 1
2020482706 47 1 2 0
2020486239 47 1 2 1
2020493353 47 1 2 0
2020497269 47 1 2 1
2020503579 47 1 2 0
2020508458 47 1 2 1
2020514764 47 1 2 0
2020519443 47 1 2 1
2020525569 47 1 2 0
2020530608 47 1 2 1
2020537240 47 1 2 0
2020541607 47 1 2 1
2020546567 47 1 2 0
2020550424 47 1 2 1
2020555886 47 1 2 0
2020560423 47 1 2 1
2020566062 47 1 2 0
2020571014 47 1 2 1
2020575998 47 1 2 0
2020580547 47 1 2 1
2020586025 47 1 2 0
2020590578 47 1 2 1
2020595633 47 1 2 0
2020599763 47 1 2 1
2020605075 47 1 2 0
2020608869 47 1 2 1
2020614687 47 1 2 0
2020618995 47 1 2 1
2020624473 47 1 2 0
2020629093 47 1 2 1
2020632318 47 1 2 0
2020639642 47 1 2 1
2020643376 44 1 2 0
2020645682 47 1 2 0
2020648583 47 1 2 1
2020656248 47 1 2 0
2020660007 47 1 2 1
2020664869 47 1 2 0
2020669470 47 1 2 1
2020674245 47 1 2 0
2020676193 44 1 2 1
2020679316 47 1 2 1
2020680810 44 1 2 0
2020682833 47 1 2 0
2020685342 44 1 2 1
2020687105 47 1 2 1
2020690693 44 1 2 0
2020692124 47 1 2 0
2020694781 44 1 2 1
2020696060 47 1 2 1
2020700299 44 1 2 0
2020700996 47 1 2 0
2020704393 44 1 2 1
2020705177 47 1 2 1
2020709552 44 1 2 0
2020709789 47 1 2 0
2020713563 44 1 2 1
2020714136 47 1 2 1
2020717594 44 1 2 0
2020725191 44 1 2 1
2020726654 47 1 2 0
2020730802 44 1 2 0
2020731855 47 1 2 1
2020737012 44 1 2 1
2020740250 44 1 2 0
2020744808 47 1 2 0
2020744977 44 1 2 1
2020749590 47 1 2 1
2020750198 44 1 2 0
2020757645 44 1 2 1
2020761320 44 1 2 0
2020762405 47 1 2 0
2020762417 36 1 8 1
2020764815 36 1 8 0
2020765446 44 1 2 1
2020767017 47 1 2 1
2020770008 44 1 2 0
2020772243 36 1 8 1
2020778400 44 1 2 1
2020779792 47 1 2 0
2020782135 36 1 8 0
2020782679 44 1 2 0
2020785309 47 1 2 1
2020788228 44 1 2 1
2020788772 36 1 8 1
2020791044 44 1 2 0
2020799618 44 1 2 1
2020804064 47 1 2 0
2020804910 44 1 2 0
2020807273 36 1 8 0
2020808514 47 1 2 1
2020809159 44 1 2 1
2020811782 36 1 8 1
2020812330 44 1 2 0
2020818943 44 1 2 1
2020822520 44 1 2 0
2020826571 44 1 2 1
2020827508 47 1 2 0
2020832042 36 1 8 0
2020833040 44 1 2 0
2020833045 47 1 2 1
2020836060 36 1 8 1
2020838689 44 1 2 1
2020841998 47 1 2 0
2020844149 36 1 8 0
2020844812 44 1 2 0
2020846701 47 1 2 1
2020849226 36 1 8 1
2020849670 44 1 2 1
2020853717 47 1 2 0
2020856261 44 1 2 0
2020857737 36 1 8 0
2020858005 47 1 2 1
2020861392 44 1 2 1
2020862705 36 1 8 1
2020865183 47 1 2 0
2020868083 44 1 2 0
2020869883 36 1 8 0
2020871893 44 1 2 1
2020877610 44 1 2 0
2020881005 44 1 2 1
2020886848 44 1 2 0
2020892299 44 1 2 1
2020898892 44 1 2 0
2020904803 44 1 2 1
2020911161 44 1 2 0
2020916452 44 1 2 1
2020922338 44 1 2 0
2020926002 44 1 2 1
2020930789 44 1 2 0
2020934639 44 1 2 1
2020941547 44 1 2 0
2020946922 44 1 2 1
2020953938 44 1 2 0
2020957295 44 1 2 1
2020961786 44 1 2 0
2020965066 44 1 2 1
2020974314 44 1 2 0
2020978410 44 1 2 1
2020987171 44 1 2 0
2020990914 44 1 2 1
2020997803 44 1 2 0
2021000799 44 1 2 1
2021006564 44 1 2 0
2021010126 44 1 2 1
2021017907 44 1 2 0
2021021812 44 1 2 1
2021029181 44 1 2 0
2021032354 44 1 2 1
2021038102 44 1 2 0
2021042784 44 1 2 1
2021047636 44 1 2 0
2021051511 44 1 2 1
2021056102 44 1 2 0
2021061737 44 1 2 1
2021067004 44 1 2 0
2021070954 44 1 2 1
2021075177 44 1 2 0
2021080448 44 1 2 1
2021085897 44 1 2 0
2021090021 44 1 2 1
2021094315 44 1 2 0
2021099677 44 1 2 1
2021105371 44 1 2 0
2021109143 44 1 2 1
2021113664 44 1 2 0
2021118156 44 1 2 1
2021124676 44 1 2 0
2021128554 47 1 2 1
2021130251 44 1 2 1
2021132505 47 1 2 0
2021133236 44 1 2 0
2021136996 44 1 2 1
2021143520 44 1 2 0
2021149285 44 1 2 1
2021150135 47 1 2 1
2021153503 47 1 2 0
2021153575 44 1 2 0
2021156967 44 1 2 1
2021163918 44 1 2 0
2021167502 47 1 2 1
2021168912 44 1 2 1
2021169931 47 1 2 0
2021198096 36 1 8 1
2021208934 36 1 8 0
2021211866 36 1 8 1
2021221642 36 1 8 0
2021224703 36 1 8 1
2021234226 36 1 8 0
2021237526 36 1 8 1
2021246381 36 1 8 0
2021249714 36 1 8 1
2021258029 36 1 8 0
2021261246 36 1 8 1
2021269347 36 1 8 0
2021272477 36 1 8 1
2021280086 36 1 8 0
2021283367 36 1 8 1
2021283998 44 1 2 0
2021290468 36 1 8 0
2021293586 36 1 8 1
2021297718 44 1 2 1
2021301242 36 1 8 0
2021301892 44 1 2 0
2021304649 36 1 8 1
2021308615 44 1 2 1
2021310649 36 1 8 0
2021312969 44 1 2 0
2021314932 36 1 8 1
2021320205 36 1 8 0
2021322188 44 1 2 1
2021323926 36 1 8 1
2021327531 44 1 2 0
2021328500 36 1 8 0
2021332271 36 1 8 1
2021332502 44 1 2 1
2021336781 44 1 2 0
2021338868 36 1 8 0
2021341574 44 1 2 1
2021342723 36 1 8 1
2021345770 44 1 2 0
2021348812 36 1 8 0
2021350575 44 1 2 1
2021352583 36 1 8 1
2021354411 44 1 2 0
2021359125 44 1 2 1
2021359866 36 1 8 0
2021361533 44 1 2 0
2021363907 36 1 8 1
2021369530 44 1 2 1
2021372067 36 1 8 0
2021374446 44 1 2 0
2021376107 36 1 8 1
2021383338 36 1 8 0
2021385908 44 1 2 1
2021387152 36 1 8 1
2021390460 44 1 2 0
2021395140 36 1 8 0
2021399102 36 1 8 1
2021402290 44 1 2 1
2021405142 36 1 8 0
2021406652 44 1 2 0
2021408944 36 1 8 1
2021415500 36 1 8 0
2021416350 44 1 2 1
2021419215 36 1 8 1
2021421100 44 1 2 0
2021425711 36 1 8 0
2021429521 36 1 8 1
2021435441 36 1 8 0
2021436643 44 1 2 1
2021439046 36 1 8 1
2021441429 44 1 2 0
2021444941 36 1 8 0
2021447802 36 1 8 1
2021450150 44 1 2 1
2021453458 44 1 2 0
2021453710 36 1 8 0
2021456919 36 1 8 1
2021458851 44 1 2 1
2021465519 44 1 2 0
2021470815 44 1 2 1
2021477009 44 1 2 0
2021477497 36 1 8 0
2021481321 44 1 2 1
2021485265 36 1 8 1
2021486773 44 1 2 0
2021491666 44 1 2 1
2021494971 44 1 2 0
2021506519 44 1 2 1
2021509660 44 1 2 0
2021514338 36 1 8 0
2021522272 36 1 8 1
2021530160 44 1 2 1
2021532466 44 1 2 0
2021540823 44 1 2 1
2021551111 44 1 2 0
2021557470 44 1 2 1
2021560257 44 1 2 0
2021565949 44 1 2 1
2021568262 36 1 8 0
2021568842 44 1 2 0
2021576398 44 1 2 1
2021577072 36 1 8 1
2021579865 44 1 2 0
2021583273 44 1 2 1
2021589725 44 1 2 0
2021592989 36 1 8 0
2021596925 36 1 8 1
2021598744 44 1 2 1
2021602011 44 1 2 0
2021607676 44 1 2 1
2021611112 44 1 2 0
2021611747 36 1 8 0
2021615593 44 1 2 1
2021616533 36 1 8 1
2021618916 44 1 2 0
2021623249 44 1 2 1
2021626399 44 1 2 0
2021628054 36 1 8 0
2021632413 36 1 8 1
2021632694 44 1 2 1
2021635811 44 1 2 0
2021639771 44 1 2 1
2021642679 36 1 8 0
2021647095 36 1 8 1
2021647368 44 1 2 0
2021652012 44 1 2 1
2021655991 36 1 8 0
2021659661 36 1 8 1
2021662489 44 1 2 0
2021666876 44 1 2 1
2021667995 36 1 8 0
2021671694 36 1 8 1
2021674522 44 1 2 0
2021678254 44 1 2 1
2021685600 36 1 8 0
2021689928 44 1 2 0
2021690218 36 1 8 1
2021693922 44 1 2 1
2021703053 44 1 2 0
2021703174 36 1 8 0
2021705815 44 1 2 1
2021707482 36 1 8 1
2021716362 44 1 2 0
2021719903 44 1 2 1
2021720293 36 1 8 0
2021724431 36 1 8 1
2021736232 36 1 8 0
2021740204 36 1 8 1
2021751174 36 1 8 0
2021755643 36 1 8 1
2021766501 36 1 8 0
2021770113 36 1 8 1
2021779315 44 1 2 0
2021784627 36 1 8 0
2021789777 36 1 8 1
2021790122 44 1 2 1
2021793516 44 1 2 0
2021798790 36 1 8 0
2021801888 44 1 2 1
2021802821 36 1 8 1
2021804950 44 1 2 0
2021811819 36 1 8 0
2021812223 44 1 2 1
2021815078 44 1 2 0
2021816111 36 1 8 1
2021822836 44 1 2 1
2021822899 36 1 8 0
2021826044 44 1 2 0
2021827047 36 1 8 1
2021832413 36 1 8 0
2021833974 44 1 2 1
2021836524 36 1 8 1
2021837397 44 1 2 0
2021842498 36 1 8 0
2021844899 44 1 2 1
2021846922 36 1 8 1
2021847987 44 1 2 0
2021857082 44 1 2 1
2021860627 44 1 2 0
2021863600 36 1 8 0
2021869668 44 1 2 1
2021872442 44 1 2 0
2021875140 36 1 8 1
2021879814 44 1 2 1
2021880418 36 1 8 0
2021882668 44 1 2 0
2021884374 36 1 8 1
2021890742 44 1 2 1
2021891050 36 1 8 0
2021893439 44 1 2 0
2021895081 36 1 8 1
2021901651 36 1 8 0
2021904828 44 1 2 1
2021906284 36 1 8 1
2021907770 44 1 2 0
2021910409 36 1 8 0
2021915808 36 1 8 1
2021919697 36 1 8 0
2021919772 44 1 2 1
2021922659 44 1 2 0
2021925113 36 1 8 1
2021927590 44 1 2 1
2021929533 36 1 8 0
2021930809 44 1 2 0
2021933078 36 1 8 1
2021934300 44 1 2 1
2021938411 44 1 2 0
2021940312 36 1 8 0
2021943932 36 1 8 1
2021948233 44 1 2 1
2021950390 36 1 8 0
2021951376 44 1 2 0
2021954392 36 1 8 1
2021960686 36 1 8 0
2021963735 44 1 2 1
2021964441 36 1 8 1
2021966704 44 1 2 0
2021970206 36 1 8 0
2021974089 36 1 8 1
2021979593 36 1 8 0
2021979719 44 1 2 1
2021982426 44 1 2 0
2021983492 36 1 8 1
2021989166 36 1 8 0
2021993559 36 1 8 1
2021995045 44 1 2 1
2021997734 44 1 2 0
2021999743 36 1 8 0
2022003119 44 1 2 1
2022003861 36 1 8 1
2022006058 44 1 2 0
2022009616 36 1 8 0
2022013554 36 1 8 1
2022017833 44 1 2 1
2022019131 36 1 8 0
2022020578 44 1 2 0
2022023269 36 1 8 1
2022028207 44 1 2 1
2022029540 36 1 8 0
2022031529 44 1 2 0
2022034010 36 1 8 1
2022038943 36 1 8 0
2022041392 44 1 2 1
2022043350 36 1 8 1
2022044320 44 1 2 0
2022047539 36 1 8 0
2022053049 36 1 8 1
2022053228 44 1 2 1
2022056451 44 1 2 0
2022057012 36 1 8 0
2022062783 36 1 8 1
2022066419 36 1 8 0
2022071296 36 1 8 1
2022075582 36 1 8 0
2022080080 36 1 8 1
2022080305 44 1 2 1
2022084709 44 1 2 0
2022084851 36 1 8 0
2022088839 44 1 2 1
2022090274 36 1 8 1
2022094468 36 1 8 0
2022095905 44 1 2 0
2022099207 36 1 8 1
2022103217 36 1 8 0
2022103894 44 1 2 1
2022108435 36 1 8 1
2022112727 36 1 8 0
2022113029 44 1 2 0
2022117470 36 1 8 1
2022119128 44 1 2 1
2022121352 36 1 8 0
2022124895 44 1 2 0
2022125937 36 1 8 1
2022128728 44 1 2 1
2022131872 44 1 2 0
2022139552 44 1 2 1
2022140810 36 1 8 0
2022146850 36 1 8 1
2022147611 44 1 2 0
2022158220 44 1 2 1
2022160454 36 1 8 0
2022163355 44 1 2 0
2022164463 36 1 8 1
2022167449 44 1 2 1
2022176465 36 1 8 0
2022180452 36 1 8 1
2022187087 44 1 2 0
2022192029 36 1 8 0
2022196195 36 1 8 1
2022206988 36 1 8 0
2022211002 36 1 8 1
2022212318 44 1 2 1
2022217022 44 1 2 0
2022221362 36 1 8 0
2022223540 44 1 2 1
2022224998 36 1 8 1
2022225875 44 1 2 0
2022232352 44 1 2 1
2022234899 44 1 2 0
2022235065 36 1 8 0
2022239018 36 1 8 1
2022248022 44 1 2 1
2022249208 36 1 8 0
2022250724 44 1 2 0
2022252999 36 1 8 1
2022261505 44 1 2 1
2022263292 36 1 8 0
2022268211 44 1 2 0
2022273511 44 1 2 1
2022277683 44 1 2 0
2022281211 36 1 8 1
2022282208 44 1 2 1
2022284221 36 1 8 0
2022287434 44 1 2 0
2022292556 44 1 2 1
2022296723 44 1 2 0
2022300244 44 1 2 1
2022305170 44 1 2 0
2022310367 44 1 2 1
2022314641 44 1 2 0
2022318924 44 1 2 1
2022324982 44 1 2 0
2022330017 44 1 2 1
2022334188 44 1 2 0
2022338709 44 1 2 1
2022344031 44 1 2 0
2022349560 44 1 2 1
2022356381 44 1 2 0
2022360388 44 1 2 1
2022364749 44 1 2 0
2022366947 36 1 8 1
2022369191 44 1 2 1
2022369269 36 1 8 0
2022376204 44 1 2 0
2022380389 44 1 2 1
2022385277 44 1 2 0
2022387969 36 1 8 1
2022389790 44 1 2 1
2022391617 36 1 8 0
2022394705 44 1 2 0
2022397380 44 1 2 1
2022404449 44 1 2 0
2022408207 44 1 2 1
2022413614 44 1 2 0
2022417534 44 1 2 1
2022419818 36 1 8 1
2022422189 36 1 8 0
2022422802 44 1 2 0
2022425790 44 1 2 1
2022434320 44 1 2 0
2022438082 44 1 2 1
2022449685 44 1 2 0
2022453330 44 1 2 1
2022463549 44 1 2 0
2022467904 44 1 2 1
2022472810 44 1 2 0
2022476738 44 1 2 1
2022484954 44 1 2 0
2022488952 44 1 2 1
2022490417 44 1 2 0
2022575898 47 1 2 1
2022576437 44 1 2 1
2022579040 47 1 2 0
2022587602 47 1 2 1
2022588281 47 1 2 0
2022589387 47 1 2 1
2022589983 47 1 2 0
2022595560 47 1 2 1
2022598366 47 1 2 0
2022622036 45 1 2 1
2022627308 45 1 2 0
2022632011 45 1 2 1
2022636322 44 1 2 0
2022637190 45 1 2 0
2022640654 44 1 2 1
2022640707 45 1 2 1
2022646141 45 1 2 0
2022648800 44 1 2 0
2022650085 45 1 2 1
2022651843 44 1 2 1
2022654297 45 1 2 0
2022663452 44 1 2 0
2022665511 45 1 2 1
2022668302 44 1 2 1
2022668720 45 1 2 0
2022672058 44 1 2 0
2022676627 44 1 2 1
2022687680 45 1 2 1
2022690510 45 1 2 0
2022690950 44 1 2 0
2022699552 44 1 2 1
2022707308 44 1 2 0
2022710602 45 1 2 1
2022712383 44 1 2 1
2022712491 45 1 2 0
2022715400 44 1 2 0
2022724786 44 1 2 1
2022731672 44 1 2 0
2022744468 44 1 2 1
2022750060 44 1 2 0
2022756805 44 1 2 1
2022765742 44 1 2 0
2022773371 45 1 2 1
2022777042 45 1 2 0
2022782832 45 1 2 1
2022786874 45 1 2 0
2022794008 45 1 2 1
2022797157 45 1 2 0
2022801622 44 1 2 1
2022804738 44 1 2 0
2022810296 45 1 2 1
2022813893 45 1 2 0
2022819877 45 1 2 1
2022824098 45 1 2 0
2022829418 45 1 2 1
2022833454 45 1 2 0
2022838691 45 1 2 1
2022842513 45 1 2 0
2022846904 45 1 2 1
2022851758 45 1 2 0
2022857015 45 1 2 1
2022860502 45 1 2 0
2022865482 45 1 2 1
2022869893 45 1 2 0
2022877613 45 1 2 1
2022880867 45 1 2 0
2022888233 45 1 2 1
2022891343 45 1 2 0
2022898480 45 1 2 1
2022902012 45 1 2 0
2022909765 45 1 2 1
2022913200 45 1 2 0
2022919715 45 1 2 1
2022923011 45 1 2 0
2022947787 45 1 2 1
2022950042 45 1 2 0
2022975922 45 1 2 1
2022978993 45 1 2 0
2022986899 45 1 2 1
2022991822 45 1 2 0
2022996454 45 1 2 1
2022999992 45 1 2 0
2023004669 45 1 2 1
2023009570 45 1 2 0
2023021133 45 1 2 1
2023028024 45 1 2 0
2023037432 45 1 2 1
2023040968 45 1 2 0
2023080386 45 1 2 1
2023084204 45 1 2 0
2023092781 45 1 2 1
2023096420 45 1 2 0
2023101886 45 1 2 1
2023105256 45 1 2 0
2023116719 45 1 2 1
2023121185 45 1 2 0
2023125544 45 1 2 1
2023130527 45 1 2 0
2023134894 45 1 2 1
2023138438 45 1 2 0
2023146410 45 1 2 1
2023151548 45 1 2 0
2023156998 45 1 2 1
2023159280 45 1 2 0
2023169706 45 1 2 1
2023174436 45 1 2 0
2023179505 45 1 2 1
2023187213 45 1 2 0
2023191137 45 1 2 1
2023201815 45 1 2 0
2023205079 45 1 2 1
2023212546 45 1 2 0
2023215431 45 1 2 1
2023224614 45 1 2 0
2023230903 45 1 2 1
2023235588 45 1 2 0
2023244526 45 1 2 1
2023247254 45 1 2 0
2023496895 45 1 3 1
2023501231 45 1 3 0
2023506761 45 1 3 1
2023511069 45 1 3 0
2023515867 45 1 3 1
2023520246 45 1 3 0
2023525317 45 1 3 1
2023529969 45 1 3 0
2023534190 45 1 3 1
2023539012 45 1 3 0
2023543245 45 1 3 1
2023547494 45 1 3 0
2023551897 45 1 3 1
2023556553 45 1 3 0
2023561296 45 1 3 1
2023565695 45 1 3 0
2023570932 45 1 3 1
2023574995 45 1 3 0
2023580074 45 1 3 1
2023583975 45 1 3 0
2023589394 45 1 3 1
2023593200 45 1 3 0
2023598860 45 1 3 1
2023602480 45 1 3 0
2023617316 45 1 3 1
2023621296 45 1 3 0
2023698604 45 1 3 1
2023701150 45 1 3 0
2024231874 46 1 3 1
2024240723 46 1 3 0
2024243874 46 1 3 1
2024253282 46 1 3 0
2024255953 46 1 3 1
2024256991 47 1 3 1
2024262008 47 1 3 0
2024265014 46 1 3 0
2024265509 47 1 3 1
2024268191 46 1 3 1
2024272521 47 1 3 0
2024273782 46 1 3 0
2024276105 47 1 3 1
2024277718 46 1 3 1
2024282636 46 1 3 0
2024284760 47 1 3 0
2024287070 46 1 3 1
2024287842 47 1 3 1
2024291344 46 1 3 0
2024293904 47 1 3 0
2024296654 47 1 3 1
2024296802 46 1 3 1
2024301176 46 1 3 0
2024302541 47 1 3 0
2024305519 44 1 3 1
2024305876 47 1 3 1
2024306037 46 1 3 1
2024309770 46 1 3 0
2024309936 44 1 3 0
2024310869 47 1 3 0
2024314785 47 1 3 1
2024314956 44 1 3 1
2024315900 46 1 3 1
2024319251 44 1 3 0
2024319539 46 1 3 0
2024320306 47 1 3 0
2024324052 47 1 3 1
2024324580 44 1 3 1
2024325591 46 1 3 1
2024328620 44 1 3 0
2024329097 46 1 3 0
2024329646 47 1 3 0
2024333649 47 1 3 1
2024333956 44 1 3 1
2024335952 46 1 3 1
2024338646 44 1 3 0
2024339061 46 1 3 0
2024339413 47 1 3 0
2024343705 44 1 3 1
2024343744 47 1 3 1
2024345923 46 1 3 1
2024348276 47 1 3 0
2024348324 44 1 3 0
2024349030 46 1 3 0
2024353166 44 1 3 1
2024357773 44 1 3 0
2024359019 46 1 3 1
2024361975 46 1 3 0
2024363046 44 1 3 1
2024367958 44 1 3 0
2024371490 46 1 3 1
2024372573 44 1 3 1
2024374204 46 1 3 0
2024377101 44 1 3 0
2024382019 44 1 3 1
2024384767 46 1 3 1
2024386434 44 1 3 0
2024387290 46 1 3 0
2024390802 45 1 3 1
2024393003 44 1 3 1
2024395925 44 1 3 0
2024401476 45 1 3 0
2024406525 45 1 3 1
2024412144 45 1 3 0
2024418432 45 1 3 1
2024425405 45 1 3 0
2024432129 45 1 3 1
2024438319 45 1 3 0
2024445268 45 1 3 1
2024448981 45 1 3 0
2024453462 45 1 3 1
2024457743 45 1 3 0
2024462226 45 1 3 1
2024468394 45 1 3 0
2024473548 45 1 3 1
2024479311 45 1 3 0
2024484050 45 1 3 1
2024491918 45 1 3 0
2024497744 45 1 3 1
2024504862 45 1 3 0
2024509680 45 1 3 1
2024519030 45 1 3 0
2024523065 45 1 3 1
2024532722 45 1 3 0
2024536844 45 1 3 1
2024547017 45 1 3 0
2024552847 45 1 3 1
2024561899 45 1 3 0
2024567282 45 1 3 1
2024573785 45 1 3 0
2024577899 45 1 3 1
2024582688 45 1 3 0
2024586779 45 1 3 1
2024592131 45 1 3 0
2024595593 45 1 3 1
2024600925 45 1 3 0
2024606087 45 1 3 1
2024611994 45 1 3 0
2024616534 45 1 3 1
2024619953 45 1 3 0
2024624146 45 1 3 1
2024630332 45 1 3 0
2024635860 45 1 3 1
2024638501 45 1 3 0
2024693924 45 1 3 1
2024698405 45 1 3 0
2024704574 45 1 3 1
2024707823 45 1 3 0
2024712176 45 1 3 1
2024716980 45 1 3 0
2024720834 45 1 3 1
2024724769 45 1 3 0
2024731855 45 1 3 1
2024734872 45 1 3 0
2024742626 45 1 3 1
2024745062 45 1 3 0
2024753559 45 1 3 1
2024756794 45 1 3 0
2024764309 45 1 3 1
2024767210 45 1 3 0
2024771700 45 1 3 1
2024774471 45 1 3 0
2024780694 45 1 3 1
2024784150 45 1 3 0
2024791182 45 1 3 1
2024793993 45 1 3 0
2024798444 45 1 3 1
2024801922 45 1 3 0
2024807431 45 1 3 1
2024810689 45 1 3 0
2024823709 45 1 3 1
2024826952 45 1 3 0
2024834667 45 1 3 1
2024838040 45 1 3 0
2024844533 45 1 3 1
2024848460 45 1 3 0
2024852296 45 1 3 1
2024858603 45 1 3 0
2024861436 45 1 3 1
2024870593 45 1 3 0
2024873760 45 1 3 1
2024883801 45 1 3 0
2024886800 45 1 3 1
2024894583 45 1 3 0
2024897817 45 1 3 1
2024905754 45 1 3 0
2024909105 45 1 3 1
2024916238 45 1 3 0
2024920154 45 1 3 1
2024926419 45 1 3 0
2024930426 45 1 3 1
2024937392 45 1 3 0
2024941802 45 1 3 1
2024948171 45 1 3 0
2024954158 45 1 3 1
2024959693 45 1 3 0
2024964937 45 1 3 1
2024969321 45 1 3 0
2024973565 45 1 3 1
2024976043 45 1 3 0
2025268100 45 1 3 1
2025273554 45 1 3 0
2025278881 45 1 3 1
2025284831 45 1 3 0
2025290071 45 1 3 1
2025293989 45 1 3 0
2025296656 45 1 3 1
2025300729 45 1 3 0
2025304309 45 1 3 1
2025312629 45 1 3 0
2025315711 45 1 3 1
2025326050 45 1 3 0
2025329302 45 1 3 1
2025339999 45 1 3 0
2025343399 45 1 3 1
2025350521 45 1 3 0
2025353677 45 1 3 1
2025360399 45 1 3 0
2025364036 45 1 3 1
2025368523 45 1 3 0
2025395574 45 1 3 1
2025398749 45 1 3 0
2025411653 45 1 3 1
2025414103 45 1 3 0
2025437240 45 1 3 1
2025439842 45 1 3 0
2025463911 45 1 3 1
2025467903 45 1 3 0
2025473301 45 1 3 1
2025475646 45 1 3 0
2025498807 45 1 3 1
2025501244 45 1 3 0
2025531081 45 1 3 1
2025533457 45 1 3 0
2025573125 45 1 3 1
2025576350 45 1 3 0
2025601245 45 1 3 1
2025604175 45 1 3 0
2025615438 45 1 3 1
2025618752 45 1 3 0
2025627163 45 1 3 1
2025630381 45 1 3 0
2025639044 45 1 3 1
2025642250 45 1 3 0
2025646587 45 1 3 1
2025649967 45 1 3 0
2025655067 45 1 3 1
2025658534 45 1 3 0
2025663500 45 1 3 1
2025666817 45 1 3 0
2025671870 45 1 3 1
2025676334 45 1 3 0
2025682269 45 1 3 1
2025685147 45 1 3 0
2025690164 45 1 3 1
2025693224 45 1 3 0
2025701009 45 1 3 1
2025705615 45 1 3 0
2025721150 45 1 3 1
2025721414 45 1 3 0
2025722718 45 1 3 1
2025723504 45 1 3 0
2025736062 45 1 3 1
2025738651 45 1 3 0
2025747290 45 1 3 1
2025750670 45 1 3 0
2025763801 45 1 3 1
2025766568 45 1 3 0
2025773463 45 1 3 1
2025776147 45 1 3 0
2025792280 45 1 3 1
2025795047 45 1 3 0
2025804169 45 1 3 1
2025808008 45 1 3 0
2025818911 45 1 3 1
2025821694 45 1 3 0
2025830871 45 1 3 1
2025833986 45 1 3 0
2025842304 45 1 3 1
2025846617 45 1 3 0
2025853749 45 1 3 1
2025856631 45 1 3 0
2025869405 45 1 3 1
2025872002 45 1 3 0
2025882717 45 1 3 1
2025885777 45 1 3 0
2025893052 45 1 3 1
2025895596 45 1 3 0
2025939350 45 1 3 1
2025942448 45 1 3 0
2025950010 45 1 3 1
2025953463 45 1 3 0
2025968529 45 1 3 1
2025971117 45 1 3 0
2025992765 45 1 3 1
2025995447 45 1 3 0
2026043011 45 1 3 1
2026046552 45 1 3 0
2026054753 45 1 3 1
2026060621 45 1 3 0
2026068909 44 1 3 1
2026069079 45 1 3 1
2026072065 45 1 3 0
2026076412 45 1 3 1
2026078540 44 1 3 0
2026079240 45 1 3 0
2026081310 44 1 3 1
2026084931 45 1 3 1
2026088577 45 1 3 0
2026089146 44 1 3 0
2026091951 44 1 3 1
2026095441 45 1 3 1
2026099808 45 1 3 0
2026100001 44 1 3 0
2026103214 44 1 3 1
2026107049 45 1 3 1
2026109753 44 1 3 0
2026110168 45 1 3 0
2026112962 44 1 3 1
2026116297 45 1 3 1
2026118916 44 1 3 0
2026121765 44 1 3 1
2026122031 45 1 3 0
2026127077 45 1 3 1
2026127917 44 1 3 0
2026131672 44 1 3 1
2026133080 45 1 3 0
2026136807 45 1 3 1
2026137218 44 1 3 0
2026140882 44 1 3 1
2026142381 45 1 3 0
2026147262 45 1 3 1
2026148199 44 1 3 0
2026152492 44 1 3 1
2026156653 45 1 3 0
2026158664 44 1 3 0
2026161869 45 1 3 1
2026161881 44 1 3 1
2026165966 45 1 3 0
2026167389 44 1 3 0
2026170907 44 1 3 1
2026171389 45 1 3 1
2026175437 45 1 3 0
2026175611 44 1 3 0
2026179348 45 1 3 1
2026179845 44 1 3 1
2026183722 45 1 3 0
2026184477 44 1 3 0
2026189026 45 1 3 1
2026189324 44 1 3 1
2026193513 45 1 3 0
2026193619 44 1 3 0
2026195939 45 1 3 1
2026199783 44 1 3 1
2026200600 45 1 3 0
2026203181 44 1 3 0
2026205908 45 1 3 1
2026207482 44 1 3 1
2026210514 44 1 3 0
2026214429 45 1 3 0
2026214823 44 1 3 1
2026218340 45 1 3 1
2026220482 44 1 3 0
2026222268 45 1 3 0
2026227801 45 1 3 1
2026233485 45 1 3 0
2026238153 44 1 3 1
2026240006 45 1 3 1
2026240517 44 1 3 0
2026244621 45 1 3 0
2026251214 44 1 3 1
2026251463 45 1 3 1
2026254106 44 1 3 0
2026254536 45 1 3 0
2026262021 45 1 3 1
2026263166 44 1 3 1
2026265853 44 1 3 0
2026267019 45 1 3 0
2026273335 45 1 3 1
2026276989 45 1 3 0
2026281861 45 1 3 1
2026284205 44 1 3 1
2026286470 44 1 3 0
2026286820 45 1 3 0
2026290640 44 1 3 1
2026292040 45 1 3 1
2026293162 44 1 3 0
2026295433 45 1 3 0
2026300566 45 1 3 1
2026303880 45 1 3 0
2026314138 45 1 3 1
2026318654 45 1 3 0
2026323309 45 1 3 1
2026331079 45 1 3 0
2026332108 44 1 3 1
2026335658 44 1 3 0
2026336489 45 1 3 1
2026340566 45 1 3 0
2026343093 45 1 3 1
2026348052 45 1 3 0
2026348537 44 1 3 1
2026352858 44 1 3 0
2026353518 45 1 3 1
2026357575 45 1 3 0
2026361262 45 1 3 1
2026361280 44 1 3 1
2026363141 44 1 3 0
2026368323 45 1 3 0
2026372922 45 1 3 1
2026373134 44 1 3 1
2026376737 45 1 3 0
2026378986 44 1 3 0
2026380491 45 1 3 1
2026385053 44 1 3 1
2026386919 45 1 3 0
2026390508 44 1 3 0
2026391116 45 1 3 1
2026397844 45 1 3 0
2026402995 44 1 3 1
2026403812 45 1 3 1
2026407006 45 1 3 0
2026407338 44 1 3 0
2026413994 45 1 3 1
2026417735 45 1 3 0
2026425044 44 1 3 1
2026425214 44 1 3 0
2026425259 45 1 3 1
2026426309 44 1 3 1
2026428659 44 1 3 0
2026428769 45 1 3 0
2026435578 45 1 3 1
2026439271 45 1 3 0
2026444882 44 1 3 1
2026445666 45 1 3 1
2026447777 44 1 3 0
2026449694 45 1 3 0
2026456492 45 1 3 1
2026460263 45 1 3 0
2026465700 44 1 3 1
2026467659 45 1 3 1
2026469077 44 1 3 0
2026473679 45 1 3 0
2026483135 45 1 3 1
2026490254 45 1 3 0
2026498785 45 1 3 1
2026502046 45 1 3 0
2026508703 45 1 3 1
2026512312 45 1 3 0
2026518107 45 1 3 1
2026522356 45 1 3 0
2026528230 45 1 3 1
2026532305 45 1 3 0
2026538258 45 1 3 1
2026542290 45 1 3 0
2026547954 45 1 3 1
2026551875 45 1 3 0
2026584780 44 1 3 1
2026587858 44 1 3 0
2026606211 44 1 3 1
2026609491 44 1 3 0
2026624205 44 1 3 1
2026627791 44 1 3 0
2026643363 44 1 3 1
2026646511 44 1 3 0
2026653943 44 1 3 1
2026654273 44 1 3 0
2026654813 44 1 3 1
2026656431 44 1 3 0
2026662744 44 1 3 1
2026666384 44 1 3 0
2026719326 45 1 3 1
2026726245 45 1 3 0
2026730665 45 1 3 1
2026739126 45 1 3 0
2026743122 45 1 3 1
2026743208 45 1 3 0
2026743460 45 1 3 1
2026747955 45 1 3 0
2026751232 45 1 3 1
2026758211 45 1 3 0
2026761958 45 1 3 1
2026769030 45 1 3 0
2026772488 45 1 3 1
2026777966 45 1 3 0
2026781096 45 1 3 1
2026790935 45 1 3 0
2026794567 45 1 3 1
2026803896 45 1 3 0
2026806852 45 1 3 1
2026814315 45 1 3 0
2026818216 45 1 3 1
2026833919 45 1 3 0
2026846421 45 1 3 1
2026849238 45 1 3 0
2026857236 45 1 3 1
2026861934 45 1 3 0
2026868283 45 1 3 1
2026871600 45 1 3 0
2026877129 45 1 3 1
2026880730 45 1 3 0
2026887829 45 1 3 1
2026891225 45 1 3 0
2026921418 36 1 6 1
2026931557 36 1 6 0
2026934777 36 1 6 1
2026941157 36 1 6 0
2026941569 49 1 2 1
2026944978 49 1 2 0
2026946566 36 1 6 1
2026947478 49 1 2 1
2026950702 36 1 6 0
2026954949 49 1 2 0
2026957449 49 1 2 1
2026957478 36 1 6 1
2026961358 36 1 6 0
2026966597 49 1 2 0
2026969057 49 1 2 1
2026969757 36 1 6 1
2026972813 36 1 6 0
2026973789 49 1 2 0
2026976349 49 1 2 1
2026978312 49 1 2 0
2026981110 45 1 3 1
2026981801 36 1 6 1
2026983597 49 1 2 1
2026983940 45 1 3 0
2026985312 36 1 6 0
2026986391 49 1 2 0
2026988418 45 1 3 1
2026990397 49 1 2 1
2026992111 45 1 3 0
2026992309 36 1 6 1
2026995511 49 1 2 0
2026995732 36 1 6 0
2026996514 45 1 3 1
2026998031 49 1 2 1
2027002285 36 1 6 1
2027005357 36 1 6 0
2027006478 45 1 3 0
2027010376 49 1 2 0
2027011321 36 1 6 1
2027011441 45 1 3 1
2027012936 49 1 2 1
2027018218 36 1 6 0
2027021606 45 1 3 0
2027025273 36 1 6 1
2027027544 49 1 2 0
2027027863 45 1 3 1
2027027927 36 1 6 0
2027030104 49 1 2 1
2027034514 36 1 6 1
2027035279 45 1 3 0
2027038403 36 1 6 0
2027040524 45 1 3 1
2027042932 36 1 6 1
2027047779 36 1 6 0
2027048954 45 1 3 0
2027051389 49 1 2 0
2027052345 36 1 6 1
2027054109 49 1 2 1
2027054681 45 1 3 1
2027057509 45 1 3 0
2027058360 36 1 6 0
2027061921 45 1 3 1
2027063138 36 1 6 1
2027067398 45 1 3 0
2027067899 36 1 6 0
2027070877 49 1 2 0
2027071957 36 1 6 1
2027073229 45 1 3 1
2027074077 49 1 2 1
2027076108 45 1 3 0
2027082453 49 1 2 0
2027085073 49 1 2 1
2027086190 45 1 3 1
2027090826 45 1 3 0
2027094613 49 1 2 0
2027097173 49 1 2 1
2027098031 49 1 2 0
2027109514 45 1 3 1
2027113864 45 1 3 0
2027121029 45 1 3 1
2027124545 45 1 3 0
2027129263 45 1 3 1
2027132577 45 1 3 0
2027139229 45 1 3 1
2027142412 45 1 3 0
2027264067 36 1 6 0
2027290606 36 1 6 1
2027309497 16 0 1 1
2027310762 36 1 6 0
2027313485 16 0 1 0
2027317604 36 1 6 1
2027323492 36 1 6 0
2027327803 36 1 6 1
2027334153 36 1 6 0
2027338321 36 1 6 1
2027344399 36 1 6 0
2027348339 36 1 6 1
2027355133 36 1 6 0
2027359357 36 1 6 1
2027366079 36 1 6 0
2027370142 36 1 6 1
2027376201 36 1 6 0
2027379979 36 1 6 1
2027386117 36 1 6 0
2027389389 36 1 6 1
2027396705 36 1 6 0
2027400736 36 1 6 1
2027407708 36 1 6 0
2027412154 36 1 6 1
2027416853 36 1 6 0
2027420631 36 1 6 1
2027425840 36 1 6 0
2027429784 36 1 6 1
2027435578 36 1 6 0
2027439356 36 1 6 1
2027445917 36 1 6 0
2027450197 36 1 6 1
2027456750 36 1 6 0
2027460117 36 1 6 1
2027467006 36 1 6 0
2027470456 36 1 6 1
2027477531 36 1 6 0
2027481313 36 1 6 1
2027487455 36 1 6 0
2027491071 36 1 6 1
2027497217 36 1 6 0
2027501086 36 1 6 1
2027507481 36 1 6 0
2027511268 36 1 6 1
2027517920 36 1 6 0
2027521354 36 1 6 1
2027528132 36 1 6 0
2027531574 36 1 6 1
2027538738 36 1 6 0
2027542318 36 1 6 1
2027549352 36 1 6 0
2027552890 36 1 6 1
2027559871 36 1 6 0
2027563625 36 1 6 1
2027571142 36 1 6 0
2027574319 36 1 6 1
2027581425 36 1 6 0
2027584942 36 1 6 1
2027592289 36 1 6 0
2027595379 36 1 6 1
2027604323 36 1 6 0
2027607247 36 1 6 1
2027615527 36 1 6 0
2027618799 36 1 6 1
2027624680 36 1 6 0
2027628276 36 1 6 1
2027635291 36 1 6 0
2027639053 36 1 6 1
2027646452 36 1 6 0
2027651163 36 1 6 1
2027657143 36 1 6 0
2027661605 36 1 6 1
2027667411 36 1 6 0
2027671968 36 1 6 1
2027678114 36 1 6 0
2027682418 36 1 6 1
2027687564 36 1 6 0
2027691445 36 1 6 1
2027696923 36 1 6 0
2027701057 36 1 6 1
2027706199 36 1 6 0
2027711017 36 1 6 1
2027716495 36 1 6 0
2027720467 36 1 6 1
2027727380 36 1 6 0
2027731344 36 1 6 1
2027737755 36 1 6 0
2027741889 36 1 6 1
2027747122 36 1 6 0
2027751932 36 1 6 1
2027756829 36 1 6 0
2027761295 36 1 6 1
2027766113 36 1 6 0
2027770579 36 1 6 1
2027776520 36 1 6 0
2027780654 36 1 6 1
2027786140 36 1 6 0
2027789764 36 1 6 1
2027798792 36 1 6 0
2027803113 36 1 6 1
2027811580 36 1 6 0
2027815311 36 1 6 1
2027824205 36 1 6 0
2027828165 36 1 6 1
2027829619 19 0 1 1
2027834584 36 1 6 0
2027837437 19 0 1 0
2027838461 36 1 6 1
2027841514 19 0 1 1
2027844831 36 1 6 0
2027847724 19 0 1 0
2027848293 36 1 6 1
2027856052 36 1 6 0
2027859178 36 1 6 1
2027866075 36 1 6 0
2027869193 36 1 6 1
2027876782 36 1 6 0
2027880090 36 1 6 1
2027886232 36 1 6 0
2027890184 36 1 6 1
2027900374 36 1 6 0
2027904903 36 1 6 1
2027912306 36 1 6 0
2027916337 36 1 6 1
2027926930 36 1 6 0
2027932301 36 1 6 1
2027940040 36 1 6 0
2027944704 36 1 6 1
2027953588 36 1 6 0
2027958007 36 1 6 1
2027968602 36 1 6 0
2027972870 36 1 6 1
2027983287 36 1 6 0
2027987883 36 1 6 1
2028000284 36 1 6 0
2028003209 36 1 6 1
2028013893 19 0 1 1
2028016791 36 1 6 0
2028019178 19 0 1 0
2028019562 36 1 6 1
2028023688 19 0 1 1
2028030689 19 0 1 0
2028033705 19 0 1 1
2028052917 36 1 6 0
2028053092 19 0 1 0
2028056964 19 0 1 1
2028059437 36 1 6 1
2028070262 36 1 6 0
2028072096 19 0 1 0
2028076128 19 0 1 1
2028076509 36 1 6 1
2028086584 36 1 6 0
2028090483 19 0 1 0
2028092578 36 1 6 1
2028095033 19 0 1 1
2028104237 36 1 6 0
2028110075 19 0 1 0
2028112004 36 1 6 1
2028114324 19 0 1 1
2028118186 36 1 6 0
2028123218 36 1 6 1
2028127811 36 1 6 0
2028128983 19 0 1 0
2028136984 36 1 6 1
2028137091 19 0 1 1
2028142629 36 1 6 0
2028144615 19 0 1 0
2028149188 19 0 1 1
2028151575 19 0 1 0
2028154939 36 1 6 1
2028159236 19 0 1 1
2028162663 36 1 6 0
2028162734 19 0 1 0
2028168525 19 0 1 1
2028175960 19 0 1 0
2028179734 19 0 1 1
2028181080 36 1 6 1
2028182692 36 1 6 0
2028188086 19 0 1 0
2028191872 36 1 6 1
2028192600 19 0 1 1
2028196944 36 1 6 0
2028209878 19 0 1 0
2028214677 19 0 1 1
2028218013 36 1 6 1
2028223651 36 1 6 0
2028227721 19 0 1 0
2028237723 36 1 6 1
2028239178 19 0 1 1
2028262106 36 1 6 0
2028273589 19 0 1 0
2028501485 17 0 1 1
2028505224 17 0 1 0
2028508959 17 0 1 1
2028515916 17 0 1 0
2028519568 17 0 1 1
2028519741 17 0 1 0
2028519993 17 0 1 1
2028525661 17 0 1 0
2028559922 17 0 1 1
2028563455 17 0 1 0
2028568772 17 0 1 1
2028572988 17 0 1 0
2028663870 17 0 1 1
2028668483 17 0 1 0
2028673029 17 0 1 1
2028677908 17 0 1 0
2028682326 17 0 1 1
2028687143 17 0 1 0
2028691666 17 0 1 1
2028694730 17 0 1 0
2028696020 19 0 1 1
2028710947 19 0 1 0
2028714927 19 0 1 1
2028721287 19 0 1 0
2028724429 19 0 1 1
2028729939 19 0 1 0
2028734006 19 0 1 1
2028739346 19 0 1 0
2028743501 19 0 1 1
2028750258 19 0 1 0
2028794126 19 0 1 1
2028798985 19 0 1 0
2028804702 19 0 1 1
2028808003 19 0 1 0
2028817419 46 1 1 1
2028820167 19 0 1 1
2028821305 46 1 1 0
2028822966 19 0 1 0
2028828422 46 1 1 1
2028831889 46 1 1 0
2028835905 19 0 1 1
2028838199 46 1 1 1
2028840005 19 0 1 0
2028841322 46 1 1 0
2028847225 46 1 1 1
2028849990 19 0 1 1
2028851103 46 1 1 0
2028852576 19 0 1 0
2028857836 46 1 1 1
2028860837 19 0 1 1
2028861082 46 1 1 0
2028861093 19 0 1 0
2028861527 19 0 1 1
2028862661 19 0 1 0
2028868539 46 1 1 1
2028872362 46 1 1 0
2028878518 46 1 1 1
2028881907 46 1 1 0
2028888926 46 1 1 1
2028892298 46 1 1 0
2028901798 46 1 1 1
2028904507 46 1 1 0
2028981810 46 1 2 1
2028986860 46 1 2 0
2028990874 46 1 2 1
2028995992 46 1 2 0
2029000567 46 1 2 1
2029005361 46 1 2 0
2029009981 46 1 2 1
2029014255 46 1 2 0
2029018418 46 1 2 1
2029023563 46 1 2 0
2029027126 46 1 2 1
2029034173 46 1 2 0
2029037271 46 1 2 1
2029044226 46 1 2 0
2029047573 46 1 2 1
2029052957 46 1 2 0
2029057229 46 1 2 1
2029062268 46 1 2 0
2029066430 46 1 2 1
2029067943 47 1 4 1
2029071298 46 1 2 0
2029075744 46 1 2 1
2029080219 47 1 4 0
2029080350 46 1 2 0
2029083768 47 1 4 1
2029084692 46 1 2 1
2029089314 46 1 2 0
2029092653 46 1 2 1
2029097346 47 1 4 0
2029098788 46 1 2 0
2029102192 47 1 4 1
2029102475 46 1 2 1
2029108832 46 1 2 0
2029110694 47 1 4 0
2029112440 46 1 2 1
2029114868 47 1 4 1
2029119191 46 1 2 0
2029122720 46 1 2 1
2029122755 47 1 4 0
2029126270 47 1 4 1
2029129058 46 1 2 0
2029132480 46 1 2 1
2029133826 47 1 4 0
2029137387 47 1 4 1
2029138166 46 1 2 0
2029142272 46 1 2 1
2029144487 47 1 4 0
2029146620 46 1 2 0
2029148131 47 1 4 1
2029151378 46 1 2 1
2029154013 47 1 4 0
2029155206 46 1 2 0
2029157803 47 1 4 1
2029160822 46 1 2 1
2029164765 47 1 4 0
2029164867 46 1 2 0
2029169012 47 1 4 1
2029170487 46 1 2 1
2029173920 47 1 4 0
2029174140 46 1 2 0
2029177476 47 1 4 1
2029179706 46 1 2 1
2029182646 47 1 4 0
2029183338 46 1 2 0
2029186194 47 1 4 1
2029189393 46 1 2 1
2029190979 47 1 4 0
2029193179 46 1 2 0
2029194776 47 1 4 1
2029199483 46 1 2 1
2029200438 47 1 4 0
2029202979 46 1 2 0
2029204642 47 1 4 1
2029208785 46 1 2 1
2029210192 47 1 4 0
2029212418 46 1 2 0
2029214235 47 1 4 1
2029218173 46 1 2 1
2029219750 47 1 4 0
2029222133 46 1 2 0
2029223571 47 1 4 1
2029226935 46 1 2 1
2029228283 47 1 4 0
2029231042 46 1 2 0
2029233149 47 1 4 1
2029236505 47 1 4 0
2029236860 46 1 2 1
2029240846 46 1 2 0
2029246030 46 1 2 1
2029249933 46 1 2 0
2029255245 46 1 2 1
2029258015 38 1 7 1
2029259248 46 1 2 0
2029262327 38 1 7 0
2029264652 46 1 2 1
2029268615 46 1 2 0
2029270138 38 1 7 1
2029273321 38 1 7 0
2029273990 46 1 2 1
2029277920 46 1 2 0
2029280721 38 1 7 1
2029283025 46 1 2 1
2029283920 38 1 7 0
2029287240 46 1 2 0
2029291276 38 1 7 1
2029292022 46 1 2 1
2029296425 46 1 2 0
2029297447 38 1 7 0
2029301086 46 1 2 1
2029302835 38 1 7 1
2029305557 46 1 2 0
2029307594 38 1 7 0
2029310686 46 1 2 1
2029312725 38 1 7 1
2029314352 46 1 2 0
2029317021 38 1 7 0
2029320524 46 1 2 1
2029322222 38 1 7 1
2029324602 46 1 2 0
2029326831 38 1 7 0
2029330214 46 1 2 1
2029331734 38 1 7 1
2029334183 46 1 2 0
2029339878 46 1 2 1
2029343507 46 1 2 0
2029349366 46 1 2 1
2029352878 46 1 2 0
2029359079 46 1 2 1
2029362367 46 1 2 0
2029368493 46 1 2 1
2029372078 46 1 2 0
2029378872 46 1 2 1
2029382208 46 1 2 0
2029388342 46 1 2 1
2029391768 46 1 2 0
2029396625 46 1 2 1
2029400794 46 1 2 0
2029405161 46 1 2 1
2029409808 46 1 2 0
2029412089 38 1 7 0
2029414183 46 1 2 1
2029418680 46 1 2 0
2029423134 46 1 2 1
2029427410 46 1 2 0
2029427907 38 1 7 1
2029431951 46 1 2 1
2029435575 46 1 2 0
2029437043 38 1 7 0
2029442161 38 1 7 1
2029449260 38 1 7 0
2029450750 46 1 2 1
2029452603 38 1 7 1
2029455278 46 1 2 0
2029458969 46 1 2 1
2029462853 46 1 2 0
2029465643 38 1 7 0
2029466635 46 1 2 1
2029469006 38 1 7 1
2029471212 46 1 2 0
2029474828 46 1 2 1
2029480069 46 1 2 0
2029481914 38 1 7 0
2029482998 46 1 2 1
2029485272 38 1 7 1
2029489493 46 1 2 0
2029491662 46 1 2 1
2029502251 46 1 2 0
2029505911 38 1 7 0
2029506033 46 1 2 1
2029508760 38 1 7 1
2029513980 46 1 2 0
2029516489 46 1 2 1
2029522584 46 1 2 0
2029525399 46 1 2 1
2029526188 38 1 7 0
2029528792 38 1 7 1
2029531995 46 1 2 0
2029534674 46 1 2 1
2029540658 46 1 2 0
2029543428 46 1 2 1
2029544298 38 1 7 0
2029546811 38 1 7 1
2029548767 46 1 2 0
2029550853 46 1 2 1
2029556459 46 1 2 0
2029558636 46 1 2 1
2029564665 46 1 2 0
2029566178 38 1 7 0
2029566751 46 1 2 1
2029569270 38 1 7 1
2029579374 46 1 2 0
2029582662 46 1 2 1
2029590121 46 1 2 0
2029592608 46 1 2 1
2029592994 38 1 7 0
2029595673 38 1 7 1
2029597333 46 1 2 0
2029600957 46 1 2 1
2029606798 46 1 2 0
2029608828 38 1 7 0
2029611181 46 1 2 1
2029612851 38 1 7 1
2029617656 46 1 2 0
2029621873 46 1 2 1
2029628295 46 1 2 0
2029630245 38 1 7 0
2029632591 46 1 2 1
2029634375 38 1 7 1
2029639129 46 1 2 0
2029643781 46 1 2 1
2029648906 46 1 2 0
2029650083 38 1 7 0
2029650434 38 1 8 1
2029653906 46 1 2 1
2029654624 38 1 7 1
2029655169 38 1 8 0
2029657655 38 1 8 1
2029659764 46 1 2 0
2029663554 46 1 2 1
2029672100 46 1 2 0
2029673961 38 1 7 0
2029676507 46 1 2 1
2029678112 38 1 7 1
2029684460 46 1 2 0
2029684919 38 1 8 0
2029685797 45 1 2 1
2029688260 46 1 2 1
2029688335 38 1 8 1
2029694266 46 1 2 0
2029696225 38 1 8 0
2029696882 38 1 7 0
2029698222 46 1 2 1
2029700124 38 1 8 1
2029700287 38 1 7 1
2029706296 38 1 8 0
2029706546 45 1 2 0
2029707313 46 1 2 0
2029709394 38 1 8 1
2029709565 45 1 2 1
2029710831 46 1 2 1
2029715696 38 1 8 0
2029717078 45 1 2 0
2029719674 45 1 2 1
2029721316 46 1 2 0
2029721435 38 1 8 1
2029724328 47 1 2 1
2029724414 38 1 7 0
2029724663 46 1 2 1
2029726741 45 1 2 0
2029727342 38 1 7 1
2029730590 45 1 2 1
2029733228 47 1 2 0
2029733394 46 1 2 0
2029735741 47 1 2 1
2029737152 46 1 2 1
2029739233 45 1 2 0
2029740065 44 1 2 1
2029744013 45 1 2 1
2029745025 47 1 2 0
2029745918 46 1 2 0
2029748175 47 1 2 1
2029748336 38 1 7 0
2029750842 46 1 2 1
2029750844 45 1 2 0
2029752490 38 1 7 1
2029755351 47 1 2 0
2029757464 45 1 2 1
2029758560 47 1 2 1
2029758949 46 1 2 0
2029762610 45 1 2 0
2029763474 46 1 2 1
2029767203 45 1 2 1
2029767552 47 1 2 0
2029769578 45 1 2 0
2029771976 46 1 2 0
2029772098 47 1 2 1
2029773149 38 1 7 0
2029774694 45 1 2 1
2029776848 46 1 2 1
2029777726 38 1 7 1
2029779681 45 1 2 0
2029780931 46 1 2 0
2029781576 47 1 2 0
2029783649 46 1 2 1
2029786359 25 0 1 1
2029786418 47 1 2 1
2029787967 45 1 2 1
2029790694 46 1 2 0
2029792435 45 1 2 0
2029793472 38 1 7 0
2029795563 46 1 2 1
2029795735 25 0 1 0
2029796142 47 1 2 0
2029797543 38 1 7 1
2029800945 47 1 2 1
2029801190 45 1 2 1
2029803268 25 0 1 1
2029804077 46 1 2 0
2029808509 47 1 2 0
2029810120 46 1 2 1
2029810132 38 1 7 0
2029810635 45 1 2 0
2029813054 25 0 1 0
2029813090 38 1 7 1
2029813794 47 1 2 1
2029813802 38 1 8 0
2029813832 45 1 2 1
2029814376 46 1 2 0
2029816228 38 1 8 1
2029818882 25 0 1 1
2029820257 38 1 7 0
2029820290 47 1 2 0
2029820585 46 1 2 1
2029822561 25 0 1 0
2029823370 38 1 7 1
2029825118 46 1 2 0
2029825526 47 1 2 1
2029826554 38 1 8 0
2029826870 25 0 1 1
2029828640 38 1 8 1
2029830572 46 1 2 1
2029830578 47 1 2 0
2029830922 38 1 7 0
2029833545 25 0 1 0
2029833692 38 1 7 1
2029834393 46 1 2 0
2029835373 47 1 2 1
2029837166 25 0 1 1
2029839926 46 1 2 1
2029840278 38 1 7 0
2029841156 45 1 2 0
2029842320 47 1 2 0
2029842886 38 1 7 1
2029845699 47 1 2 1
2029846519 45 1 2 1
2029847594 46 1 2 0
2029852289 46 1 2 1
2029852815 38 1 7 0
2029853690 45 1 2 0
2029854920 47 1 2 0
2029855386 38 1 7 1
2029855823 25 0 1 0
2029858498 25 0 1 1
2029858979 47 1 2 1
2029859338 45 1 2 1
2029859630 46 1 2 0
2029864535 38 1 7 0
2029864606 46 1 2 1
2029866406 45 1 2 0
2029867514 38 1 7 1
2029868093 47 1 2 0
2029868856 46 1 2 0
2029870489 45 1 2 1
2029871634 47 1 2 1
2029871788 46 1 2 1
2029876034 45 1 2 0
2029878878 46 1 2 0
2029878973 47 1 2 0
2029879421 45 1 2 1
2029881925 47 1 2 1
2029882478 38 1 7 0
2029883095 46 1 2 1
2029885719 38 1 7 1
2029887659 45 1 2 0
2029887952 46 1 2 0
2029890099 47 1 2 0
2029890540 46 1 2 1
2029893113 45 1 2 1
2029893759 47 1 2 1
2029898695 46 1 2 0
2029901805 38 1 7 0
2029902386 46 1 2 1
2029903011 45 1 2 0
2029904931 38 1 7 1
2029905254 25 0 1 0
2029906069 47 1 2 0
2029906315 45 1 2 1
2029907789 46 1 2 0
2029908682 25 0 1 1
2029908988 47 1 2 1
2029910298 46 1 2 1
2029912307 45 1 2 0
2029915642 45 1 2 1
2029916527 47 1 2 0
2029919289 47 1 2 1
2029919516 46 1 2 0
2029920631 44 1 2 0
2029922946 46 1 2 1
2029923136 38 1 7 0
2029925839 38 1 7 1
2029931412 44 1 2 1
2029931776 45 1 2 0
2029932542 47 1 2 0
2029934416 45 1 2 1
2029934746 44 1 2 0
2029936029 47 1 2 1
2029936636 46 1 2 0
2029938528 44 1 2 1
2029940351 46 1 2 1
2029940798 38 1 7 0
2029942948 25 0 1 0
2029943497 38 1 7 1
2029945635 44 1 2 0
2029946991 46 1 2 0
2029947333 25 0 1 1
2029947584 47 1 2 0
2029949194 45 1 2 0
2029949350 44 1 2 1
2029950350 46 1 2 1
2029950382 47 1 2 1
2029952012 45 1 2 1
2029954784 44 1 2 0
2029958005 47 1 2 0
2029959870 44 1 2 1
2029960989 45 1 2 0
2029961022 47 1 2 1
2029964167 45 1 2 1
2029964937 46 1 2 0
2029966479 38 1 7 0
2029966491 44 1 2 0
2029968628 46 1 2 1
2029969703 44 1 2 1
2029969870 25 0 1 0
2029970475 38 1 7 1
2029972304 47 1 2 0
2029973657 25 0 1 1
2029975082 45 1 2 0
2029975663 47 1 2 1
2029975721 44 1 2 0
2029978481 45 1 2 1
2029980720 44 1 2 1
2029982768 47 1 2 0
2029984864 46 1 2 0
2029985973 47 1 2 1
2029986547 44 1 2 0
2029987980 45 1 2 0
2029989160 46 1 2 1
2029989267 38 1 7 0
2029989961 44 1 2 1
2029990992 45 1 2 1
2029992049 38 1 7 1
2029992657 25 0 1 0
2029995594 25 0 1 1
2029995708 46 1 2 0
2029996934 44 1 2 0
2029997104 47 1 2 0
2029999017 46 1 2 1
2029999942 45 1 2 0
2030001040 47 1 2 1
2030002067 44 1 2 1
2030003772 45 1 2 1
2030007315 44 1 2 0
2030009216 47 1 2 0
2030010796 45 1 2 0
2030010982 44 1 2 1
2030012662 47 1 2 1
2030014220 46 1 2 0
2030014290 45 1 2 1
2030015808 38 1 7 0
2030017894 44 1 2 0
2030018630 25 0 1 0
2030018652 46 1 2 1
2030020484 38 1 7 1
2030021366 44 1 2 1
2030022908 45 1 2 0
2030023846 47 1 2 0
2030025673 44 1 2 0
2030026552 45 1 2 1
2030028273 47 1 2 1
2030029854 44 1 2 1
2030033766 45 1 2 0
2030034745 46 1 2 0
2030035421 44 1 2 0
2030037119 25 0 1 1
2030037422 45 1 2 1
2030037508 47 1 2 0
2030038843 44 1 2 1
2030039096 46 1 2 1
2030039519 38 1 7 0
2030040775 25 0 1 0
2030040962 47 1 2 1
2030042194 38 1 7 1
2030044373 44 1 2 0
2030045828 46 1 2 0
2030047926 45 1 2 0
2030048633 44 1 2 1
2030048769 46 1 2 1
2030051094 47 1 2 0
2030051657 45 1 2 1
2030052708 44 1 2 0
2030055812 47 1 2 1
2030057067 44 1 2 1
2030059310 25 0 1 1
2030061905 44 1 2 0
2030062035 46 1 2 0
2030062655 25 0 1 0
2030063833 45 1 2 0
2030064027 38 1 7 0
2030066007 44 1 2 1
2030066574 46 1 2 1
2030067057 47 1 2 0
2030067833 45 1 2 1
2030068114 38 1 7 1
2030071336 47 1 2 1
2030071434 44 1 2 0
2030075686 44 1 2 1
2030075747 46 1 2 0
2030078756 45 1 2 0
2030078948 38 1 7 0
2030079337 46 1 2 1
2030080017 47 1 2 0
2030080342 44 1 2 0
2030082673 38 1 7 1
2030082843 45 1 2 1
2030083637 47 1 2 1
2030084187 44 1 2 1
2030088724 44 1 2 0
2030088842 46 1 2 0
2030091926 46 1 2 1
2030092316 44 1 2 1
2030093540 47 1 2 0
2030094878 45 1 2 0
2030096375 47 1 2 1
2030097565 45 1 2 1
2030098494 44 1 2 0
2030103003 44 1 2 1
2030103804 47 1 2 0
2030105690 45 1 2 0
2030107088 47 1 2 1
2030107232 44 1 2 0
2030108630 45 1 2 1
2030108813 46 1 2 0
2030110820 44 1 2 1
2030112247 46 1 2 1
2030112271 38 1 7 0
2030115654 38 1 7 1
2030117002 44 1 2 0
2030118453 47 1 2 0
2030121568 47 1 2 1
2030121638 44 1 2 1
2030122387 45 1 2 0
2030125619 45 1 2 1
2030126015 44 1 2 0
2030126344 46 1 2 0
2030129372 44 1 2 1
2030129629 38 1 7 0
2030129708 46 1 2 1
2030130607 47 1 2 0
2030132743 38 1 7 1
2030133457 47 1 2 1
2030136019 46 1 2 0
2030136166 44 1 2 0
2030137716 45 1 2 0
2030139055 46 1 2 1
2030139149 38 1 7 0
2030140399 45 1 2 1
2030140426 44 1 2 1
2030142350 38 1 7 1
2030142852 47 1 2 0
2030144825 44 1 2 0
2030146136 47 1 2 1
2030149376 45 1 2 0
2030152109 45 1 2 1
2030154029 46 1 2 0
2030157325 38 1 7 0
2030157583 46 1 2 1
2030158654 47 1 2 0
2030160712 38 1 7 1
2030161921 47 1 2 1
2030163948 45 1 2 0
2030167194 45 1 2 1
2030167290 44 1 2 1
2030169440 47 1 2 0
2030172388 47 1 2 1
2030173060 44 1 2 0
2030174772 46 1 2 0
2030176739 44 1 2 1
2030178289 46 1 2 1
2030178374 45 1 2 0
2030178578 38 1 7 0
2030181210 45 1 2 1
2030181435 38 1 7 1
2030182067 44 1 2 0
2030183190 47 1 2 0
2030186086 44 1 2 1
2030186403 47 1 2 1
2030189200 45 1 2 0
2030190485 44 1 2 0
2030192794 45 1 2 1
2030194326 44 1 2 1
2030194450 47 1 2 0
2030197746 47 1 2 1
2030198479 46 1 2 0
2030200623 44 1 2 0
2030201315 46 1 2 1
2030203529 45 1 2 0
2030204887 44 1 2 1
2030205011 47 1 2 0
2030206647 45 1 2 1
2030208999 47 1 2 1
2030209955 44 1 2 0
2030214512 45 1 2 0
2030214907 44 1 2 1
2030216263 47 1 2 0
2030217494 45 1 2 1
2030219621 44 1 2 0
2030220697 47 1 2 1
2030223395 44 1 2 1
2030227489 45 1 2 0
2030228726 46 1 2 0
2030229110 44 1 2 0
2030229655 47 1 2 0
2030230777 45 1 2 1
2030231089 38 1 8 0
2030232126 38 1 7 0
2030232466 46 1 2 1
2030232512 47 1 2 1
2030232627 44 1 2 1
2030235664 38 1 7 1
2030237461 38 1 8 1
2030238239 44 1 2 0
2030238564 47 1 2 0
2030240271 45 1 2 0
2030241200 38 1 8 0
2030243058 47 1 2 1
2030243116 44 1 2 1
2030243176 45 1 2 1
2030247629 44 1 2 0
2030247973 47 1 2 0
2030251986 44 1 2 1
2030252315 47 1 2 1
2030253089 45 1 2 0
2030255593 46 1 2 0
2030256294 45 1 2 1
2030257508 38 1 8 1
2030259157 46 1 2 1
2030259245 44 1 2 0
2030260443 47 1 2 0
2030262905 38 1 8 0
2030263786 44 1 2 1
2030263803 47 1 2 1
2030265903 45 1 2 0
2030268129 44 1 2 0
2030268469 47 1 2 0
2030269112 45 1 2 1
2030269360 38 1 8 1
2030270421 38 1 8 0
2030272374 47 1 2 1
2030272674 44 1 2 1
2030277378 38 1 8 1
2030278239 46 1 2 0
2030279476 44 1 2 0
2030280243 47 1 2 0
2030280579 45 1 2 0
2030281013 38 1 7 0
2030281646 46 1 2 1
2030282539 38 1 8 0
2030282835 44 1 2 1
2030283622 45 1 2 1
2030283974 47 1 2 1
2030284783 38 1 7 1
2030287755 44 1 2 0
2030288905 47 1 2 0
2030289322 38 1 8 1
2030290861 38 1 8 0
2030291424 45 1 2 0
2030292213 44 1 2 1
2030293502 47 1 2 1
2030294634 45 1 2 1
2030297410 44 1 2 0
2030299302 38 1 8 1
2030300342 44 1 2 1
2030301284 47 1 2 0
2030302237 46 1 2 0
2030304105 38 1 8 0
2030305188 47 1 2 1
2030305203 46 1 2 1
2030305682 45 1 2 0
2030307243 44 1 2 0
2030309390 47 1 2 0
2030309678 38 1 8 1
2030309682 45 1 2 1
2030310951 44 1 2 1
2030311979 25 0 1 1
2030312101 38 1 8 0
2030313711 47 1 2 1
2030316916 25 0 1 0
2030317990 38 1 8 1
2030318129 44 1 2 0
2030319070 45 1 2 0
2030319777 47 1 2 0
2030320383 46 1 2 0
2030320880 25 0 1 1
2030321401 44 1 2 1
2030322062 38 1 7 0
2030322113 45 1 2 1
2030322393 38 1 8 0
2030323302 47 1 2 1
2030323311 46 1 2 1
2030324338 25 0 1 0
2030326390 38 1 7 1
2030327021 38 1 8 1
2030327754 44 1 2 0
2030328177 47 1 2 0
2030329557 45 1 2 0
2030330975 38 1 8 0
2030332050 44 1 2 1
2030332568 47 1 2 1
2030332862 45 1 2 1
2030336963 38 1 8 1
2030338655 25 0 1 1
2030339178 44 1 2 0
2030339348 46 1 2 0
2030339521 47 1 2 0
2030342015 46 1 2 1
2030342070 38 1 8 0
2030343004 38 1 7 0
2030343072 47 1 2 1
2030343074 44 1 2 1
2030343496 45 1 2 0
2030344928 25 0 1 0
2030345211 38 1 7 1
2030347326 45 1 2 1
2030347457 38 1 8 1
2030347482 47 1 2 0
2030348365 44 1 2 0
2030350409 38 1 8 0
2030352055 47 1 2 1
2030352317 44 1 2 1
2030352505 25 0 1 1
2030355513 45 1 2 0
2030356113 25 0 1 0
2030356567 38 1 8 1
2030358107 46 1 2 0
2030359062 45 1 2 1
2030359135 47 1 2 0
2030359437 44 1 2 0
2030359895 25 0 1 1
2030360529 46 1 2 1
2030361539 38 1 7 0
2030361783 38 1 8 0
2030363565 47 1 2 1
2030363804 25 0 1 0
2030363816 44 1 2 1
2030363835 38 1 7 1
2030365886 45 1 2 0
2030368134 47 1 2 0
2030368151 38 1 8 1
2030368391 44 1 2 0
2030370352 45 1 2 1
2030371086 38 1 8 0
2030372049 25 0 1 1
2030372094 44 1 2 1
2030372762 47 1 2 1
2030376971 38 1 8 1
2030377029 25 0 1 0
2030378212 47 1 2 0
2030379140 45 1 2 0
2030379157 44 1 2 0
2030379471 25 0 1 1
2030381149 38 1 8 0
2030383326 47 1 2 1
2030383341 45 1 2 1
2030383457 44 1 2 1
2030386765 38 1 8 1
2030387701 47 1 2 0
2030388037 45 1 2 0
2030388804 44 1 2 0
2030390546 38 1 8 0
2030392101 44 1 2 1
2030392404 45 1 2 1
2030392823 25 0 1 0
2030393226 47 1 2 1
2030396921 45 1 2 0
2030397126 47 1 2 0
2030397340 38 1 8 1
2030398056 44 1 2 0
2030398546 25 0 1 1
2030400402 38 1 8 0
2030401324 44 1 2 1
2030401964 45 1 2 1
2030402262 47 1 2 1
2030402670 46 1 2 0
2030405750 38 1 7 0
2030406225 25 0 1 0
2030406772 46 1 2 1
2030407462 45 1 2 0
2030408105 38 1 8 1
2030408407 47 1 2 0
2030410485 45 1 2 1
2030410920 38 1 8 0
2030412600 47 1 2 1
2030412610 44 1 2 0
2030413389 38 1 7 1
2030415699 44 1 2 1
2030416390 47 1 2 0
2030416916 45 1 2 0
2030420686 45 1 2 1
2030423008 47 1 2 1
2030424953 44 1 2 0
2030425811 46 1 2 0
2030426230 45 1 2 0
2030426661 47 1 2 0
2030428059 44 1 2 1
2030428619 38 1 7 0
2030429127 45 1 2 1
2030429490 46 1 2 1
2030430514 47 1 2 1
2030433959 38 1 7 1
2030434806 47 1 2 0
2030435435 38 1 8 1
2030436726 38 1 8 0
2030437164 45 1 2 0
2030438566 44 1 2 0
2030440515 45 1 2 1
2030441422 47 1 2 1
2030441502 44 1 2 1
2030442599 46 1 2 0
2030445513 47 1 2 0
2030445521 38 1 8 1
2030445530 38 1 7 0
2030446112 46 1 2 1
2030448445 38 1 8 0
2030449949 38 1 7 1
2030451515 45 1 2 0
2030454073 44 1 2 0
2030454870 45 1 2 1
2030455129 47 1 2 1
2030455816 47 1 2 0
2030457133 44 1 2 1
2030459665 38 1 8 1
2030461092 47 1 2 1
2030462151 46 1 2 0
2030462329 45 1 2 0
2030464996 38 1 7 0
2030465249 45 1 2 1
2030465686 47 1 2 0
2030465713 46 1 2 1
2030467312 38 1 8 0
2030469792 38 1 7 1
2030470025 44 1 2 0
2030470173 47 1 2 1
2030472048 46 1 2 0
2030472541 38 1 8 1
2030472791 44 1 2 1
2030473981 47 1 2 0
2030474968 46 1 2 1
2030475159 38 1 7 0
2030475919 45 1 2 0
2030478386 38 1 8 0
2030478411 38 1 7 1
2030479519 45 1 2 1
2030482530 44 1 2 0
2030485414 25 0 1 1
2030485569 44 1 2 1
2030485990 47 1 2 1
2030486733 45 1 2 0
2030489228 25 0 1 0
2030489798 45 1 2 1
2030490153 47 1 2 0
2030490845 46 1 2 0
2030493694 38 1 7 0
2030494275 46 1 2 1
2030495508 47 1 2 1
2030497883 45 1 2 0
2030498115 38 1 7 1
2030498571 47 1 2 0
2030499097 44 1 2 0
2030502294 44 1 2 1
2030502748 45 1 2 1
2030508333 45 1 2 0
2030511654 46 1 2 0
2030511933 45 1 2 1
2030513547 47 1 2 1
2030514665 38 1 7 0
2030514861 44 1 2 0
2030515416 46 1 2 1
2030517650 44 1 2 1
2030518625 47 1 2 0
2030519380 38 1 7 1
2030520080 45 1 2 0
2030524103 45 1 2 1
2030529087 44 1 2 0
2030529253 45 1 2 0
2030532653 44 1 2 1
2030532930 46 1 2 0
2030533023 45 1 2 1
2030534463 47 1 2 1
2030535857 38 1 7 0
2030536510 46 1 2 1
2030538236 47 1 2 0
2030540406 38 1 7 1
2030542824 46 1 2 0
2030543293 45 1 2 0
2030545086 47 1 2 1
2030545736 38 1 7 0
2030546134 46 1 2 1
2030546139 45 1 2 1
2030548113 44 1 2 0
2030548279 47 1 2 0
2030549514 38 1 7 1
2030551041 44 1 2 1
2030553245 45 1 2 0
2030556169 45 1 2 1
2030557666 47 1 2 1
2030560880 46 1 2 0
2030562466 47 1 2 0
2030564140 38 1 7 0
2030564389 46 1 2 1
2030565662 44 1 2 0
2030566635 45 1 2 0
2030567001 47 1 2 1
2030567865 38 1 7 1
2030568424 44 1 2 1
2030569571 45 1 2 1
2030571389 47 1 2 0
2030574560 45 1 2 0
2030577757 45 1 2 1
2030578089 44 1 2 0
2030580640 46 1 2 0
2030580841 44 1 2 1
2030581635 47 1 2 1
2030583685 38 1 7 0
2030584179 46 1 2 1
2030586719 47 1 2 0
2030587629 38 1 7 1
2030588055 45 1 2 0
2030590673 46 1 2 0
2030590999 45 1 2 1
2030592643 47 1 2 1
2030593192 46 1 2 1
2030593991 38 1 7 0
2030594902 44 1 2 0
2030596071 47 1 2 0
2030596496 38 1 7 1
2030597206 45 1 2 0
2030597780 44 1 2 1
2030600830 45 1 2 1
2030603418 47 1 2 1
2030605989 45 1 2 0
2030606772 47 1 2 0
2030608983 44 1 2 0
2030610036 45 1 2 1
2030611322 44 1 2 1
2030611372 47 1 2 1
2030615179 46 1 2 0
2030617427 45 1 2 0
2030617445 47 1 2 0
2030618427 38 1 7 0
2030618428 46 1 2 1
2030620620 45 1 2 1
2030621774 38 1 7 1
2030622286 47 1 2 1
2030626449 45 1 2 0
2030626691 44 1 2 0
2030626774 47 1 2 0
2030629702 44 1 2 1
2030630832 45 1 2 1
2030631963 47 1 2 1
2030636343 45 1 2 0
2030636426 47 1 2 0
2030640884 45 1 2 1
2030640930 46 1 2 0
2030641105 47 1 2 1
2030642931 44 1 2 0
2030644212 38 1 7 0
2030645444 44 1 2 1
2030647416 47 1 2 0
2030651091 47 1 2 1
2030651527 46 1 2 1
2030653297 38 1 7 1
2030654553 47 1 2 0
2030655182 44 1 2 0
2030658485 44 1 2 1
2030662078 47 1 2 1
2030663165 46 1 2 0
2030666648 38 1 7 0
2030667085 47 1 2 0
2030669754 44 1 2 0
2030670613 46 1 2 1
2030672182 47 1 2 1
2030672860 44 1 2 1
2030674028 38 1 7 1
2030675142 47 1 2 0
2030680276 44 1 2 0
2030681728 45 1 2 0
2030683040 44 1 2 1
2030683072 47 1 2 1
2030686028 45 1 2 1
2030686849 46 1 2 0
2030690058 38 1 7 0
2030690459 47 1 2 0
2030693015 46 1 2 1
2030695254 47 1 2 1
2030696662 38 1 7 1
2030696952 44 1 2 0
2030698696 47 1 2 0
2030700141 44 1 2 1
2030704845 47 1 2 1
2030705687 45 1 2 0
2030708836 47 1 2 0
2030710145 45 1 2 1
2030713329 47 1 2 1
2030713465 44 1 2 0
2030716306 44 1 2 1
2030716909 47 1 2 0
2030718237 46 1 2 0
2030721734 47 1 2 1
2030721778 38 1 7 0
2030724636 46 1 2 1
2030727728 44 1 2 0
2030728134 38 1 7 1
2030729626 45 1 2 0
2030730573 44 1 2 1
2030735784 45 1 2 1
2030740615 44 1 2 0
2030741141 47 1 2 0
2030741841 46 1 2 0
2030743385 44 1 2 1
2030745078 38 1 7 0
2030746804 47 1 2 1
2030747821 46 1 2 1
2030751479 38 1 7 1
2030754621 45 1 2 0
2030763250 45 1 2 1
2030763318 46 1 2 0
2030763440 47 1 2 0
2030766648 38 1 7 0
2030769591 47 1 2 1
2030772128 45 1 2 0
2030774085 46 1 2 1
2030778001 38 1 7 1
2030778058 47 1 2 0
2030781868 45 1 2 1
2030781891 46 1 2 0
2030782816 47 1 2 1
2030785294 38 1 7 0
2030786391 45 1 2 0
2030789700 46 1 2 1
2030790136 47 1 2 0
2030793433 38 1 7 1
2030797037 47 1 2 1
2030797657 45 1 2 1
2030798160 46 1 2 0
2030801531 38 1 7 0
2030802514 45 1 2 0
2030808427 45 1 2 1
2030808626 47 1 2 0
2030810445 46 1 2 1
2030812440 45 1 2 0
2030815786 38 1 7 1
2030816397 47 1 2 1
2030817307 46 1 2 0
2030819017 45 1 2 1
2030819984 38 1 7 0
2030822227 45 1 2 0
2030826342 47 1 2 0
2030827457 46 1 2 1
2030830381 45 1 2 1
2030833005 46 1 2 0
2030833149 47 1 2 1
2030839188 47 1 2 0
2030840317 45 1 2 0
2030845352 45 1 2 1
2030846865 47 1 2 1
2030852399 47 1 2 0
2030859305 38 1 8 1
2030861693 47 1 2 1
2030861748 38 1 8 0
2030862123 47 1 2 0
2030868499 47 1 2 1
2030873224 38 1 8 1
2030873520 45 1 2 0
2030874598 47 1 2 0
2030877049 38 1 8 0
2030878308 46 1 2 1
2030879289 46 1 2 0
2030879667 45 1 2 1
2030879677 47 1 2 1
2030884698 38 1 8 1
2030885576 45 1 2 0
2030886464 47 1 2 0
2030886668 46 1 2 1
2030888880 38 1 7 1
2030889110 38 1 8 0
2030891975 45 1 2 1
2030893097 46 1 2 0
2030893792 47 1 2 1
2030896235 38 1 7 0
2030896572 38 1 8 1
2030898277 45 1 2 0
2030900681 47 1 2 0
2030902279 45 1 2 1
2030902393 46 1 2 1
2030903139 38 1 8 0
2030905682 38 1 7 1
2030905691 46 1 2 0
2030906954 47 1 2 1
2030907352 45 1 2 0
2030907486 38 1 8 1
2030908200 46 1 2 1
2030909147 38 1 7 0
2030911205 45 1 2 1
2030911486 38 1 7 1
2030911653 47 1 2 0
2030911666 46 1 2 0
2030914756 38 1 7 0
2030917016 47 1 2 1
2030917444 38 1 8 0
2030920051 38 1 8 1
2030920211 45 1 2 0
2030922124 46 1 2 1
2030922937 47 1 2 0
2030925590 45 1 2 1
2030925899 38 1 7 1
2030926008 46 1 2 0
2030929272 38 1 7 0
2030929558 47 1 2 1
2030929869 38 1 8 0
2030931271 45 1 2 0
2030932696 38 1 8 1
2030933337 47 1 2 0
2030934539 45 1 2 1
2030938081 47 1 2 1
2030939150 45 1 2 0
2030941192 47 1 2 0
2030942766 45 1 2 1
2030942855 38 1 8 0
2030946035 47 1 2 1
2030946863 44 1 2 0
2030947184 38 1 8 1
2030954668 44 1 2 1
2030956273 45 1 2 0
2030956406 47 1 2 0
2030958865 45 1 2 1
2030960739 47 1 2 1
2030961233 44 1 2 0
2030964315 44 1 2 1
2030968468 44 1 2 0
2030969881 47 1 2 0
2030971495 44 1 2 1
2030973371 38 1 8 0
2030974376 45 1 2 0
2030975163 47 1 2 1
2030976809 38 1 8 1
2030977629 45 1 2 1
2030977684 44 1 2 0
2030980046 47 1 2 0
2030981486 44 1 2 1
2030982995 45 1 2 0
2030985684 47 1 2 1
2030986852 45 1 2 1
2030989728 44 1 2 0
2030991160 47 1 2 0
2030992926 38 1 8 0
2030993127 44 1 2 1
2030994640 45 1 2 0
2030996787 38 1 8 1
2030998005 44 1 2 0
2030998075 47 1 2 1
2030999608 45 1 2 1
2031000775 47 1 2 0
2031002337 44 1 2 1
2031005978 38 1 8 0
2031007963 47 1 2 1
2031008650 44 1 2 0
2031009514 38 1 8 1
2031010034 45 1 2 0
2031012274 44 1 2 1
2031015263 45 1 2 1
2031015653 47 1 2 0
2031018559 44 1 2 0
2031022662 44 1 2 1
2031022955 38 1 8 0
2031023720 45 1 2 0
2031024218 47 1 2 1
2031026246 38 1 8 1
2031027144 44 1 2 0
2031027850 45 1 2 1
2031028667 47 1 2 0
2031031065 44 1 2 1
2031032633 45 1 2 0
2031035596 47 1 2 1
2031036403 38 1 8 0
2031036494 45 1 2 1
2031039086 38 1 8 1
2031040224 44 1 2 0
2031042733 47 1 2 0
2031043081 45 1 2 0
2031043346 44 1 2 1
2031047116 45 1 2 1
2031049082 44 1 2 0
2031051224 47 1 2 1
2031051665 38 1 8 0
2031053169 44 1 2 1
2031054138 45 1 2 0
2031054348 38 1 8 1
2031058169 45 1 2 1
2031058987 44 1 2 0
2031060600 47 1 2 0
2031062307 44 1 2 1
2031066596 44 1 2 0
2031068472 38 1 8 0
2031069929 47 1 2 1
2031070718 44 1 2 1
2031071554 45 1 2 0
2031072009 38 1 8 1
2031074271 47 1 2 0
2031076605 45 1 2 1
2031078640 44 1 2 0
2031081950 38 1 8 0
2031083260 47 1 2 1
2031084257 44 1 2 1
2031085317 38 1 8 1
2031088737 45 1 2 0
2031091968 47 1 2 0
2031093792 45 1 2 1
2031094851 44 1 2 0
2031098946 38 1 8 0
2031100936 44 1 2 1
2031101151 47 1 2 1
2031102653 38 1 8 1
2031104188 45 1 2 0
2031105319 47 1 2 0
2031108235 45 1 2 1
2031109146 44 1 2 0
2031111865 38 1 8 0
2031112098 47 1 2 1
2031114556 44 1 2 1
2031114782 38 1 8 1
2031117415 47 1 2 0
2031119574 45 1 2 0
2031121719 44 1 2 0
2031122221 47 1 2 1
2031123111 45 1 2 1
2031125332 47 1 2 0
2031126506 44 1 2 1
2031127462 38 1 8 0
2031129139 45 1 2 0
2031130569 47 1 2 1
2031131378 38 1 8 1
2031132237 45 1 2 1
2031132784 44 1 2 0
2031137973 44 1 2 1
2031138187 47 1 2 0
2031141335 44 1 2 0
2031142893 45 1 2 0
2031143674 44 1 2 1
2031144027 47 1 2 1
2031144808 38 1 8 0
2031146509 45 1 2 1
2031147156 44 1 2 0
2031147235 38 1 8 1
2031150946 47 1 2 0
2031152053 44 1 2 1
2031155776 44 1 2 0
2031156915 47 1 2 1
2031160063 45 1 2 0
2031161650 44 1 2 1
2031162251 47 1 2 0
2031163252 45 1 2 1
2031163855 38 1 8 0
2031165030 44 1 2 0
2031167567 47 1 2 1
2031167807 38 1 8 1
2031168205 45 1 2 0
2031171071 45 1 2 1
2031171588 44 1 2 1
2031174910 44 1 2 0
2031175675 47 1 2 0
2031181541 47 1 2 1
2031182076 45 1 2 0
2031182288 38 1 8 0
2031182324 44 1 2 1
2031184776 38 1 8 1
2031185389 44 1 2 0
2031185453 47 1 2 0
2031185454 45 1 2 1
2031190251 47 1 2 1
2031192014 44 1 2 1
2031194845 45 1 2 0
2031196463 44 1 2 0
2031197875 47 1 2 0
2031198114 45 1 2 1
2031201208 38 1 8 0
2031202220 44 1 2 1
2031202970 47 1 2 1
2031204591 45 1 2 0
2031204749 38 1 8 1
2031204920 44 1 2 0
2031207774 45 1 2 1
2031207817 47 1 2 0
2031210335 44 1 2 1
2031211765 47 1 2 1
2031212934 44 1 2 0
2031217451 45 1 2 0
2031217932 47 1 2 0
2031220387 45 1 2 1
2031222177 38 1 8 0
2031222548 47 1 2 1
2031225127 38 1 8 1
2031226715 45 1 2 0
2031227757 44 1 2 1
2031227872 47 1 2 0
2031228967 45 1 2 1
2031229993 44 1 2 0
2031231927 47 1 2 1
2031237678 45 1 2 0
2031240129 45 1 2 1
2031241841 47 1 2 0
2031245541 47 1 2 1
2031245624 38 1 8 0
2031248398 38 1 8 1
2031254216 47 1 2 0
2031255855 45 1 2 0
2031257318 47 1 2 1
2031260147 45 1 2 1
2031261184 44 1 2 1
2031263428 44 1 2 0
2031265611 47 1 2 0
2031268750 47 1 2 1
2031271154 45 1 2 0
2031273447 45 1 2 1
2031279751 47 1 2 0
2031281871 38 1 8 0
2031283367 47 1 2 1
2031285191 38 1 8 1
2031287193 45 1 2 0
2031289624 45 1 2 1
2031290408 47 1 2 0
2031293518 47 1 2 1
2031299058 47 1 2 0
2031301990 45 1 2 0
2031302853 44 1 2 1
2031302935 47 1 2 1
2031303339 44 1 2 0
2031303517 38 1 8 0
2031306106 38 1 8 1
2031307745 45 1 2 1
2031309756 47 1 2 0
2031313210 47 1 2 1
2031316867 45 1 2 0
2031318419 47 1 2 0
2031319811 45 1 2 1
2031323126 38 1 8 0
2031323173 47 1 2 1
2031325976 38 1 8 1
2031327097 45 1 2 0
2031330207 45 1 2 1
2031331712 47 1 2 0
2031335898 47 1 2 1
2031337533 45 1 2 0
2031340571 45 1 2 1
2031341657 47 1 2 0
2031344767 47 1 2 1
2031346422 45 1 2 0
2031349141 45 1 2 1
2031352208 47 1 2 0
2031354958 38 1 8 0
2031356773 47 1 2 1
2031356835 45 1 2 0
2031358369 38 1 8 1
2031360470 45 1 2 1
2031362921 47 1 2 0
2031366138 47 1 2 1
2031367916 45 1 2 0
2031370939 45 1 2 1
2031372283 47 1 2 0
2031375219 47 1 2 1
2031377456 45 1 2 0
2031381420 45 1 2 1
2031382679 47 1 2 0
2031386584 47 1 2 1
2031386780 38 1 8 0
2031389487 38 1 8 1
2031390550 45 1 2 0
2031391035 44 1 2 1
2031393660 47 1 2 0
2031394180 44 1 2 0
2031394846 45 1 2 1
2031396439 47 1 2 1
2031400132 45 1 2 0
2031402509 47 1 2 0
2031403740 45 1 2 1
2031405643 47 1 2 1
2031412295 45 1 2 0
2031412936 47 1 2 0
2031415237 44 1 2 1
2031415878 45 1 2 1
2031416418 38 1 8 0
2031417290 47 1 2 1
2031418055 44 1 2 0
2031419517 38 1 8 1
2031424760 47 1 2 0
2031427136 45 1 2 0
2031429486 44 1 2 1
2031430871 47 1 2 1
2031432066 44 1 2 0
2031432199 45 1 2 1
2031435399 47 1 2 0
2031438596 47 1 2 1
2031440380 45 1 2 0
2031442762 44 1 2 1
2031443315 45 1 2 1
2031443464 47 1 2 0
2031445035 44 1 2 0
2031447179 47 1 2 1
2031452602 45 1 2 0
2031453894 47 1 2 0
2031456155 45 1 2 1
2031459930 47 1 2 1
2031462846 44 1 2 1
2031466151 45 1 2 0
2031466234 44 1 2 0
2031466683 47 1 2 0
2031470028 45 1 2 1
2031470528 47 1 2 1
2031474611 47 1 2 0
2031477731 45 1 2 0
2031481160 44 1 2 1
2031481272 45 1 2 1
2031481322 47 1 2 1
2031484101 44 1 2 0
2031488295 47 1 2 0
2031490250 45 1 2 0
2031493617 45 1 2 1
2031496794 47 1 2 1
2031500029 45 1 2 0
2031502928 45 1 2 1
2031504228 44 1 2 1
2031504231 47 1 2 0
2031507658 44 1 2 0
2031511121 47 1 2 1
2031511181 38 1 8 0
2031511806 45 1 2 0
2031515355 45 1 2 1
2031517247 38 1 8 1
2031517630 47 1 2 0
2031521531 45 1 2 0
2031523744 47 1 2 1
2031524029 44 1 2 1
2031524048 45 1 2 1
2031526761 44 1 2 0
2031527459 47 1 2 0
2031530656 47 1 2 1
2031532089 45 1 2 0
2031533809 47 1 2 0
2031537528 45 1 2 1
2031539667 47 1 2 1
2031540035 38 1 8 0
2031543430 38 1 8 1
2031546046 47 1 2 0
2031548916 45 1 2 0
2031549492 44 1 2 1
2031552469 45 1 2 1
2031553285 47 1 2 1
2031553556 44 1 2 0
2031556038 47 1 2 0
2031558921 45 1 2 0
2031559865 47 1 2 1
2031562256 47 1 2 0
2031563925 45 1 2 1
2031567409 47 1 2 1
2031569259 45 1 2 0
2031571856 45 1 2 1
2031572797 47 1 2 0
2031572933 44 1 2 1
2031576103 45 1 2 0
2031576487 44 1 2 0
2031580254 45 1 2 1
2031581298 47 1 2 1
2031585661 45 1 2 0
2031586527 47 1 2 0
2031590934 45 1 2 1
2031593963 44 1 2 1
2031596230 44 1 2 0
2031597003 47 1 2 1
2031601269 47 1 2 0
2031618858 47 1 2 1
2031622475 47 1 2 0
2031627401 45 1 2 0
2031631303 47 1 2 1
2031635232 45 1 2 1
2031638157 47 1 2 0
2031648110 45 1 2 0
2031650116 47 1 2 1
2031650965 47 1 2 0
2031652165 45 1 2 1
2031652743 38 1 8 0
2031653841 47 1 2 1
2031657688 47 1 2 0
2031662269 47 1 2 1
2031662722 38 1 8 1
2031666406 45 1 2 0
2031672135 45 1 2 1
2031673721 47 1 2 0
2031679503 47 1 2 1
2031679743 45 1 2 0
2031686535 45 1 2 1
2031687663 47 1 2 0
2031693304 47 1 2 1
2031696101 45 1 2 0
2031700407 47 1 2 0
2031702592 45 1 2 1
2031704602 47 1 2 1
2031709218 45 1 2 0
2031712696 47 1 2 0
2031715305 45 1 2 1
2031718649 47 1 2 1
2031721569 45 1 2 0
2031726850 45 1 2 1
2031731732 47 1 2 0
2031733791 45 1 2 0
2031739122 47 1 2 1
2031739408 45 1 2 1
2031744107 45 1 2 0
2031749277 45 1 2 1
2031749440 47 1 2 0
2031756231 47 1 2 1
2031758979 45 1 2 0
2031760616 47 1 2 0
2031763385 45 1 2 1
2031765529 47 1 2 1
2031770508 47 1 2 0
2031782969 47 1 2 1
2031786884 47 1 2 0
2031789984 47 1 2 1
2031792102 45 1 2 0
2031797820 47 1 2 0
2031799214 45 1 2 1
2031801278 47 1 2 1
2031806440 45 1 2 0
2031808219 47 1 2 0
2031811397 45 1 2 1
2031813186 47 1 2 1
2031818129 45 1 2 0
2031821491 47 1 2 0
2031821769 45 1 2 1
2031825890 47 1 2 1
2031826778 45 1 2 0
2031830101 45 1 2 1
2031831272 47 1 2 0
2031835471 47 1 2 1
2031837365 45 1 2 0
2031841049 47 1 2 0
2031842136 45 1 2 1
2031845507 45 1 2 0
2031847931 47 1 2 1
2031850448 45 1 2 1
2031851470 47 1 2 0
2031854410 47 1 2 1
2031862127 45 1 2 0
2031862260 47 1 2 0
2031865158 45 1 2 1
2031866307 47 1 2 1
2031870708 47 1 2 0
2031873666 45 1 2 0
2031874767 47 1 2 1
2031876875 45 1 2 1
2031879985 47 1 2 0
2031881974 45 1 2 0
2031883940 47 1 2 1
2031885175 45 1 2 1
2031888279 47 1 2 0
2031891032 45 1 2 0
2031892973 47 1 2 1
2031894834 45 1 2 1
2031898391 47 1 2 0
2031903569 47 1 2 1
2031905576 45 1 2 0
2031910374 47 1 2 0
2031910600 45 1 2 1
2031916221 47 1 2 1
2031917893 45 1 2 0
2031922142 45 1 2 1
2031924515 47 1 2 0
2031927546 45 1 2 0
2031930017 47 1 2 1
2031931451 45 1 2 1
2031934895 45 1 2 0
2031935024 47 1 2 0
2031939745 45 1 2 1
2031942768 47 1 2 1
2031944939 45 1 2 0
2031950149 45 1 2 1
2031951492 47 1 2 0
2031959582 45 1 2 0
2031961975 47 1 2 1
2031964644 47 1 2 0
2031966156 45 1 2 1
2031970739 47 1 2 1
2031973671 45 1 2 0
2031977570 47 1 2 0
2031980415 45 1 2 1
2031984946 47 1 2 1
2031989172 45 1 2 0
2031989280 47 1 2 0
2031994437 45 1 2 1
2031995632 47 1 2 1
2031999531 47 1 2 0
2032002499 45 1 2 0
2032004598 47 1 2 1
2032007917 45 1 2 1
2032010086 47 1 2 0
2032012913 45 1 2 0
2032014900 47 1 2 1
2032016984 45 1 2 1
2032021239 47 1 2 0
2032024918 45 1 2 0
2032025551 47 1 2 1
2032030043 45 1 2 1
2032030889 47 1 2 0
2032035076 47 1 2 1
2032037413 45 1 2 0
2032040672 47 1 2 0
2032042449 45 1 2 1
2032044443 47 1 2 1
2032046398 45 1 2 0
2032049860 45 1 2 1
2032052539 47 1 2 0
2032055722 45 1 2 0
2032057088 47 1 2 1
2032060992 45 1 2 1
2032063566 47 1 2 0
2032066004 47 1 2 1
2032066971 45 1 2 0
2032070342 45 1 2 1
2032073151 47 1 2 0
2032075921 47 1 2 1
2032076840 45 1 2 0
2032080290 45 1 2 1
2032083807 47 1 2 0
2032085856 45 1 2 0
2032088336 47 1 2 1
2032091133 45 1 2 1
2032094839 47 1 2 0
2032097014 45 1 2 0
2032099927 47 1 2 1
2032105260 45 1 2 1
2032106186 47 1 2 0
2032110656 47 1 2 1
2032111980 45 1 2 0
2032118341 47 1 2 0
2032122026 47 1 2 1
2032122294 45 1 2 1
2032126582 45 1 2 0
2032127444 47 1 2 0
2032130574 45 1 2 1
2032132026 47 1 2 1
2032134797 45 1 2 0
2032137416 47 1 2 0
2032141646 47 1 2 1
2032143040 45 1 2 1
2032147458 45 1 2 0
2032148255 47 1 2 0
2032151437 47 1 2 1
2032153365 45 1 2 1
2032157744 45 1 2 0
2032159603 47 1 2 0
2032162643 47 1 2 1
2032164364 45 1 2 1
2032168908 45 1 2 0
2032169272 47 1 2 0
2032172679 45 1 2 1
2032174100 47 1 2 1
2032177253 45 1 2 0
2032181037 47 1 2 0
2032181502 45 1 2 1
2032183954 47 1 2 1
2032184425 45 1 2 0
2032188318 45 1 2 1
2032190726 47 1 2 0
2032193144 45 1 2 0
2032195558 47 1 2 1
2032198417 45 1 2 1
2032200012 47 1 2 0
2032203665 47 1 2 1
2032204816 45 1 2 0
2032207827 47 1 2 0
2032207890 45 1 2 1
2032211633 47 1 2 1
2032212483 45 1 2 0
2032214987 47 1 2 0
2032214997 45 1 2 1
2032217955 47 1 2 1
2032218303 45 1 2 0
2032220737 45 1 2 1
2032221142 47 1 2 0
2032226000 47 1 2 1
2032226735 45 1 2 0
2032229528 45 1 2 1
2032229773 47 1 2 0
2032234020 47 1 2 1
2032236737 47 1 2 0
2032237425 45 1 2 0
2032239772 47 1 2 1
2032242119 45 1 2 1
2032244367 47 1 2 0
2032250653 45 1 2 0
2032251206 47 1 2 1
2032254639 45 1 2 1
2032255434 47 1 2 0
2032259319 47 1 2 1
2032259995 45 1 2 0
2032260111 38 1 8 0
2032264443 45 1 2 1
2032264851 47 1 2 0
2032268112 47 1 2 1
2032268161 45 1 2 0
2032270791 45 1 2 1
2032271468 47 1 2 0
2032274749 47 1 2 1
2032275440 45 1 2 0
2032280033 45 1 2 1
2032281239 47 1 2 0
2032281834 45 1 2 0
2032285306 47 1 2 1
2032288696 47 1 2 0
2032296113 45 1 2 1
2032307747 47 1 2 1
2032309632 45 1 2 0
2032312864 47 1 2 0
2032315068 47 1 2 1
2032319195 47 1 2 0
2032326476 47 1 2 1
2032330739 47 1 2 0
2032336090 47 1 2 1
2032342078 47 1 2 0
2032346275 47 1 2 1
2032352780 47 1 2 0
2032356893 47 1 2 1
2032362941 47 1 2 0
2032366157 47 1 2 1
2032371728 47 1 2 0
2032375897 47 1 2 1
2032382111 47 1 2 0
2032385883 47 1 2 1
2032395400 47 1 2 0
