0b001801 0b001301 10000 100 55773 2000066917 12895 12996 8
0b001401 0b001b01 10000 100 57191 2000108828 31951 13118 15
0b001401 0b001201 10000 100 179798 2000103236 57861 23395 14
0b000a01 0b000701 10000 100 6447 2000155916 8802 8862 20
0b000601 0b000b01 10000 100 4413 2000157371 8633 8692 21
0b001301 0b001f01 10000 100 1321 2000164197 9010 8433 23
0b000b01 0b000601 10000 100 35104 2000189237 14018 11266 25
0b000a01 0b000501 10000 100 2471 2000210360 8472 8529 29
0b000401 0b000201 10000 100 44102 2000231952 11928 12020 32
0b001801 0b001901 10000 100 33439 2000240631 8279 6965 34
0b001201 0b001501 10000 100 18014 2000240350 15034 9834 33
0b000f01 0b000901 10000 100 16966 2000251024 9703 9742 36
0b001401 0b001101 10000 100 1674280 2000023397 238433 148694 1
0b001c01 0b001b01 10000 100 1719307 2000097137 191969 152469 11
0b000b01 0b000e01 10000 100 998261 2000197185 102384 92017 26
0b001001 0b001b01 10000 100 110586 2000266176 36475 17593 38
0b001201 0b001801 10000 100 876215 2000162309 155650 81784 22
0b001301 0b001201 10000 100 56688 2000305259 15098 8913 43
0b001001 0b001201 10000 100 92179 2000319408 31677 11891 44
0b000901 0b000801 10000 100 60338 2000333696 29047 9221 47
0b001301 0b001b01 10000 100 14637 2000345064 20901 9548 49
0b001f01 0b001301 10000 100 24432 2000356280 10480 10370 50
0b000501 0b000b01 10000 100 2383 2000359814 8470 8522 52
0b000801 0b000701 10000 100 19536 2000373659 21467 9959 55
0b001401 0b001901 10000 100 5334 2000394696 9587 8769 59
0b000201 0b000001 10000 100 27724 2000478322 6393 6485 66
0b000e01 0b000101 10000 100 29525 2000472287 19857 10797 63
0b000b01 0b000301 10000 100 380 2000494519 8196 8354 67
0b001801 0b001d01 10000 100 17575 2000500725 9793 9795 70
0b000701 0b000501 10000 100 27418 2000528586 7090 6460 76
0b001501 0b001a01 10000 100 1229219 2000343235 198899 111380 48
0b001a01 0b001001 10000 100 195274 2000507395 35701 24694 71
0b000901 0b000c01 10000 100 696650 2000290058 256005 66728 39
0b001c01 0b001b01 10001 100 62052 2000548322 23589 13526 80
0b000901 0b000501 10000 100 988624 2000246306 340567 91207 35
0b000301 0b000101 10000 100 4007333 2000230941 359853 340137 31
0b000301 0b000501 10000 100 9837 2000607484 9819 9145 83
0b001e01 0b001301 10000 100 705 2000634052 22654 8380 87
0b001701 0b001201 10000 100 34327 2000668281 13794 11200 92
0b000e01 0b000d01 10000 100 16594 2000675087 8142 5552 93
0b001e01 0b001f01 10000 100 3733899 2000366414 333927 317210 53
0b001901 0b001f01 10000 100 128890 2000666144 46209 19126 91
0b001201 0b001601 10000 100 25895 2000712673 10500 10491 98
0b001c01 0b001201 10001 100 1123842 2000511348 231926 102543 73
0b000101 0b000e01 10000 100 36558 2000748286 15056 11386 101
0b001c01 0b001001 10000 100 29497 2000752498 16678 10794 103
0b001501 0b001b01 10000 100 905826 2000582092 187614 84265 81
0b000701 0b000401 10000 100 33228 2000765109 7067 6948 107
0b001901 0b001001 10000 100 56136 2000778487 15420 13029 109
0b000701 0b000201 10000 100 864087 2000679852 117722 80768 96
0b001c01 0b001f01 10000 100 752936 2000639040 163562 67286 89
0b000b01 0b000301 10001 100 166454 2000766569 36666 22277 108
0b001501 0b001001 10000 100 131296 2000791242 26442 19330 110
0b000401 0b000c01 10000 100 836887 2000756786 79403 78485 105
0b000e01 0b000701 10000 100 1092323 2000639796 196610 99902 90
0b000701 0b000801 10000 100 29174 2000827217 13829 10769 114
0b000b01 0b000c01 10000 100 58343 2000838659 18051 13214 115
0b001201 0b001801 10001 100 35186 2000913430 12295 11273 123
0b000001 0b000d01 10000 100 25336 2000933917 10785 10446 127
0b000b01 0b001d01 10000 100 9422 2000011789 1013322 1013157 0
0b001701 0b001301 10000 100 29358 2001016717 13161 10783 144
0b001201 0b001c01 10000 100 52518 2001024096 17137 12724 145
0b000201 0b001501 10000 100 39072 2000026450 1015634 1015644 2
0b001701 0b001801 10000 100 194187 2001003648 41625 24603 141
0b001d01 0b000e01 10000 100 38568 2000037068 1015597 1015600 3
0b001d01 0b000501 10000 100 31698 2000045640 1015641 1015023 5
0b001101 0b000801 10000 100 28397 2000053657 1019476 1014748 7
0b000501 0b000601 10000 100 66661 2001063266 12448 9750 149
0b000101 0b000e01 10001 100 12647 2001070551 10093 9381 152
0b000c01 0b001901 10000 100 308377 2000039673 1045758 1038221 4
0b001301 0b001d01 10000 100 34389 2001076857 12150 11205 154
0b001a01 0b001401 10000 100 20697 2001078993 11784 10056 156
0b001401 0b000301 10000 100 53862 2000070722 1021295 1016881 9
0b001b01 0b001001 10000 100 14491 2001077929 24523 9536 155
0b000501 0b000f01 10000 100 71340 2001088675 16762 14303 157
0b000701 0b000d01 10000 100 726627 2000972872 134107 69241 136
0b000c01 0b000001 10000 100 7909 2001097945 9064 8983 160
0b000e01 0b000a01 10001 100 196056 2000972292 147466 24760 135
0b000a01 0b000d01 10000 100 6741 2001114917 9357 8886 163
0b001201 0b001d01 10000 100 7349 2001118309 10119 8938 164
0b001a01 0b000201 10000 100 68050 2000133823 1019931 1018073 18
0b000f01 0b000d01 10000 100 156860 2001142172 17111 17311 168
0b000601 0b000901 10000 100 4573670 2000375199 791032 391777 56
0b000a01 0b000701 10001 100 3626 2001169084 8741 8625 172
0b001101 0b001f01 10000 100 19169 2001175418 10747 9930 173
0b000101 0b001801 10000 100 6044 2000177874 1013055 1012875 24
0b000201 0b001a01 10000 100 6812 2000207999 1013069 1012936 28
0b000d01 0b000401 10000 100 12327 2001213622 9322 9356 176
0b000401 0b001e01 10000 100 938673 2000101824 1126685 1091064 13
0b001e01 0b001101 10000 100 31920 2001214801 14276 10996 177
0b000501 0b000d01 10000 100 4491 2001144186 91737 8698 170
0b001c01 0b001501 10000 100 222808 2001229836 31262 27000 179
0b001b01 0b001601 10000 100 5903 2001231647 37406 8815 180
0b000d01 0b001f01 10000 100 65811 2000265232 1023215 1017883 37
0b000901 0b000701 10000 100 986 2001289987 8362 8402 189
0b001501 0b000b01 10000 100 11395 2000293816 1014326 1013322 41
0b000401 0b001201 10000 100 36152 2000292162 1016296 1015399 40
0b001001 0b001501 10000 100 497719 2001093234 217280 50049 159
0b001101 0b000a01 10000 100 2740 2000297343 1022758 1012595 42
0b001d01 0b001b01 10000 100 1311199 2001061380 263416 118254 148
0b001401 0b000201 10000 100 1220351 2000099749 1234233 1114681 12
0b001801 0b001b01 10001 100 47994 2001297790 37298 8183 191
0b001a01 0b001601 10000 100 3302597 2001016261 331189 285211 143
0b001401 0b001d01 10000 100 112117 2001336976 20728 17723 197
0b001d01 0b001801 10000 100 49459 2001340970 17173 12468 198
0b001301 0b001601 10000 100 2027 2001327365 41543 8493 194
0b001901 0b001701 10000 100 266201 2001312561 58019 30641 193
0b001e01 0b001f01 10001 100 387912 2001334262 44617 36682 196
0b001601 0b001c01 10000 100 68112 2001366299 22542 14033 203
0b001b01 0b000201 10000 100 569212 2000328278 1061392 1060090 45
0b001d01 0b000901 10000 100 77332 2000386697 1023304 1018851 58
0b001001 0b001201 10001 100 45931 2001387590 23172 8011 204
0b001101 0b000601 10000 100 3277979 2000117168 1299158 1287190 16
0b000201 0b000a01 10000 100 49892 2001360271 56143 12503 200
0b001401 0b001801 10000 100 4483620 2000331082 1090798 384228 46
0b001d01 0b001901 10000 100 35042 2001259940 162056 11261 186
0b001c01 0b001301 10000 100 33402 2001411603 15303 11122 210
0b001701 0b001501 10000 100 167983 2001409382 18034 18243 209
0b001401 0b001301 10000 100 474857 2001361082 70523 48132 201
0b000e01 0b001401 10000 100 791 2000421584 1012444 1012432 62
0b001601 0b001a01 10000 100 884348 2001300249 143432 82466 192
0b000801 0b001d01 10000 100 555930 2000356296 1101230 1058974 51
0b000f01 0b000401 10000 100 156972 2001440951 27120 21480 215
0b000b01 0b000a01 10000 100 1555427 2000946829 522237 134569 130
0b000d01 0b001e01 10000 100 595447 2000401153 1075052 1062289 61
0b000c01 0b000201 10000 100 36222 2001470637 12781 11359 220
0b001401 0b000f01 10000 100 720302 2000370631 1118817 1072757 54
0b000e01 0b000001 10000 100 1097 2001486244 8492 8415 225
0b000401 0b001601 10000 100 140 2000498705 1012130 1012380 68
0b000b01 0b001d01 10001 100 1079458 2000400536 1119964 1102868 60
0b001501 0b000b01 10001 100 32683 2000507665 1016363 1015106 72
0b001801 0b001301 10001 100 5859 2001521663 9252 8811 230
0b000701 0b000901 10000 100 369 2001525581 8175 8353 231
0b000d01 0b000c01 10000 100 2447 2001472460 62971 4367 221
0b000801 0b001c01 10000 100 190908 2000499094 1036490 1028371 69
0b001d01 0b000f01 10000 100 56668 2000516091 1020635 1017117 74
0b000b01 0b001701 10000 100 48960 2000539419 1019604 1016469 78
0b001c01 0b001b01 10002 100 3571 2001578459 9250 8621 240
0b001f01 0b001c01 10000 100 3083559 2000944613 650628 262687 129
0b000901 0b000701 10001 100 127135 2001568046 29645 18982 234
0b001c01 0b001701 10000 100 174090 2001578256 27161 22919 239
0b001d01 0b000901 10001 100 35418 2000583263 1030322 1015336 82
0b000601 0b001f01 10000 100 63710 2000609986 1022839 1017707 84
0b001001 0b001801 10000 100 1257288 2001140157 507457 113733 166
0b001f01 0b001201 10001 100 837303 2001491597 168935 78522 226
0b000901 0b001501 10000 100 516780 2000516444 1166064 1055692 75
0b001901 0b001301 10000 100 20748 2001653773 34871 10060 243
0b000001 0b000801 10000 100 142777 2001678420 21790 20291 247
0b000601 0b001401 10000 100 155088 2000679564 1032053 1025371 95
0b001f01 0b000f01 10000 100 34097 2000613013 1102400 1015227 86
0b000b01 0b001701 10001 100 69548 2000709740 1018403 1018197 97
0b001f01 0b000501 10000 100 4888 2000721419 1013607 1012775 99
0b001101 0b001d01 10000 100 193230 2001658169 90930 24523 245
0b001701 0b001101 10000 100 1421011 2001568514 187320 127461 235
0b001801 0b001601 10000 100 6249 2001707413 52899 8846 252
0b001301 0b000701 10000 100 2431 2000748141 1012783 1012571 100
0b001b01 0b000f01 10000 100 13475 2000748734 1013513 1013496 102
0b000101 0b001001 10000 100 1925824 2000531843 1233735 1173826 77
0b001b01 0b000501 10000 100 38478 2000753249 1015748 1015593 104
0b000801 0b001801 10000 100 1108622 2000611441 1158761 1105313 85
0b001e01 0b001201 10000 100 41698 2001761854 14315 11817 259
0b001801 0b001701 10000 100 26054 2001766611 14560 10508 262
0b001b01 0b001001 10001 100 3779 2001772685 8984 8637 263
0b001f01 0b000601 10000 100 1664660 2000476975 1305531 1151931 65
0b000201 0b000c01 10001 100 18717 2001729817 55446 9890 254
0b000b01 0b000201 10000 100 766326 2001577656 212154 72571 238
0b000201 0b001801 10000 100 49625 2000757554 1036701 1016527 106
0b001001 0b001401 10000 100 23334 2001787071 17750 10278 267
0b001801 0b001701 10001 100 17879 2001793264 12177 9819 270
0b000901 0b001101 10000 100 2080511 2000212245 1595409 1186796 30
0b001a01 0b001501 10000 100 20769 2001739923 75028 10062 256
0b000d01 0b001e01 10001 100 68022 2000802291 1023669 1018071 111
0b001c01 0b001a01 10000 100 265714 2001787613 44006 30598 268
0b000701 0b000c01 10000 100 4571 2001828801 8848 8704 277
0b000b01 0b000e01 10001 100 22483 2001832362 11462 10206 278
0b000801 0b000c01 10000 100 58615 2001833093 16183 13235 279
0b001801 0b001401 10000 100 1310996 2001576889 273127 118233 237
0b001d01 0b001001 10000 100 2564 2001841686 8632 8536 281
0b001801 0b001401 10001 100 218162 2001816751 46126 26613 275
0b000201 0b001601 10000 100 21169 2000861596 1016124 1014143 119
0b000f01 0b000a01 10000 100 29903 2001876858 16807 10827 291
0b001901 0b000601 10000 100 76829 2000892335 1019080 1018807 122
0b000a01 0b000f01 10000 100 1086351 2001765017 148975 99402 260
0b000a01 0b000e01 10000 100 36696 2001912196 14590 11397 294
0b000401 0b000e01 10000 100 137551 2001849437 78149 19854 284
0b000401 0b000001 10000 100 899847 2001688843 241216 83763 250
0b000a01 0b001801 10000 100 318909 2000853397 1078115 1039102 118
0b000201 0b001f01 10000 100 407107 2000845986 1087249 1046500 116
0b001001 0b000801 10000 100 2882 2000933106 1012981 1012607 126
0b000101 0b001001 10001 100 157124 2000875832 1076067 1025541 120
0b000b01 0b001401 10000 100 281453 2000923880 1040628 1035964 124
0b001101 0b000b01 10000 100 203224 2000947887 1034044 1029406 131
0b000901 0b001601 10000 100 72602 2000965445 1025295 1018453 134
0b001101 0b001001 10000 100 22968 2001985615 6180 6085 300
0b000601 0b001401 10001 100 41151 2000978291 1016660 1015818 137
0b000a01 0b001a01 10000 100 1265525 2000823082 1175303 1118468 113
0b000001 0b001a01 10000 100 50465 2000990226 1016719 1016598 140
0b000801 0b001801 10001 100 73325 2000989678 1020567 1018515 139
0b000901 0b001f01 10000 100 57451 2000957172 1060939 1017183 133
0b001601 0b001a01 10001 100 1040 2002062173 8690 8410 310
0b001601 0b000701 10000 100 6217 2001050573 1027347 1012889 147
0b001d01 0b000301 10000 100 1126425 2000876889 1207200 1106806 121
0b001101 0b000e01 10000 100 8764 2001073406 1013692 1013100 153
0b001701 0b001301 10001 100 1755699 2001748752 339117 155518 258
0b000901 0b000a01 10000 100 41558 2002083209 10057 7645 314
0b001e01 0b000b01 10000 100 26135 2000984320 1110075 1014559 138
0b000c01 0b000301 10000 100 1913876 2001941002 171892 168779 297
0b000401 0b001401 10000 100 68712 2001091975 1021970 1018126 158
0b001101 0b001601 10000 100 2676 2002073064 49691 8545 311
0b001d01 0b001001 10001 100 26576 2002113372 11043 10549 317
0b000201 0b000e01 10000 100 3794 2002088332 36543 8638 315
0b001001 0b001601 10000 100 3271928 2001112545 1016310 282638 161
0b001a01 0b000e01 10000 100 31188 2001113783 1020512 1014982 162
0b000201 0b001301 10000 100 9036 2001129009 1013480 1013126 165
0b001701 0b001201 10001 100 24225 2002119389 25940 10354 318
0b000601 0b001401 10002 100 72565 2001142277 1021696 1018450 169
0b000201 0b000b01 10000 100 1595324 2001914073 252810 142074 295
0b000e01 0b001d01 10000 100 29524 2001160071 1019163 1014842 171
0b001601 0b000f01 10000 100 820340 2001067396 1141362 1081144 151
0b001701 0b001c01 10000 100 1126355 2002012714 196689 102756 304
0b000701 0b001701 10000 100 58543 2001206654 1017353 1017275 175
0b001f01 0b001301 10001 100 1381792 2001924285 305495 124170 296
0b001201 0b001c01 10001 100 44054 2002212999 20739 12017 327
0b001e01 0b000f01 10000 100 4851 2001140287 1111296 1012772 167
0b001801 0b000c01 10000 100 1833569 2000849967 1402931 1166093 117
0b001d01 0b000101 10000 100 38937 2001234758 1020317 1015629 181
0b000301 0b001e01 10000 100 62477 2001243765 1023084 1017605 182
0b001901 0b000201 10000 100 1024252 2001065953 1211512 1098241 150
0b001801 0b001701 10002 100 24971 2002274353 12812 10413 341
0b001c01 0b001201 10000 100 8886524 2000198831 2091091 753368 27
0b001a01 0b001201 10000 100 59972 2002259934 30249 13348 336
0b001901 0b001e01 10000 100 30782 2002280821 12614 10901 345
0b001201 0b001c01 10002 100 73184 2002252863 40694 14458 335
0b001201 0b000101 10000 100 3833716 2000953275 1350716 1333784 132
0b000401 0b000801 10000 100 613251 2001905424 404286 59737 293
0b000001 0b001901 10000 100 67244 2001250310 1059532 1018005 184
0b001001 0b000201 10000 100 31269 2001243892 1069874 1014989 183
0b000001 0b000301 10000 100 1412898 2002189744 127255 122617 324
0b000d01 0b000201 10000 100 2973015 2002032332 296877 257581 306
0b000601 0b001f01 10001 100 168930 2001294629 1036630 1026528 190
0b001201 0b001501 10001 100 1469175 2001808340 526707 131498 272
0b000801 0b001001 10000 100 5812 2001327595 1013575 1012853 195
0b000701 0b001f01 10000 100 837153 2001224287 1122283 1082555 178
0b000001 0b000701 10000 100 6820 2002216375 137548 8892 328
0b001701 0b000b01 10000 100 566 2001342643 1012248 1012414 199
0b000701 0b000501 10001 100 647204 2002302620 73665 58424 349
0b000101 0b000b01 10000 100 5802759 2000679514 1708017 494824 94
0b000a01 0b000e01 10001 100 1966840 2002223357 180027 173220 329
0b001b01 0b000701 10000 100 4018546 2001031279 1389009 1349281 146
0b001b01 0b001001 10002 100 912491 2002176269 244367 84825 323
0b001601 0b000001 10000 100 28880 2001400376 1020706 1014786 207
0b000c01 0b001001 10000 100 46533 2001404748 1018603 1016268 208
0b001c01 0b000301 10000 100 3680 2001420883 1012717 1012674 212
0b001601 0b000b01 10000 100 10339 2001419734 1014114 1013234 211
0b001101 0b000f01 10000 100 860763 2001265349 1171696 1084532 188
0b000d01 0b000501 10000 100 154389 2002423943 28052 21266 366
0b000d01 0b000f01 10000 100 23797 2002454308 6111 6155 371
0b000f01 0b001701 10000 100 152343 2001433135 1029751 1025139 214
0b001d01 0b001e01 10000 100 42099 2002457957 8751 7693 372
0b000701 0b000e01 10000 100 92683 2002464477 16405 16091 375
0b000f01 0b001c01 10000 100 137983 2001463672 1025011 1023933 218
0b001701 0b001401 10000 100 1408914 2002275329 213430 122283 342
0b000801 0b001d01 10001 100 945657 2001252138 1245792 1091650 185
0b001901 0b001301 10001 100 9859 2002488564 9592 9147 376
0b000a01 0b001901 10000 100 1762808 2001202039 1301784 1160159 174
0b000801 0b001201 10000 100 4216 2001495519 1013633 1012721 227
0b001f01 0b001501 10000 100 838943 2002273188 246776 78657 340
0b000a01 0b000c01 10000 100 7575 2002513889 9012 8956 379
0b000e01 0b000101 10001 100 689439 2002228394 315579 66124 332
0b000b01 0b001f01 10000 100 18842 2001511786 1041666 1013945 229
0b000e01 0b001f01 10000 100 61102 2001529076 1024889 1017491 232
0b000901 0b000c01 10001 100 223302 2002531996 27984 27044 380
0b000201 0b000401 10000 100 63389 2002559009 15467 13636 385
0b001f01 0b000c01 10000 100 6656879 2000473895 2104217 1570478 64
0b001301 0b001401 10000 100 47309 2002558098 28124 12289 384
0b000801 0b001601 10000 100 1169827 2001443593 1145890 1110443 216
0b000a01 0b001501 10000 100 811821 2001388653 1201738 1080428 205
0b000a01 0b000b01 10000 100 20710 2002595042 6788 5897 392
0b001c01 0b001901 10000 100 119506 2002409888 198318 18341 363
0b000f01 0b000801 10000 100 39087 2002600731 13778 11600 395
0b000601 0b000101 10000 100 49586 2002609087 22179 12478 397
0b000b01 0b001f01 10001 100 71519 2001608656 1027381 1018363 242
0b000901 0b001e01 10000 100 9461567 2000138372 2520307 1805624 19
0b001401 0b000e01 10000 100 1564053 2001468793 1199342 1143498 219
0b000001 0b001d01 10000 100 1158677 2001395007 1278477 1109509 206
0b001901 0b001301 10002 100 24060 2002662379 11169 10340 403
0b001001 0b001a01 10000 100 2062157 2001655100 1018919 181214 244
0b001001 0b000e01 10000 100 6042028 2000379838 2304309 1518932 57
0b001e01 0b000801 10000 100 61537 2001668130 1020398 1017526 246
0b001301 0b000401 10000 100 1118097 2001486112 1204159 1106109 224
0b001e01 0b000501 10000 100 90474 2001678908 1020214 1019952 248
0b000601 0b000d01 10000 100 795563 2002599068 106373 75021 394
0b001d01 0b001701 10000 100 51853 2002699570 16745 12667 408
0b001e01 0b001c01 10000 100 69123 2002703331 16536 9958 409
0b001601 0b000201 10000 100 13650 2001689777 1032182 1013510 251
0b001d01 0b001c01 10000 100 44987 2002713522 8585 7931 411
0b001101 0b001f01 10001 100 111 2002719325 8263 8332 412
0b001301 0b001d01 10001 100 839 2002730133 8581 8390 418
0b000c01 0b000101 10000 100 9308 2002729781 9286 9103 417
0b000d01 0b000b01 10000 100 34925 2002723038 18304 11248 416
0b001601 0b001a01 10002 100 21085 2002749748 14426 10091 422
0b000601 0b000101 10001 100 61562 2002750139 15005 13483 423
0b000e01 0b000301 10000 100 315099 2002654601 117630 34741 402
0b001a01 0b001301 10000 100 3138092 2001828118 945511 271421 276
0b001901 0b000001 10000 100 22292 2001782342 1014934 1014236 266
0b001301 0b000c01 10000 100 36758 2001781771 1028159 1015447 265
0b001501 0b001b01 10001 100 21943 2002795644 14882 10159 430
0b001701 0b001e01 10000 100 66707 2002673816 137487 13913 406
0b001001 0b000701 10000 100 8962 2001765562 1048645 1013116 261
0b001c01 0b000201 10000 100 9055 2001799269 1020001 1013127 271
0b001201 0b001d01 10001 100 22094 2002799265 27893 10175 431
0b000c01 0b000901 10000 100 48118 2002811295 17681 12357 433
0b000301 0b001c01 10000 100 49012 2001812000 1018137 1016477 274
0b001901 0b001001 10001 100 1719 2002641926 210023 8465 400
0b000e01 0b001f01 10001 100 409722 2001744759 1111399 1046717 257
0b001501 0b001a01 10001 100 1244313 2002435692 428372 112645 367
0b001801 0b001c01 10000 100 138807 2002830491 34366 19958 437
0b001701 0b000b01 10001 100 86919 2001835235 1034022 1019652 280
0b001001 0b001201 10002 100 295789 2002759225 129135 28959 425
0b001101 0b000501 10000 100 22588 2001874826 1014976 1014260 289
0b000c01 0b001401 10000 100 79706 2001866845 1025071 1019048 287
0b001001 0b001f01 10000 100 27856 2002858176 45134 10656 440
0b001e01 0b000b01 10001 100 23638 2001889908 1015192 1014348 292
0b000301 0b001f01 10000 100 1242869 2001596086 1327768 1116567 241
0b001301 0b000201 10000 100 5428 2001858892 1076017 1012822 286
0b000201 0b000e01 10001 100 14050 2002922971 30348 9501 451
0b001701 0b001e01 10001 100 66144 2002934654 19182 13868 453
0b001501 0b001401 10000 100 1857066 2002623543 365994 159860 399
0b001101 0b000901 10000 100 1344534 2001737149 1266132 1125092 255
0b000e01 0b000201 10000 100 4181907 2001495831 1509929 358931 228
0b000a01 0b001001 10000 100 65290 2001994228 1019781 1017841 301
0b000e01 0b001d01 10001 100 647943 2001854161 1161533 1066688 285
0b001e01 0b001a01 10000 100 4748073 2002298070 724454 406402 348
0b001201 0b000401 10000 100 2561117 2001544932 1480197 1227092 233
0b001801 0b000801 10000 100 15916 2002023463 1015108 1013699 305
0b001801 0b001f01 10000 100 191564 2002958092 81887 24382 458
0b001a01 0b001001 10001 100 32510 2002929653 125483 11047 452
0b001b01 0b000e01 10000 100 4861 2002048112 1013497 1012773 307
0b001601 0b001301 10000 100 635228 2002855149 209653 61580 439
0b001101 0b001d01 10001 100 2596691 2002733300 350657 226027 419
0b001401 0b000f01 10001 100 77615 2002083003 1018851 1018873 313
0b001301 0b001001 10001 100 70183 2003058495 44442 10047 476
0b000401 0b000e01 10001 100 48346 2003027509 78237 12375 470
0b001701 0b000e01 10000 100 29176 2002094079 1017388 1014814 316
0b001701 0b000101 10000 100 1670092 2001808619 1313887 1152389 273
0b000701 0b000c01 10001 100 60951 2003098202 26441 13430 483
0b001c01 0b001101 10000 100 28975 2003120864 13223 10749 485
0b000a01 0b000701 10002 100 69561 2003122224 16223 14153 486
0b001201 0b000901 10000 100 48576 2002078190 1064560 1016439 312
0b001701 0b001401 10001 100 59960 2003140079 10780 9187 490
0b001601 0b001101 10000 100 9400077 2001005079 2147499 796426 142
0b001901 0b000a01 10000 100 15945 2001790816 1373828 1013702 269
0b000401 0b001401 10001 100 1448673 2001719433 1450391 1133823 253
0b001f01 0b001901 10000 100 346 2003023466 148702 8351 467
0b001701 0b001801 10001 100 19494 2003146817 30353 9956 493
0b001e01 0b001301 10001 100 4986 2003049599 143296 8738 474
0b001401 0b001201 10001 100 1400631 2002271459 922905 125750 338
0b000901 0b001801 10000 100 359029 2002130098 1077315 1042469 319
0b001301 0b001401 10001 100 33979 2003189459 28844 11168 502
0b001e01 0b000d01 10000 100 24785 2002205047 1015193 1014443 326
0b001001 0b000701 10001 100 84327 2002203071 1024601 1019437 325
0b001001 0b000c01 10000 100 3875 2002243061 1012936 1012690 333
0b000d01 0b000501 10001 100 1799183 2002889172 367619 159166 445
0b000401 0b001e01 10001 100 4633523 2001480738 1776522 1400841 222
0b000c01 0b000101 10001 100 71 2003259601 8176 8329 512
0b000a01 0b001d01 10000 100 14514 2002271300 1019968 1013583 337
0b001201 0b000a01 10000 100 3791836 2001362041 1932740 1330273 202
0b001f01 0b000201 10000 100 4818 2002283890 1014098 1012769 346
0b001f01 0b001001 10000 100 6868 2003157187 142739 8896 497
0b001201 0b001c01 10003 100 79334 2003217102 85213 14973 508
0b000401 0b000501 10000 100 74540 2003297949 20733 10411 522
0b000701 0b001e01 10000 100 312633 2002273171 1049053 1038577 339
0b001f01 0b000a01 10000 100 63128 2002289692 1034086 1017661 347
0b001301 0b001901 10000 100 9236632 2000128591 3197753 782720 17
0b001a01 0b000f01 10000 100 23035 2002310737 1018893 1014299 351
0b000701 0b000301 10000 100 1372030 2003094572 251080 123354 481
0b001a01 0b000b01 10000 100 11245 2001846770 1503379 1013310 282
0b001401 0b001a01 10000 100 2151 2003349952 8683 8503 533
0b000701 0b000901 10001 100 70391 2003082040 280790 14223 479
0b000d01 0b001f01 10001 100 5741 2002351889 1013565 1012847 354
0b000a01 0b000701 10003 100 38221 2003322101 46645 11527 529
0b000d01 0b000501 10002 100 132947 2003337179 31766 19466 532
0b001b01 0b000e01 10002 100 7886 2002354320 1015165 1013026 355
0b001b01 0b001001 10003 100 52792 2003304304 69921 12746 524
0b000d01 0b001301 10000 100 78119 2002157572 1219542 1018917 322
0b001801 0b001201 10001 100 42548 2003313690 65613 11888 525
0b000301 0b001101 10000 100 1862091 2001870475 1512705 1168486 288
0b001201 0b000401 10002 100 40944 2002362194 1022980 1015797 357
0b000b01 0b001f01 10002 100 4365 2002378016 1013088 1012733 358
0b000801 0b000401 10000 100 2002795 2003135975 258823 176235 487
0b001e01 0b001701 10000 100 708478 2002943329 459488 67720 455
0b001d01 0b000b01 10000 100 190363 2002344336 1075778 1028327 353
0b001f01 0b001201 10000 100 7519520 2000929000 2492689 638758 125
0b000901 0b001601 10001 100 26060 2002415837 1014804 1014553 365
0b000b01 0b000201 10001 100 1316548 2003145323 285680 118701 492
0b000a01 0b000101 10000 100 78056 2003417857 21545 14867 543
0b000601 0b001001 10000 100 2035249 2002056389 1408828 1183003 308
0b000201 0b001901 10000 100 74954 2002379647 1088345 1018649 359
0b000301 0b000f01 10000 100 39756 2003462600 20159 11654 549
0b000d01 0b001901 10000 100 1068402 2002250178 1233618 1101942 334
0b000601 0b000c01 10000 100 59449 2003362662 125703 13306 534
0b001001 0b000b01 10000 100 63250 2002461316 1027517 1017670 374
0b000601 0b000901 10001 100 78998 2003473035 27776 14943 552
0b001901 0b000e01 10000 100 5298 2002459277 1052099 1012811 373
0b001901 0b001201 10000 100 4836 2003497636 16231 8726 557
0b001e01 0b001b01 10000 100 522480 2003208240 312468 52126 506
0b001301 0b001501 10000 100 4592313 2001848444 1673801 393342 283
0b001a01 0b000501 10000 100 30694 2002502243 1029056 1014939 378
0b001f01 0b001701 10001 100 18752 2003413638 163971 9893 541
0b001f01 0b000501 10001 100 1663 2002565265 1013111 1012505 386
0b001b01 0b000b01 10000 100 6444904 2001481137 2097493 1552706 223
0b000901 0b000b01 10000 100 50156 2003568438 12577 8368 566
0b001c01 0b000701 10000 100 22949 2002568381 1015762 1014289 388
0b001d01 0b001e01 10001 100 28629 2003579522 11491 6561 570
0b000701 0b000f01 10001 100 739953 2003274590 341895 70357 515
0b001c01 0b001101 10001 100 79095 2003609704 23652 14954 576
0b001201 0b000001 10000 100 1426101 2002333242 1312934 1131932 352
0b001401 0b001501 10000 100 144401 2003636723 16494 16268 583
0b001901 0b000b01 10000 100 78824 2002646765 1024778 1018974 401
0b001c01 0b000901 10000 100 2352460 2002224291 1450307 1209597 330
0b001f01 0b001401 10000 100 3375 2003669351 9301 8605 589
0b001f01 0b001e01 10000 100 5916 2003681169 5315 4656 590
0b001401 0b000801 10001 100 30772 2002579340 1126118 1014945 389
0b000f01 0b001201 10000 100 24612 2002667106 1038458 1014429 405
0b000f01 0b001801 10000 100 28312 2002533443 1178336 1014741 381
0b000d01 0b000701 10000 100 13972 2003488949 230328 9491 555
0b001c01 0b001901 10001 100 13998 2003697713 24909 9493 593
0b001201 0b001e01 10000 100 1303 2003627690 95338 8431 581
0b001201 0b001401 10000 100 24655 2003638758 91864 10388 584
0b000c01 0b000501 10000 100 68582 2003490273 241909 14071 556
0b001f01 0b001b01 10000 100 183178 2003505115 229385 23680 559
0b000101 0b001c01 10000 100 13209 2002721689 1014556 1013475 414
0b000101 0b001f01 10000 100 4259 2002690315 1047828 1012724 407
0b001a01 0b001d01 10000 100 3897104 2001432867 2305434 335056 213
0b001d01 0b001c01 10001 100 2563769 2003473093 269036 219107 553
0b000e01 0b001001 10000 100 2779631 2001778655 1972670 1245410 264
0b000501 0b001001 10000 100 1320776 2002588244 1170690 1123099 391
0b000f01 0b001001 10000 100 35311 2002388149 1372211 1015328 361
0b000d01 0b001901 10001 100 872867 2002555772 1214347 1085546 383
0b001e01 0b000e01 10000 100 445377 2002566889 1203497 1049707 387
0b000401 0b001801 10000 100 11742 2002712729 1072644 1013350 410
0b001201 0b000401 10001 100 3341274 2002225372 1566575 1292500 331
0b000901 0b001801 10001 100 11554 2002768500 1043029 1013335 426
0b000601 0b001c01 10000 100 57306 2002793699 1023358 1017172 429
0b000601 0b000801 10000 100 69388 2003805054 19565 14139 604
0b001701 0b000b01 10002 100 1329725 2002303350 1532539 1123850 350
0b001701 0b000d01 10000 100 70288 2002823682 1023113 1018260 435
0b000e01 0b000301 10001 100 690 2003758202 99548 8379 599
0b001701 0b001f01 10000 100 45671 2003621140 242861 12150 579
0b000d01 0b001801 10000 100 1980541 2002501840 1372076 1178415 377
0b001601 0b000e01 10000 100 2293591 2002357457 1531875 1204661 356
0b000301 0b001c01 10001 100 17232 2002583234 1307544 1013812 390
0b001f01 0b000801 10000 100 25438 2002806650 1091734 1014499 432
0b000001 0b001901 10001 100 14441 2002722977 1180517 1013577 415
0b001501 0b001801 10000 100 844756 2003790530 113068 79145 603
0b001f01 0b000501 10002 100 63778 2002879077 1036503 1017713 443
0b001101 0b000f01 10001 100 59925 2002892006 1024250 1017389 446
0b001301 0b000901 10000 100 4591763 2001572390 2352695 1397339 236
0b001401 0b000a01 10000 100 27307 2002908446 1040772 1014657 448
0b000e01 0b001801 10000 100 29763 2002872655 1078871 1014861 442
0b000401 0b001301 10000 100 647049 2002827157 1127657 1066617 436
0b001001 0b001801 10001 100 45786 2003841651 113229 12159 611
0b001b01 0b001401 10000 100 24656 2003943076 27914 10388 637
0b000b01 0b001001 10000 100 27351 2002919621 1063381 1014660 450
0b000f01 0b000301 10000 100 885643 2003872389 112060 82573 618
0b000701 0b000301 10001 100 57654 2003957379 27954 13155 644
0b001f01 0b000d01 10000 100 1690028 2002534758 1458577 1154060 382
0b001e01 0b001901 10000 100 32366 2003946838 50609 11036 641
0b001901 0b000f01 10000 100 71189 2002982628 1021676 1018336 462
0b001501 0b000701 10000 100 1804905 2002615421 1402239 1163688 398
0b001101 0b000501 10001 100 36231 2003000437 1018991 1015405 464
0b000b01 0b001801 10000 100 63682 2002783586 1248624 1017705 428
0b001501 0b000e01 10000 100 151709 2002870703 1165824 1025085 441
0b001d01 0b000301 10001 100 21506 2003022657 1016437 1014169 466
0b000001 0b001601 10000 100 172421 2003004798 1047746 1026823 465
0b001601 0b000501 10000 100 2082597 2002750180 1302781 1186971 424
0b001c01 0b001d01 10000 100 1498816 2003371634 684549 129821 535
0b000c01 0b000e01 10000 100 33254 2003894144 166208 6950 625
0b001501 0b000e01 10001 100 4992 2002943372 1117314 1012783 456
0b001801 0b001601 10001 100 27451 2003950843 110348 10623 642
0b001701 0b000101 10001 100 28294 2003036288 1026039 1014739 473
0b000901 0b000c01 10002 100 2067 2003815825 273703 8496 606
0b001c01 0b000401 10000 100 19236 2002982246 1108570 1013980 461
0b001101 0b001801 10000 100 232045 2003890210 203657 27778 624
0b001f01 0b000f01 10001 100 34371 2003075860 1019313 1015249 477
0b001601 0b001f01 10000 100 77515 2003872966 222999 14820 620
0b001801 0b001b01 10000 100 27681124 2000634944 3483074 2324948 88
0b000f01 0b000701 10000 100 44181 2004088502 33835 12027 665
0b000101 0b001801 10001 100 13450139 2001264962 2867628 2140027 187
0b000e01 0b000901 10000 100 8437 2004122415 11513 9029 670
0b000701 0b000501 10002 100 31506 2004122773 12406 6803 671
0b001801 0b000101 10000 100 26813 2003086934 1048483 1014613 480
0b000d01 0b000501 10003 100 24938 2004132186 12590 10411 676
0b000201 0b000c01 10002 100 44069 2003946131 201888 12018 640
0b001a01 0b000401 10000 100 859872 2002748717 1408167 1084457 421
0b000601 0b001c01 10001 100 27956 2003143543 1018309 1014709 491
0b001401 0b000a01 10001 100 46470 2003139027 1023084 1016263 489
0b000201 0b001201 10000 100 57428 2003149797 1022173 1017181 494
0b000801 0b000e01 10000 100 361105 2003913288 271190 38598 633
0b000601 0b001a01 10000 100 1313190 2002952961 1234699 1122465 457
0b001601 0b001b01 10000 100 239697 2004115419 72748 28417 669
0b000201 0b000401 10001 100 59603 2004154789 41345 13318 680
0b000401 0b000701 10000 100 2214334 2003464651 752010 189812 550
0b000c01 0b000901 10001 100 684856 2003964863 255854 65738 647
0b000701 0b001601 10000 100 9687 2003213102 1014905 1013178 507
0b000101 0b001701 10000 100 65634 2003027595 1208803 1017869 471
0b001101 0b001f01 10002 100 7456 2004010343 239904 8947 651
0b000101 0b001e01 10000 100 3464 2003056849 1216973 1012657 475
0b000701 0b001501 10000 100 74829 2003244313 1035143 1018639 510
0b001a01 0b000901 10001 100 37232 2003253565 1027698 1015489 511
0b000301 0b001b01 10000 100 17810 2002970469 1312176 1013858 460
0b001901 0b000e01 10001 100 8816 2003193497 1091326 1013104 504
0b001801 0b001e01 10000 100 29871 2004090922 198691 10824 666
0b001501 0b001b01 10002 100 8204 2004289378 9576 9010 696
0b000a01 0b001c01 10000 100 40809 2003284281 1020292 1015787 518
0b001d01 0b000801 10000 100 98614 2003282522 1032403 1020634 517
0b001e01 0b001701 10001 100 235060 2004000275 324059 28031 650
0b001901 0b001d01 10000 100 60477 2003944972 386616 13392 638
0b001701 0b001301 10002 100 5203047 2003184735 1152942 444547 501
0b000d01 0b000f01 10001 100 1038025 2004204010 141215 91191 684
0b000e01 0b000f01 10000 100 67867 2004304268 43267 9850 699
0b000001 0b001a01 10001 100 79485 2003081277 1267839 1019031 478
0b000e01 0b001a01 10000 100 130119 2003329731 1048524 1023277 531
0b000401 0b001701 10000 100 8272937 2001875359 2506282 1705968 290
0b000701 0b000b01 10000 100 24644 2004254046 134353 10387 693
0b001801 0b001c01 10001 100 1202526 2004056244 333908 109141 658
0b001f01 0b001601 10000 100 4836066 2003605840 791609 413779 573
0b000a01 0b000301 10000 100 2326688 2003681215 720352 203390 591
0b000301 0b000101 10001 100 9587309 2001957271 2444353 807962 298
0b001f01 0b001201 10002 100 3019746 2002382691 2020534 261496 360
0b000d01 0b000601 10000 100 1726149 2004079566 337446 153043 662
0b001c01 0b000601 10000 100 76914 2003396167 1027332 1018813 538
0b000f01 0b001b01 10001 100 54511 2003320489 1108471 1016937 528
0b000d01 0b001901 10002 100 268 2003164142 1268063 1012390 498
0b001101 0b000c01 10000 100 9014 2003417637 1015755 1013124 542
0b001c01 0b000501 10000 100 53632 2003423483 1022728 1016862 544
0b000b01 0b000401 10000 100 1396915 2003905356 543087 125437 630
0b001c01 0b001701 10002 100 1011886 2003961751 493900 93156 645
0b000901 0b000c01 10003 100 7488 2004439335 17224 8949 720
0b001901 0b001a01 10000 100 35874 2004440584 19611 7168 721
0b000001 0b001801 10000 100 5591 2003238167 1223565 1012835 509
0b000e01 0b001101 10000 100 100963 2003439061 1040298 1020829 547
0b000a01 0b000401 10000 100 1027889 2003746152 738748 94498 598
0b000701 0b001701 10001 100 4832 2002983114 1504649 1012770 463
0b001101 0b000901 10001 100 29459 2003097485 1394711 1014836 482
0b001201 0b001101 10000 100 2314022 2004145273 353316 198171 678
0b001401 0b000601 10000 100 2797836 2003026820 1481651 1246936 469
0b001101 0b001c01 10000 100 4187 2004469059 46218 8674 727
0b000901 0b000e01 10000 100 1229175 2003880301 635642 111377 621
0b000b01 0b001c01 10000 100 35879 2003398424 1121307 1015373 539
0b000e01 0b001b01 10000 100 52775 2003407748 1123045 1016790 540
0b001301 0b001b01 10001 100 78811 2004143299 387497 14928 677
0b000101 0b000a01 10000 100 6713 2004475819 65104 8883 730
0b001c01 0b000f01 10000 100 20542 2003374232 1170492 1014089 536
0b000201 0b000801 10000 100 62052 2003910515 642004 13526 631
0b000f01 0b001a01 10000 100 48971 2003533945 1021912 1016470 563
0b001b01 0b000201 10001 100 74999 2003529508 1028534 1018652 562
0b001a01 0b000901 10000 100 1505824 2002447677 2116652 1138613 368
0b000001 0b001c01 10000 100 25593 2003301643 1263059 1014512 523
0b001401 0b001b01 10001 100 32715 2004369631 212600 11063 707
0b000b01 0b000801 10000 100 24293 2004575052 9086 6199 742
0b001401 0b000801 10000 100 7554363 2002275998 2309016 1645725 344
0b001d01 0b000301 10002 100 72546 2003581231 1028454 1018449 571
0b001501 0b000301 10000 100 2298 2003608648 1012629 1012560 575
0b000a01 0b001201 10000 100 67800 2003597311 1024204 1018050 572
0b001601 0b000601 10000 100 596668 2003525647 1098824 1062390 561
0b000f01 0b001b01 10000 100 8602 2003261216 1364972 1013087 513
0b001801 0b001b01 10002 100 43227 2004634894 8090 7787 755
0b001301 0b000e01 10000 100 731448 2002917280 1736476 1073691 449
0b001601 0b000a01 10000 100 246450 2003149925 1504622 1033029 495
0b000601 0b000b01 10001 100 106184 2004545401 109798 17225 737
0b000a01 0b000301 10001 100 15486 2004654309 10528 9620 760
0b000101 0b001901 10000 100 4286569 2002854399 1821633 1371752 438
0b001001 0b001a01 10002 100 57359 2004658287 27802 13131 762
0b001d01 0b001701 10001 100 70267 2004474929 212062 14214 728
0b001901 0b000b01 10002 100 995410 2003424734 1268051 1095822 545
0b000b01 0b000801 10001 100 132913 2004662626 41954 15303 765
0b000f01 0b000801 10002 100 62103 2004685059 22075 13530 771
0b000e01 0b000a01 10002 100 35721 2003975764 739560 11315 649
0b001301 0b001001 10000 100 4663429 2002595964 2141080 395144 393
0b001501 0b001101 10000 100 8356 2004735468 9980 9023 778
0b000f01 0b001001 10001 100 8540 2003745144 1014511 1013082 597
0b001e01 0b001701 10002 100 21246 2004650166 110597 10104 757
0b000201 0b000901 10000 100 170609 2004651826 120411 22625 758
0b000f01 0b000801 10001 100 65861 2004161145 624941 13842 682
0b001c01 0b001f01 10001 100 189130 2004682669 109327 20020 770
0b001201 0b000501 10000 100 961499 2003453499 1343492 1092979 548
0b000601 0b000b01 10002 100 8790 2004789012 10086 9057 788
0b001801 0b001701 10003 100 26329 2004514930 295477 10530 731
0b001901 0b001301 10003 100 1184325 2004046411 768441 107616 655
0b000501 0b000801 10000 100 1934518 2003467748 1348245 170511 551
0b000101 0b000901 10000 100 14764 2004773901 46433 9558 786
0b001601 0b001301 10001 100 9829 2004821900 9738 9144 793
0b000201 0b001301 10001 100 963198 2003280005 1557130 1093122 516
0b001d01 0b000a01 10000 100 77920 2003812692 1025803 1018898 605
0b000f01 0b000001 10000 100 6345 2004829421 9370 8854 794
0b000c01 0b001301 10000 100 3185079 2003319002 1519977 1279405 527
0b000301 0b001501 10000 100 68782 2003684744 1155175 1018132 592
0b000801 0b000201 10000 100 6497 2004763672 77460 8866 783
0b000401 0b000101 10000 100 30709 2004833168 16390 10895 796
0b001801 0b001101 10000 100 968402 2004653768 211340 89513 759
0b000b01 0b001001 10001 100 15888 2003867701 1020217 1013697 617
0b001401 0b001a01 10001 100 100426 2004688203 202138 16741 773
0b000b01 0b001701 10003 100 189748 2003503291 1397135 1028274 558
0b001b01 0b001001 10004 100 53069 2004686798 215870 12772 772
0b000d01 0b000101 10000 100 406166 2004847636 61959 42376 800
0b000601 0b001101 10000 100 8824 2003900896 1013547 1013105 628
0b000701 0b000401 10001 100 5473418 2003578500 1338230 463053 569
0b000801 0b000901 10000 100 7865213 2002139945 2788716 663582 321
0b001501 0b000d01 10000 100 138228 2003885975 1050312 1023957 623
0b001401 0b000c01 10000 100 222688 2003846685 1094662 1031036 613
0b000201 0b000e01 10002 100 68464 2004909265 32346 14062 807
0b001901 0b001301 10004 100 22783 2004767027 175932 10230 784
0b001b01 0b000e01 10003 100 36434 2003706966 1242949 1015421 594
0b001c01 0b001301 10001 100 34939 2004935285 14667 11249 814
0b000601 0b000501 10000 100 3705926 2004323711 626542 314865 701
0b000b01 0b000d01 10000 100 883327 2004722783 237967 82380 776
0b001601 0b000901 10000 100 256855 2003872901 1090459 1033900 619
0b001901 0b001701 10001 100 55274 2004924275 43856 12956 810
0b001901 0b000d01 10000 100 24382 2003825426 1148219 1014411 608
0b001601 0b000401 10000 100 10703 2003928757 1063490 1013263 634
0b000d01 0b001d01 10000 100 4810544 2002664004 2329343 1415682 404
0b001001 0b001901 10000 100 34447 2004842420 155474 11210 799
0b001101 0b000101 10000 100 3998810 2003026124 1991265 1347625 468
0b001101 0b001601 10001 100 30576 2005024167 19400 10885 830
0b000b01 0b001701 10002 100 8830720 2002602753 2447409 1752733 396
0b000b01 0b000e01 10002 100 1988653 2003736924 1315095 175050 596
0b001101 0b000301 10000 100 789067 2003628684 1428128 1078523 582
0b001601 0b000501 10001 100 42361 2004050728 1018519 1015919 656
0b001a01 0b000501 10001 100 506 2004060296 1012674 1012409 660
0b001901 0b000b01 10001 100 4161271 2003295350 1778949 1361248 521
0b000401 0b001001 10000 100 18761 2004068736 1022060 1013938 661
0b000301 0b000201 10000 100 61478 2005061245 40823 9316 835
0b001c01 0b000b01 10000 100 5880352 2002736887 2376984 1505376 420
0b001601 0b000701 10001 100 8786 2004124532 1014741 1013102 673
0b001b01 0b001901 10000 100 995812 2004808780 344326 87649 792
0b000e01 0b001c01 10000 100 66040 2004098525 1057979 1017905 667
0b001e01 0b001601 10000 100 6935 2005148070 9531 8901 850
0b001101 0b000201 10000 100 76573 2003900357 1257498 1018786 627
0b001c01 0b000101 10000 100 15731 2004148271 1017584 1013684 679
0b000801 0b001f01 10000 100 42813 2003828829 1349943 1015955 609
0b001701 0b000401 10000 100 55482 2004155974 1024822 1017018 681
0b000b01 0b001901 10000 100 3104091 2003375388 1807417 1272615 537
0b001c01 0b000801 10000 100 27971 2003555995 1629787 1014710 564
0b001a01 0b000701 10000 100 7395766 2001994815 3198962 1632426 302
0b000901 0b001601 10002 100 3525142 2003484965 1710939 1307916 554
0b001101 0b000a01 10002 100 8028 2004085804 1112965 1013041 664
0b001601 0b000c01 10000 100 4694320 2003137521 2066217 1405939 488
0b000401 0b001401 10002 100 1943951 2003314120 1925589 1175346 526
0b000801 0b001201 10001 100 27805 2004235415 1016507 1014696 691
0b001e01 0b001601 10001 100 54828 2005239367 15636 12917 865
0b001e01 0b001f01 10002 100 48122 2005249669 11600 8197 867
0b001301 0b000d01 10000 100 178155 2004123325 1140673 1027304 672
0b001e01 0b001101 10001 100 5743 2005268226 9084 8802 870
0b001701 0b000901 10000 100 6651 2003607586 1672650 1012923 574
0b000101 0b000a01 10001 100 25241 2004786886 496414 10439 787
0b001201 0b001301 10000 100 3592 2005300456 6309 4462 875
0b000201 0b001101 10000 100 22601 2004291380 1018328 1014261 697
0b001301 0b001601 10002 100 9740 2005314160 13118 9137 877
0b001101 0b000a01 10001 100 49985 2003569838 1772113 1016555 567
0b000c01 0b001301 10001 100 6991 2004331837 1014869 1012951 702
0b000201 0b001901 10001 100 71837 2004051840 1316701 1018388 657
0b001801 0b000f01 10000 100 9824 2004362126 1013695 1013189 705
0b001b01 0b001701 10000 100 66790 2005162563 220044 13920 853
0b001401 0b000001 10000 100 26899 2004363071 1022472 1014620 706
0b000301 0b000101 10002 100 611463 2005253145 134005 55427 868
0b000a01 0b001701 10001 100 8760 2004218456 1191825 1013100 689
0b001b01 0b000601 10000 100 2992027 2003641035 1779646 1263220 586
0b000e01 0b001401 10001 100 2677531 2003659939 1762481 1236851 587
0b001b01 0b000201 10002 100 4913 2004337302 1089027 1012777 703
0b000f01 0b001301 10000 100 74976 2004407046 1021807 1018651 714
0b001101 0b001601 10002 100 30251 2005418709 15989 10859 900
0b000701 0b000a01 10001 100 76621 2005121964 313832 14745 844
0b001b01 0b001a01 10000 100 567 2005432891 4237 4209 906
0b001a01 0b001701 10000 100 927666 2005068871 385660 86096 837
0b000a01 0b000101 10001 100 2199683 2003714790 1742498 192742 595
0b000801 0b000501 10001 100 699038 2005342261 120503 66931 885
0b001a01 0b000101 10000 100 70014 2004438425 1030146 1018238 719
0b001d01 0b000701 10000 100 50795 2004412362 1060015 1016624 715
0b000c01 0b000e01 10001 100 129690 2005425298 55661 15034 902
0b001f01 0b000e01 10000 100 4689 2004475654 1013299 1012759 729
0b001201 0b001b01 10001 100 407734 2005164036 332962 42505 855
0b000301 0b000901 10000 100 9110554 2000540650 4957039 772150 79
0b001b01 0b000601 10001 100 73756 2004467072 1031614 1018549 726
0b000701 0b000c01 10002 100 13567 2005486734 14899 9459 909
0b001d01 0b001a01 10000 100 186784 2005341848 165253 23980 884
0b001301 0b000501 10000 100 5993692 2001688184 3826542 1514877 249
0b001801 0b000b01 10001 100 20002 2004533036 1015191 1014045 736
0b001f01 0b000601 10001 100 3993 2004515656 1036398 1012699 732
0b000101 0b000201 10000 100 1752597 2005181970 373267 151099 858
0b001c01 0b000001 10001 100 1116587 2004207070 1348745 1105981 686
0b001601 0b000401 10001 100 1802892 2004204201 1356894 1163519 685
0b001e01 0b000801 10001 100 36976 2003963848 1621030 1015465 646
0b001c01 0b001001 10001 100 1710789 2005341014 258576 151753 883
0b000701 0b001e01 10003 100 27442 2004566620 1033550 1014667 741
0b001501 0b001a01 10002 100 61970 2005502885 105421 13515 912
0b000d01 0b000f01 10002 100 140754 2005542519 73675 15961 919
0b001301 0b000601 10000 100 77699 2004577781 1051820 1018880 743
0b001701 0b000a01 10000 100 27251 2004425631 1207368 1014652 717
0b000601 0b001901 10000 100 39656 2004450042 1188287 1015691 723
0b000b01 0b001801 10001 100 669013 2004551473 1107527 1068458 740
0b001401 0b000101 10000 100 48034 2004433414 1239555 1016395 718
0b000d01 0b001001 10000 100 25731 2004665392 1017297 1014523 767
0b000a01 0b001701 10000 100 2515426 2003823850 1871235 1223260 607
0b001901 0b000201 10001 100 78657 2004646906 1053385 1018960 756
0b000c01 0b000f01 10000 100 8110416 2003882388 1821989 684139 622
0b000301 0b000e01 10000 100 3673776 2002451665 3256574 316330 369
0b000901 0b000b01 10001 100 2730899 2005281432 428429 233118 871
0b000e01 0b000601 10000 100 688467 2005361504 376903 66043 889
0b000101 0b001801 10002 100 7615729 2003622616 2115888 1650868 580
0b001301 0b001601 10001 100 808608 2005223829 521476 76115 863
0b000901 0b000b01 10002 100 41962 2005749285 8535 7678 952
0b000901 0b001501 10002 100 8943 2004744964 1014653 1013115 780
0b001901 0b000f01 10001 100 8073 2004213995 1555152 1013045 687
0b001001 0b001a01 10001 100 7774000 2003192351 2578943 660092 503
0b000301 0b001701 10000 100 157725 2004632351 1143180 1025589 753
0b000801 0b001001 10001 100 29036 2004767546 1018181 1014803 785
0b000401 0b000a01 10000 100 731580 2005289089 498343 69657 873
0b001401 0b001601 10000 100 17653 2005778140 19958 5641 955
0b000c01 0b001001 10001 100 5550009 2003522879 2275754 1477681 560
0b001c01 0b000001 10000 100 3697732 2004110387 1695699 1322383 668
0b000a01 0b000801 10000 100 23146 2005808921 8926 6103 962
0b000e01 0b001201 10000 100 25637 2004795162 1023311 1014515 791
0b001801 0b000b01 10000 100 334 2004174871 1648259 1012395 683
0b001101 0b001501 10000 100 125785 2005687523 142880 18866 942
0b000d01 0b000301 10000 100 174375 2005782421 71007 22942 957
0b000d01 0b001101 10000 100 1952 2004789586 1071986 1012528 789
0b001f01 0b000201 10001 100 491059 2004752203 1113483 1053539 782
0b000f01 0b000101 10000 100 45826 2005852122 13574 12162 967
0b000701 0b000801 10001 100 1653918 2005215783 656152 146984 862
0b000e01 0b000801 10000 100 7450305 2002060594 3821408 632956 309
0b000d01 0b001001 10001 100 133972 2004841054 1044559 1023597 798
0b000401 0b000501 10001 100 9287 2005879027 7225 4941 974
0b000b01 0b000601 10001 100 18609 2005861635 25300 9881 971
0b000c01 0b000401 10000 100 7681 2005880730 10019 8965 975
0b000301 0b000e01 10001 100 39531 2005855812 42587 11636 968
0b000f01 0b000601 10000 100 529449 2005790578 114576 52711 959
0b001e01 0b001601 10002 100 1033594 2005742192 165699 94978 951
0b000701 0b000901 10002 100 2654 2004655510 1252384 8543 761
0b000301 0b000f01 10001 100 3068784 2005378652 529610 265607 893
0b000a01 0b000901 10000 100 4735967 2003911022 2005393 401223 632
0b000301 0b000101 10003 100 1033 2005912975 4259 4250 986
0b000301 0b000501 10001 100 17125 2005901224 17404 9759 982
0b000101 0b000f01 10000 100 7458 2005915611 9747 8947 988
0b000101 0b001a01 10000 100 115108 2004907309 1028219 1022019 806
0b001f01 0b000701 10000 100 1698678 2004710310 1229824 1154783 774
0b000a01 0b000201 10000 100 21687 2005939246 12034 10139 991
0b001b01 0b000c01 10000 100 8513 2004941495 1014600 1013080 816
0b000a01 0b000101 10002 100 4916 2005905923 55491 8732 984
0b000101 0b000b01 10001 100 392135 2005908246 65776 41199 985
0b001101 0b000b01 10002 100 54829 2004832325 1145106 1016962 795
0b000201 0b000801 10001 100 5549 2005960326 18052 8786 994
0b000b01 0b001401 10001 100 1458711 2004632561 1356925 1134664 754
0b000401 0b001801 10001 100 838876 2004045017 1955270 1082696 653
0b000701 0b001e01 10002 100 60076 2004371495 1635860 1017405 708
0b000a01 0b000401 10001 100 28534 2005997235 13548 10714 1005
0b001201 0b000501 10003 100 24088 2004992786 1041842 1014388 826
0b000901 0b001501 10001 100 1862705 2004729408 1323058 1168535 777
0b000c01 0b001901 10001 100 3041095 2003855654 2203103 1267333 614
0b000701 0b001501 10001 100 4639 2005028113 1065871 1012755 831
0b000e01 0b001801 10001 100 11780 2005070047 1025514 1013353 838
0b001d01 0b001f01 10000 100 8901414 2002907711 3201977 750456 447
0b001c01 0b000001 10002 100 24795 2005117117 1015496 1014444 842
0b000901 0b000d01 10000 100 2300188 2003616775 2520921 201170 577
0b001101 0b000401 10000 100 9239342 2003180979 2962453 1786993 500
0b001001 0b000e01 10001 100 1816315 2004618527 1528487 1164647 750
0b000701 0b001e01 10004 100 9650 2005141350 1016770 1013175 847
0b001f01 0b000501 10003 100 54239 2005141585 1020090 1016915 848
0b000a01 0b000e01 10002 100 116866 2006133236 29251 18118 1030
0b000101 0b001301 10000 100 4503384 2004390160 1784184 1389931 712
0b000801 0b000d01 10000 100 135184 2006040959 137078 19656 1013
0b000c01 0b000801 10000 100 20618 2006176232 16526 10050 1036
0b000701 0b000f01 10002 100 2925 2006195541 10112 8565 1043
0b000c01 0b001401 10001 100 2789164 2004390744 1822795 1246211 713
0b001201 0b000001 10001 100 1958064 2004746611 1514966 1176532 781
0b001101 0b000201 10001 100 6641 2004792488 1470661 1012923 790
0b000601 0b001701 10000 100 3051818 2004129551 2153580 1268230 675
0b001501 0b000501 10000 100 502518 2005206911 1083610 1054497 861
0b000401 0b001501 10000 100 4709617 2004082642 2231316 1407220 663
0b001101 0b000601 10001 100 26997 2004835164 1480441 1014628 797
0b000c01 0b000801 10001 100 24489 2006295694 20795 10375 1052
0b000401 0b000a01 10001 100 74173 2005885499 431103 14541 978
0b001301 0b001101 10000 100 22845 2006311590 17857 6075 1056
0b000701 0b000801 10002 100 43107 2006215466 117675 11937 1047
0b001101 0b000d01 10000 100 1247553 2005004490 1338729 1116961 829
0b000301 0b001e01 10001 100 26901 2005330880 1022233 1014620 882
0b001d01 0b001c01 10002 100 512327 2006185185 169430 47116 1039
0b000401 0b001701 10001 100 4112440 2003429092 2951807 1357154 546
0b000101 0b000601 10000 100 4645803 2005001173 1389723 397824 827
0b001c01 0b000c01 10000 100 41340 2004660472 1751691 1015833 764
0b000301 0b000801 10000 100 1190 2006413226 8779 8422 1073
0b000901 0b000401 10000 100 1041240 2006127005 309875 95620 1027
0b001901 0b000301 10000 100 452922 2005171765 1269014 1050338 856
0b000601 0b001301 10000 100 6542 2005429380 1013261 1012915 904
0b000701 0b001c01 10000 100 7896 2005436125 1016015 1013027 907
0b000201 0b001901 10002 100 63770 2005041394 1413635 1017712 833
0b001401 0b000a01 10002 100 4398761 2003840660 2617657 1381158 610
0b000e01 0b000201 10001 100 35688 2006443830 14688 11313 1081
0b001201 0b000701 10000 100 3084 2004974884 1494518 1012627 821
0b000f01 0b000801 10003 100 2325167 2005976689 495396 203265 999
0b000f01 0b001501 10000 100 469516 2005294793 1184944 1051731 874
0b000301 0b001701 10001 100 162421 2005322785 1159076 1025984 878
0b000401 0b000901 10000 100 846023 2006326190 156286 79254 1059
0b001701 0b000a01 10001 100 39789 2005057230 1429800 1015701 834
0b001201 0b000d01 10000 100 159752 2004372141 2147772 1025759 709
0b000901 0b000201 10000 100 5575 2006537451 8986 8789 1104
0b000601 0b000b01 10003 100 732364 2005505703 1056696 69723 913
0b001d01 0b000a01 10001 100 8478 2004457576 2105295 1013077 725
0b001401 0b000001 10001 100 73918 2005543926 1023476 1018562 921
0b000401 0b000c01 10001 100 1621367 2005800337 779197 144257 960
0b000801 0b001101 10000 100 1320271 2005450960 1149832 1123059 908
0b000901 0b000501 10001 100 29871 2006397046 225625 10824 1069
0b000101 0b000701 10000 100 34299 2006626382 11512 11198 1123
0b000601 0b000001 10000 100 3515 2006636444 8908 8616 1124
0b001e01 0b000501 10001 100 25006 2005585938 1066716 1014465 926
0b001801 0b001901 10001 100 163305 2006622169 33833 17854 1122
0b001d01 0b001f01 10001 100 45203 2006655421 19348 7952 1126
0b000b01 0b001001 10002 100 42468 2005657642 1019537 1015927 933
0b000401 0b000e01 10002 100 69550 2006336783 345094 14152 1061
0b000b01 0b000801 10002 100 627936 2006450089 238674 56806 1083
0b001201 0b000501 10004 100 47973 2005574571 1118174 1016387 924
0b001e01 0b001401 10000 100 68571 2006574456 154888 14070 1113
0b000e01 0b001201 10001 100 9037 2005684795 1045776 1013126 941
0b000c01 0b001d01 10000 100 64005 2005700095 1033787 1017735 944
0b000201 0b001601 10002 100 189292 2005639013 1106479 1028237 929
0b000401 0b001e01 10003 100 83061 2005737095 1021564 1019332 949
0b001d01 0b000101 10001 100 26109 2005740486 1018959 1014557 950
0b001f01 0b001d01 10000 100 3894652 2005933750 831314 330688 989
0b001801 0b001201 10002 100 142450 2006662560 104103 20265 1130
0b001e01 0b001801 10000 100 64150 2006600906 170163 13701 1118
0b001501 0b000a01 10000 100 3367 2005382074 1399023 1012649 894
0b001401 0b000a01 10003 100 704065 2004383376 2411440 1071397 710
0b001101 0b000901 10002 100 997137 2004978692 1820052 1095968 823
0b001b01 0b000901 10000 100 4227731 2003764286 3034711 1366819 601
0b000401 0b001f01 10000 100 6370801 2003119550 3683641 1546493 484
0b000601 0b000c01 10001 100 166407 2006499848 310401 22273 1095
0b000b01 0b000801 10003 100 552985 2006569600 240922 50522 1110
0b000901 0b000b01 10003 100 8125 2006818393 5014 4844 1163
0b000701 0b000301 10002 100 449097 2006452578 376582 45975 1084
0b001601 0b000a01 10001 100 178516 2004605878 2236577 1027333 746
0b000301 0b001f01 10001 100 8292263 2004547532 2297615 1707591 738
0b000701 0b000e01 10001 100 5531 2006841931 10331 8785 1167
0b000601 0b001d01 10000 100 28134 2005652992 1203343 1014727 932
0b000801 0b000501 10000 100 2681571 2005175384 1698252 233144 857
0b000301 0b000101 10004 100 43651 2006872518 8300 7821 1169
0b001701 0b000e01 10001 100 5309130 2004221231 2662976 1457485 690
0b000701 0b000801 10003 100 134027 2006718696 178556 19560 1140
0b000a01 0b000b01 10001 100 323707 2006812985 91958 31300 1160
0b000201 0b001401 10000 100 20240 2005867193 1045760 1014064 972
0b000401 0b000901 10001 100 8369 2006905093 10218 9024 1174
0b000601 0b000801 10001 100 48970 2006960578 15845 12425 1185
0b000401 0b001501 10001 100 65092 2005935945 1045115 1017825 990
0b001801 0b001e01 10001 100 1987614 2005121506 1861737 174963 843
0b001801 0b000b01 10002 100 65090 2005962230 1028030 1017825 995
0b001701 0b000601 10001 100 24939 2005970374 1021062 1014456 996
0b001d01 0b000101 10002 100 1153 2005979024 1012489 1012464 1001
0b000301 0b000001 10000 100 30581 2007007665 12699 6725 1191
0b000401 0b000a01 10002 100 24862 2006310173 721891 10404 1054
0b001101 0b000f01 10002 100 63901 2004924976 2107200 1017722 811
0b000601 0b000f01 10000 100 5161 2007035259 9380 8755 1195
0b000901 0b000501 10002 100 845829 2006945556 121464 79234 1181
0b000e01 0b000601 10001 100 1149353 2006793052 275066 104684 1153
0b000701 0b000d01 10001 100 36117 2007079261 20735 11351 1205
0b001d01 0b000a01 10002 100 959124 2004630591 2471396 1092781 751
0b001e01 0b001301 10002 100 5507331 2004659268 2459770 470057 763
0b001801 0b001a01 10000 100 8328635 2005958301 1199168 702434 993
0b000601 0b000901 10002 100 20618 2007171790 11946 10050 1225
0b000a01 0b000901 10001 100 587 2007183615 4159 4210 1229
0b001701 0b000601 10000 100 3275050 2005543041 1661293 1286948 920
0b001d01 0b001601 10000 100 2231031 2006459351 774793 195373 1086
0b001801 0b001001 10000 100 25275 2007226122 10784 10441 1234
0b001301 0b000301 10001 100 3620924 2003761130 3481236 1315943 600
0b000b01 0b000301 10003 100 1642590 2006977290 292639 146036 1188
0b000f01 0b000201 10001 100 15906 2007157529 113705 9653 1224
0b000301 0b000f01 10002 100 20605 2007271325 15339 10049 1241
0b001c01 0b001301 10003 100 71482 2007268330 28757 14315 1240
0b001701 0b000301 10000 100 829145 2006181638 1115842 1081883 1038
0b000601 0b001201 10000 100 3756829 2005650037 1672014 1327338 931
0b000a01 0b000501 10001 100 46544 2007313314 22938 12224 1254
0b000601 0b000e01 10001 100 105747 2007312692 29304 17186 1252
0b000e01 0b001e01 10000 100 4096002 2004520595 2822691 1355777 733
0b001d01 0b000b01 10001 100 46331 2006213425 1130250 1016251 1046
0b000a01 0b001001 10001 100 20648 2006187705 1156481 1014097 1040
0b001f01 0b000b01 10000 100 52352 2006329224 1040495 1016756 1060
0b001801 0b001901 10002 100 37420 2007363600 7697 7299 1266
0b001e01 0b000201 10000 100 61159 2006396447 1020467 1017495 1068
0b001d01 0b001201 10000 100 5817 2007411568 8960 8808 1274
0b001d01 0b000801 10002 100 814195 2006137090 1286616 1080630 1031
0b001701 0b000d01 10001 100 1369036 2005850895 1588531 1127148 966
0b001001 0b000a01 10000 100 24029960 2000050026 7402949 3027037 6
0b001c01 0b001301 10002 100 11680 2007179382 275582 9300 1228
0b001e01 0b000a01 10000 100 82649 2006030806 1467145 1019295 1011
0b001e01 0b000201 10001 100 27006 2006448608 1049509 1014633 1082
0b000701 0b001901 10000 100 854716 2006019741 1511223 1084025 1008
0b001d01 0b000401 10000 100 53373 2006472007 1078680 1016842 1088
0b000b01 0b001201 10000 100 3106184 2005683013 1879530 1272790 940
0b000301 0b000701 10001 100 128769 2007491159 84375 19116 1290
0b000101 0b000501 10000 100 27058 2007589840 11570 10592 1307
0b000701 0b000f01 10000 100 7612302 2003032157 4579238 646538 472
0b001e01 0b001701 10004 100 24696 2007597635 13934 10391 1308
0b000a01 0b001a01 10001 100 701794 2006353187 1261515 1071204 1065
0b000a01 0b000601 10000 100 13587593 2004664204 2963422 1147505 766
0b000401 0b001001 10002 100 141534 2006598748 1035764 1024233 1116
0b001e01 0b001601 10003 100 12202 2007310546 326811 9346 1251
0b000701 0b000501 10003 100 7756425 2004968809 2676101 654460 819
0b000701 0b000401 10002 100 18769 2007642334 10596 5734 1316
0b001c01 0b001501 10001 100 3895033 2005682069 1976777 334883 939
0b000f01 0b001301 10001 100 1969364 2006340478 1325237 1177478 1063
0b001e01 0b001401 10001 100 67138 2007294557 375885 13952 1248
0b001d01 0b000a01 10003 100 741014 2006264816 1412199 1074495 1051
0b000101 0b000201 10001 100 50440 2007689152 9525 8391 1325
0b001e01 0b001201 10001 100 40155 2007680961 23361 11689 1324
0b001e01 0b001701 10003 100 3604979 2006078131 1632239 310561 1021
0b001801 0b000401 10000 100 1239 2006710959 1012441 1012471 1139
0b001c01 0b001701 10001 100 4591464 2003170304 4556101 393270 499
0b001f01 0b000a01 10002 100 86996 2006655813 1075612 1019658 1127
0b001c01 0b001601 10000 100 9783315 2004125413 3610989 828555 674
0b000701 0b000c01 10003 100 932351 2007405241 335502 86490 1271
0b000b01 0b000701 10000 100 57248 2007734788 19641 13122 1329
0b000a01 0b001201 10001 100 33308 2006739409 1018145 1015160 1144
0b000801 0b000101 10000 100 15626 2007770730 15296 9631 1340
0b001e01 0b001301 10003 100 21652 2007497814 309486 10136 1293
0b001801 0b001301 10003 100 2838096 2007523899 293870 246269 1297
0b000c01 0b001301 10002 100 67378 2006698577 1129093 1018016 1135
0b000701 0b001501 10002 100 4220007 2005034705 2795014 1366174 832
0b001f01 0b000f01 10003 100 28657 2006767233 1078179 1014768 1149
0b000d01 0b000201 10001 100 4034246 2006325631 1529567 346554 1058
0b000701 0b001601 10001 100 1401773 2006021469 1837984 1129890 1010
0b000401 0b000801 10001 100 22977 2007897906 13389 10246 1355
0b001c01 0b001a01 10001 100 6612327 2005999829 1931941 562700 1006
0b001c01 0b000d01 10000 100 3711317 2005664203 2276905 1323524 935
0b000a01 0b000901 10002 100 53406 2007938245 8723 8639 1361
0b000a01 0b001001 10002 100 2523 2006934687 1012930 1012578 1179
0b000e01 0b000a01 10000 100 21563705 2000811478 7152131 1816222 112
0b000601 0b000e01 10000 100 4696717 2004249262 3724037 402093 692
0b001c01 0b001901 10003 100 77448 2007960424 15017 14815 1366
0b000f01 0b000201 10000 100 3839665 2006548170 1436969 330238 1107
0b000d01 0b000601 10001 100 83458 2007472045 530872 15319 1286
0b000901 0b000601 10000 100 293167 2007867186 142562 32902 1352
0b001d01 0b000501 10003 100 46477 2007000162 1021941 1016263 1190
0b000301 0b000101 10005 100 822395 2007560079 493098 73111 1305
0b000401 0b000d01 10000 100 3358672 2006732291 1327505 289912 1143
0b000701 0b000a01 10000 100 2441060 2004385077 3677241 212982 711
0b000d01 0b001401 10000 100 4661849 2005491876 2572926 1403215 910
0b001801 0b001601 10002 100 2392213 2006900353 1164971 208886 1173
0b000f01 0b000301 10001 100 3225 2007745079 326252 8593 1332
0b000a01 0b001301 10000 100 78787 2007054366 1037659 1018971 1200
0b000901 0b000c01 10004 100 19855 2008080806 11821 9985 1387
0b001c01 0b000b01 10001 100 116549 2006897744 1220788 1022138 1172
0b000801 0b001001 10003 100 23365 2006983696 1147200 1014326 1189
0b000c01 0b000001 10001 100 7168263 2002886241 5252279 609310 444
0b000f01 0b000801 10004 100 40744 2008096746 75594 11736 1391
0b000701 0b000e01 10002 100 44734 2008266433 13302 12071 1418
0b000c01 0b000001 10002 100 6826747 2004866068 3414518 580675 802
0b000c01 0b000401 10001 100 1642038 2007328746 956935 145992 1258
0b001e01 0b000b01 10002 100 40113 2007282650 1019447 1015731 1245
0b000701 0b001101 10000 100 29886 2007282743 1027297 1014871 1246
0b001d01 0b001701 10002 100 26374 2008298305 17103 10533 1424
0b001d01 0b001f01 10002 100 29068 2008310846 13735 6600 1428
0b000c01 0b000d01 10000 100 1094455 2007689811 639589 95921 1326
0b001e01 0b001101 10002 100 40170 2008315565 15171 11691 1430
0b000f01 0b000201 10002 100 5316 2008333889 9123 8768 1436
0b000701 0b000801 10004 100 27295 2008336008 12369 10611 1437
0b000b01 0b000401 10001 100 584755 2008172325 184593 57346 1406
0b000601 0b001a01 10003 100 1096630 2007149371 1211683 1104307 1221
0b000301 0b001c01 10003 100 90688 2007345436 1050162 1019969 1262
0b000901 0b001c01 10000 100 2379 2007367835 1075494 1012566 1267
0b000401 0b001901 10001 100 195829 2007421499 1031509 1028783 1278
0b001d01 0b000601 10000 100 28735 2007399227 1055227 1014775 1270
0b000701 0b000601 10000 100 3038607 2007846556 625387 258918 1351
0b001d01 0b001301 10000 100 61708 2008440129 40757 13494 1452
0b001e01 0b001301 10004 100 1844642 2008230698 267734 162976 1415
0b001e01 0b001001 10000 100 337647 2008413820 92376 36629 1449
0b000d01 0b000001 10001 100 323192 2008408630 104172 35419 1446
0b000301 0b000a01 10000 100 131289 2008464977 67872 19330 1454
0b001801 0b001101 10001 100 2997 2008540639 8684 8571 1469
0b001e01 0b001d01 10000 100 1012662 2008410324 148673 89062 1448
0b000d01 0b000b01 10001 100 49681 2008541917 22109 12486 1470
0b000d01 0b000001 10000 100 702387 2008398507 180617 67210 1444
0b000a01 0b001401 10000 100 4392819 2006777211 1855189 1380659 1151
0b000d01 0b001401 10001 100 5912 2007497435 1157986 1012861 1291
0b001801 0b001701 10004 100 3146 2008665934 8702 8587 1486
0b000a01 0b000e01 10003 100 33736 2008717684 11834 11149 1492
0b000b01 0b000701 10001 100 148255 2008666062 72530 20752 1487
0b000901 0b000101 10000 100 70148 2008745509 20118 14204 1495
0b000f01 0b000201 10003 100 20982 2008755031 11135 10079 1497
0b000101 0b000b01 10003 100 43658 2008765256 23143 11981 1499
0b000c01 0b000201 10001 100 12071 2008785886 14233 9335 1505
0b001c01 0b001e01 10000 100 67622 2008822335 21025 9830 1513
0b000701 0b000401 10003 100 1420147 2008736659 130017 123228 1494
0b000701 0b001301 10001 100 1799392 2007420139 1449931 1163228 1277
0b000d01 0b000f01 10003 100 3879110 2007543424 1341865 329388 1302
0b000801 0b001501 10001 100 506405 2007669824 1217877 1054824 1321
0b000901 0b001801 10003 100 1875293 2007644685 1281754 1169592 1317
0b001d01 0b001c01 10004 100 75 2008922220 4301 4169 1527
0b001c01 0b001901 10002 100 4748574 2003936686 5044478 406442 635
0b001801 0b000201 10001 100 46279 2007998005 1021670 1016247 1372
0b000b01 0b000601 10002 100 3862901 2007106178 1954685 332186 1212
0b000b01 0b000301 10002 100 4904640 2005846118 3225022 419526 965
0b000f01 0b001b01 10002 100 3691752 2007468262 1669081 1321882 1284
0b000801 0b000101 10001 100 53594 2009099674 39703 12814 1551
0b000b01 0b000701 10002 100 76575 2009160350 27699 14741 1560
0b000d01 0b001201 10000 100 9530640 2005163764 4043788 1811415 854
0b001d01 0b000a01 10004 100 33102 2008187838 1023217 1015143 1408
0b000601 0b000101 10002 100 46360 2009203370 27307 12209 1571
0b000a01 0b000801 10001 100 5385 2009228107 4712 4613 1579
0b000b01 0b000201 10002 100 65771 2009224199 24972 13835 1576
0b000801 0b000601 10000 100 50006 2009225491 42151 12516 1577
0b000901 0b001b01 10002 100 1377 2008289792 1012472 1012482 1423
0b000c01 0b000501 10001 100 41497 2009328585 24047 11801 1590
0b000701 0b000601 10001 100 54100 2009356233 9359 8699 1596
0b001c01 0b001101 10002 100 26755 2009356046 12829 10564 1595
0b000e01 0b001701 10000 100 78103 2008367262 1020269 1018916 1441
0b001c01 0b000801 10001 100 44180 2008466840 1016739 1016072 1455
0b000601 0b000501 10001 100 3875366 2008430367 1055372 329073 1451
0b000a01 0b000501 10002 100 37176 2009528051 14466 11440 1623
0b000b01 0b000e01 10003 100 2552702 2009104493 452459 222339 1552
0b000601 0b000b01 10004 100 7703600 2007310207 2273418 654191 1250
0b000a01 0b000401 10002 100 905604 2009470784 123841 84247 1613
0b001c01 0b000f01 10001 100 57244 2008576946 1018284 1017167 1476
0b000801 0b000501 10002 100 3444 2009590785 10494 8610 1633
0b000a01 0b000401 10003 100 22259 2009596097 11111 10189 1635
0b000601 0b000101 10003 100 46981 2009596514 24240 12258 1636
0b001c01 0b001f01 10002 100 157381 2009616337 61072 17357 1640
0b001801 0b001f01 10001 100 4212 2009687664 8971 8676 1653
0b000801 0b000e01 10001 100 29029 2009703605 28897 10757 1657
0b000c01 0b000001 10003 100 2242 2009728366 9419 8510 1663
0b000701 0b000401 10004 100 327626 2009707807 40878 31629 1658
0b000401 0b000801 10002 100 1600159 2009572717 178435 142480 1632
0b001801 0b001201 10000 100 19452104 2002388831 7381279 1639187 362
0b001e01 0b001501 10000 100 2151319 2009595395 222975 188689 1634
0b000d01 0b000c01 10001 100 7547615 2007458086 2378961 636953 1282
0b001801 0b001901 10003 100 766904 2009793440 96357 68457 1673
0b000801 0b000f01 10000 100 2467 2009922478 9452 8528 1693
0b000801 0b000701 10001 100 5361 2009965996 12194 8771 1706
0b000601 0b000301 10001 100 1014166 2009633137 361997 93350 1645
0b001c01 0b000201 10001 100 1664687 2008727738 1287196 1151933 1493
0b000801 0b000f01 10001 100 76668 2009966502 53966 14749 1707
0b000a01 0b000101 10003 100 50643 2010021898 18648 12567 1718
0b000901 0b000501 10003 100 2064755 2009691402 361745 181430 1654
0b000a01 0b000501 10003 100 5820 2010055192 9442 8808 1725
0b000f01 0b000701 10001 100 2961145 2009313603 757538 256585 1587
0b000d01 0b000701 10001 100 641218 2009979787 106261 62082 1708
0b001801 0b000401 10001 100 74280 2009055843 1030829 1018595 1543
0b000901 0b000c01 10005 100 6128949 2008453434 1653583 522171 1453
0b000c01 0b000f01 10001 100 3982557 2008302243 1843969 338059 1426
0b000a01 0b000601 10001 100 1648908 2009807888 364021 146564 1675
0b000d01 0b000c01 10002 100 1337457 2009925758 250595 116294 1695
0b000601 0b000101 10004 100 26865 2010164257 24170 10572 1738
0b000e01 0b000d01 10001 100 4208287 2009343905 847241 356985 1593
0b000e01 0b000d01 10002 100 27540 2010210599 10882 6470 1745
0b001801 0b001001 10001 100 37375 2010225227 11369 11455 1747
0b000c01 0b000e01 10002 100 54170 2010251252 36080 8704 1750
0b000d01 0b001001 10003 100 35327 2009300280 1016394 1015329 1585
0b000301 0b001201 10000 100 4576341 2007466136 2887480 1396047 1283
0b000a01 0b001001 10003 100 7933 2009366979 1013321 1013030 1597
0b000f01 0b000301 10002 100 26866 2010371162 35068 10572 1765
0b001d01 0b000801 10003 100 4204377 2007996429 2422505 1364862 1371
0b000401 0b000f01 10000 100 11030 2010428785 11030 9248 1776
0b000401 0b000701 10001 100 37380 2010489129 10461 7296 1784
0b000601 0b000301 10000 100 9117024 2008145644 2391650 772695 1402
0b000401 0b000501 10002 100 73828 2010540384 16616 10350 1789
0b001801 0b000901 10000 100 16214 2009552375 1015058 1013727 1626
0b000a01 0b000e01 10004 100 24849 2010589916 11108 10403 1796
0b000301 0b001301 10000 100 9229 2009622076 1015684 1013141 1642
0b000b01 0b000601 10003 100 54579 2010626282 15509 12897 1801
0b000701 0b001801 10000 100 57873 2009628500 1019139 1017217 1644
0b000701 0b000a01 10002 100 1331003 2010311133 339723 119915 1756
0b000601 0b000901 10003 100 3710898 2009460541 1214432 319442 1610
0b000301 0b000c01 10000 100 8243073 2007098071 3616382 699422 1208
0b001e01 0b000d01 10001 100 493 2009711310 1024302 1012408 1659
0b000e01 0b000201 10002 100 12719 2010746430 10368 9387 1814
0b000901 0b000701 10003 100 28205 2010759275 15725 10687 1818
0b000901 0b000701 10002 100 153288 2010757202 29483 21174 1817
0b000801 0b000601 10001 100 25811 2010792461 21118 10484 1825
0b000301 0b000c01 10001 100 5109 2010803929 10498 8751 1827
0b000801 0b000b01 10000 100 3919161 2008907149 1937804 332745 1525
0b000901 0b000101 10001 100 67332 2010863533 20911 13967 1840
0b000801 0b000c01 10001 100 33183 2010912833 24748 11105 1845
0b000701 0b000601 10002 100 5985869 2009835740 1105850 506015 1683
0b000e01 0b000901 10001 100 3766 2010936678 8749 8636 1846
0b000d01 0b000c01 10003 100 44196 2010937914 19913 7868 1847
0b000e01 0b001501 10000 100 50179 2010016445 1033031 1016575 1716
0b000901 0b000501 10004 100 3936 2011164143 8769 8650 1888
0b000c01 0b000d01 10001 100 4506078 2009965325 1223300 381953 1705
0b000801 0b000d01 10001 100 852949 2010843341 364977 79831 1835
0b000801 0b001401 10000 100 842 2010218114 1012579 1012436 1746
0b000a01 0b000301 10002 100 9865 2011270641 10384 9147 1901
0b000701 0b000001 10001 100 63358 2011302817 30309 13634 1906
0b000701 0b000301 10003 100 185947 2011275470 60040 23910 1903
0b000901 0b000c01 10006 100 7296 2011326570 9299 8934 1907
0b000e01 0b001001 10002 100 888653 2009863562 1498131 1086871 1685
0b001801 0b001101 10002 100 1859395 2011277080 164407 164214 1904
0b000801 0b000301 10000 100 10159181 2006177773 5266570 860068 1037
0b000a01 0b000501 10004 100 8315 2011447546 9771 9019 1922
0b000801 0b000001 10000 100 21008488 2003856337 7660905 1769673 615
0b000701 0b000001 10000 100 1518332 2010888635 632735 135619 1841
0b000701 0b000101 10000 100 3027 2011549689 8979 8577 1936
0b000801 0b000b01 10001 100 31095 2011552169 9219 6770 1937
0b001e01 0b001a01 10002 100 796426 2011485183 140752 75094 1925
0b000301 0b001a01 10000 100 32596 2010609883 1026020 1015099 1800
0b000701 0b000601 10003 100 3290 2011659481 5169 4438 1962
0b000601 0b000901 10004 100 6361 2011493445 228468 8855 1926
0b000301 0b000401 10000 100 9709844 2007457356 4286813 822393 1281
0b000b01 0b000401 10002 100 897055 2011134087 611160 83532 1879
0b000b01 0b000601 10004 100 1634284 2010967765 786954 145341 1852
0b000c01 0b000101 10002 100 17904576 2006073694 5681515 1509441 1020
0b000301 0b000901 10001 100 165183 2011743494 36052 22172 1973
0b000a01 0b000401 10004 100 9176570 2009987379 1992102 777685 1709
0b000401 0b000501 10003 100 8102 2012018481 4797 4842 2019
0b000d01 0b000501 10004 100 38966 2011775818 260347 11587 1978
0b000b01 0b000401 10004 100 37943 2012042269 25656 11501 2022
0b000401 0b000b01 10000 100 31318 2011858067 223439 10948 1997
0b000601 0b000001 10001 100 9358 2012143995 14678 9107 2039
0b000f01 0b000301 10003 100 1091917 2011512333 688564 99866 1933
0b000e01 0b000101 10003 100 77740 2012160281 46914 14838 2043
0b000901 0b000801 10001 100 55885 2012224589 8817 8845 2059
0b001801 0b000a01 10000 100 55981 2011236784 1017206 1017058 1899
0b000d01 0b000301 10001 100 50602 2012252033 16479 12564 2066
0b000b01 0b000301 10005 100 45515 2012145065 150544 12137 2040
0b000701 0b000d01 10002 100 1406733 2011607931 696868 126261 1945
0b000b01 0b000f01 10000 100 67793 2012298024 43361 14004 2071
0b001e01 0b001c01 10001 100 30034 2012351502 14185 6681 2083
0b000701 0b000c01 10004 100 147921 2012208278 296439 20722 2053
0b000601 0b000e01 10002 100 2253093 2011232917 1287117 197222 1897
0b000401 0b000101 10001 100 29273 2012285880 273951 10777 2069
0b000401 0b000501 10005 100 30098 2012551737 11820 6686 2116
0b000701 0b000a01 10003 100 61535 2012555829 15579 13480 2118
0b000401 0b000501 10004 100 1065729 2012388270 194884 93511 2090
0b000901 0b000f01 10000 100 8458 2012576295 9459 9031 2122
0b000e01 0b000601 10002 100 442495 2012495502 96418 45420 2105
0b000d01 0b000901 10000 100 1341922 2011808344 804080 120827 1989
0b001801 0b001f01 10002 100 60942 2012606004 23429 13429 2128
0b001e01 0b000301 10002 100 6083 2011628353 1013280 1012878 1952
0b001801 0b000b01 10003 100 788899 2011583595 1079565 1078506 1941
0b000701 0b000501 10005 100 40748 2012675084 10897 7577 2139
0b000701 0b000201 10001 100 1704 2012473387 222813 8464 2100
0b000e01 0b000101 10004 100 27692 2012203260 520699 10642 2051
0b000b01 0b000401 10003 100 1986412 2011844040 894604 174863 1993
0b001e01 0b000f01 10001 100 25201137 2006404691 6341443 3125231 1072
0b000701 0b000901 10003 100 23242 2012761218 15933 10271 2157
0b000701 0b000501 10004 100 909255 2012661953 127528 80394 2136
0b000e01 0b000601 10003 100 1433277 2012601880 192539 128488 2127
0b000601 0b000a01 10000 100 55847 2012798576 44427 13002 2165
0b000601 0b000401 10001 100 50207 2012823367 37190 8372 2167
0b000801 0b000c01 10002 100 6002 2012855862 88107 8827 2176
0b001801 0b000201 10002 100 44983 2011929196 1016850 1016136 2005
0b000b01 0b000101 10000 100 37250 2012865439 106887 11445 2179
0b000e01 0b000101 10002 100 5967666 2009607261 3374963 508650 1639
0b000a01 0b000f01 10001 100 10287 2013018186 78249 9185 2197
0b000601 0b000b01 10005 100 79827 2013050272 99402 15013 2200
0b001801 0b000601 10001 100 26524 2012172442 1047214 1014590 2046
0b000d01 0b000401 10001 100 2179907 2012797627 434596 191083 2164
0b000701 0b000401 10005 100 6260 2013228054 5471 4687 2226
0b000f01 0b000401 10001 100 2921218 2012274232 1012440 253237 2068
0b000e01 0b000601 10004 100 2801 2013318756 8544 8555 2240
0b000901 0b000201 10001 100 42399 2013328249 20131 11877 2242
0b000f01 0b000401 10002 100 3809 2013341699 8935 8640 2246
0b000901 0b000e01 10001 100 14282 2013298472 64821 9520 2238
0b001801 0b000801 10001 100 128085 2012318701 1046333 1023107 2075
0b000801 0b000101 10002 100 855163 2013109383 388198 80020 2207
0b000e01 0b000801 10001 100 9776 2013502912 9485 9140 2271
0b001e01 0b001801 10001 100 68407 2013517663 30995 14057 2274
0b000701 0b000401 10006 100 24197 2013612279 12793 6191 2289
0b000b01 0b000701 10004 100 3953 2013614009 25539 8651 2290
0b001e01 0b000b01 10003 100 1868895 2012147837 1514336 1169053 2041
0b000901 0b000201 10002 100 21194 2013586177 79670 10100 2281
0b000601 0b000b01 10006 100 3293 2013710885 10352 8598 2310
0b000301 0b000b01 10000 100 8008904 2012693045 1168312 679786 2140
0b000601 0b000501 10002 100 174890 2013779222 116683 18823 2320
0b000901 0b000d01 10001 100 778064 2013731890 228683 73556 2314
0b000701 0b000f01 10003 100 7621 2013978268 10861 8960 2351
0b000301 0b000f01 10003 100 74721 2013964137 27246 14585 2348
0b000b01 0b000901 10000 100 28881 2014000542 19709 6581 2354
0b000b01 0b000501 10000 100 212307 2013788588 246262 26122 2322
0b001801 0b000901 10002 100 4878417 2012171981 1867154 1421373 2045
0b000b01 0b000001 10000 100 8697 2013888496 152010 9050 2335
0b000901 0b000701 10004 100 49481 2014028344 24782 12470 2357
0b000e01 0b000301 10002 100 99184 2014143632 21626 16638 2375
0b000701 0b000b01 10001 100 5117 2014100120 72695 8752 2366
0b001e01 0b000201 10003 100 59891 2013167741 1029054 1017386 2215
0b000e01 0b000001 10001 100 6467076 2010713490 3572382 550523 1810
0b000d01 0b000601 10002 100 6446495 2008974220 5360138 548796 1535
0b000701 0b000a01 10004 100 18561 2014330471 11686 9877 2401
0b000801 0b000f01 10002 100 4245517 2011640403 2713946 364266 1954
0b000e01 0b000f01 10001 100 20001 2014369434 5952 5840 2411
0b000701 0b000d01 10003 100 73256 2014337929 53554 14464 2403
0b000801 0b000d01 10003 100 5379 2014380555 11883 8773 2414
0b000a01 0b000e01 10005 100 119790 2014226128 186561 18364 2386
0b000701 0b000501 10006 100 7239 2014428892 5421 4769 2424
0b000d01 0b000701 10002 100 2074 2014433615 8841 8497 2425
0b000401 0b000101 10002 100 43857 2014408981 57829 11997 2417
0b000b01 0b000801 10004 100 12003 2014486565 8892 5170 2434
0b000a01 0b000901 10003 100 21515 2014489954 11273 5965 2435
0b000901 0b000501 10005 100 4449153 2012855055 1690034 381340 2175
0b000801 0b000d01 10002 100 2046464 2013443732 1132018 179897 2261
0b000701 0b000b01 10002 100 27393 2014570840 13252 10618 2448
0b000e01 0b000201 10003 100 69771 2014653050 15302 14170 2461
0b000601 0b000401 10000 100 5798235 2011368550 3323215 490286 1913
0b000e01 0b000001 10002 100 70600 2014774683 33696 14240 2480
0b000d01 0b000801 10001 100 8982 2014801939 10280 9073 2485
0b000801 0b000a01 10000 100 1675944 2013925748 946553 144671 2338
0b000d01 0b000601 10003 100 73571 2014828955 75265 14489 2491
0b000b01 0b000201 10003 100 2369410 2013179830 1779066 206973 2217
0b001e01 0b001201 10002 100 5368 2015016269 9521 8772 2525
0b001e01 0b000901 10001 100 5892 2014054463 1014229 1012859 2362
0b000d01 0b000201 10002 100 28225 2015055959 21858 10689 2533
0b000d01 0b000801 10000 100 1684124 2014684053 414929 149520 2468
0b000e01 0b000b01 10000 100 108169 2015076862 37285 17392 2535
0b000701 0b000801 10005 100 64588 2015153397 30819 13736 2546
0b000f01 0b000601 10002 100 619151 2014821363 379882 60232 2489
0b001e01 0b000001 10001 100 9683776 2012099055 3116581 1824253 2031
0b001e01 0b001f01 10003 100 1744 2015212656 4362 4307 2557
0b001e01 0b001501 10001 100 2836499 2014732155 485345 246134 2473
0b000b01 0b000201 10004 100 6497 2014983221 235222 8866 2516
0b000d01 0b000901 10001 100 7681882 2012786531 2443169 652369 2162
0b001e01 0b000601 10001 100 4493993 2013206369 2121779 1389141 2221
0b000d01 0b000601 10004 100 74102 2015313541 17365 14536 2570
0b000901 0b000d01 10002 100 164671 2015317019 30565 22127 2571
0b000e01 0b000001 10003 100 76291 2015410274 21015 14718 2585
0b000801 0b000001 10001 100 67986 2015440415 61065 14020 2594
0b000601 0b000001 10002 100 21931 2015526692 21427 10158 2614
0b000e01 0b000401 10001 100 97201 2015524580 24590 16472 2612
0b000901 0b000501 10006 100 8679 2015575462 34918 9048 2624
0b001e01 0b000101 10000 100 20077 2014652653 1015728 1014051 2460
0b000b01 0b000f01 10001 100 7602 2015650117 21438 8958 2635
0b000a01 0b000301 10003 100 30 2015681906 8210 8326 2638
0b000e01 0b000401 10000 100 7253737 2014714301 1008504 616474 2470
0b000901 0b000301 10000 100 2040936 2013954447 1813614 179432 2345
0b000b01 0b000901 10001 100 71107 2015780699 41143 10125 2649
0b000601 0b000d01 10001 100 18249 2015893705 16369 9852 2665
0b001e01 0b000901 10002 100 8783 2014970576 1014473 1013102 2514
0b001e01 0b001901 10001 100 25188107 2012138697 3858779 2120094 2037
0b001e01 0b000801 10003 100 61980 2014974824 1027622 1017561 2515
0b000701 0b000d01 10005 100 54504 2015986669 29172 12891 2679
0b000f01 0b000801 10005 100 581305 2015797073 258147 57059 2651
0b000d01 0b000501 10005 100 2071254 2015842897 246338 181976 2655
0b000601 0b000e01 10003 100 9256800 2011336001 4808401 784410 1909
0b000601 0b000301 10002 100 43689 2015755240 414674 11984 2647
0b000901 0b000e01 10002 100 1434 2016195128 11503 8442 2716
0b000801 0b000101 10003 100 2281959 2014687412 1536389 199639 2469
0b000b01 0b000901 10002 100 36624 2016237000 28716 7232 2724
0b001e01 0b000301 10003 100 29701 2015261440 1017190 1014856 2566
0b000901 0b000301 10001 100 24795 2016231653 52112 10399 2723
0b000801 0b000f01 10003 100 1293779 2015318241 1039700 116791 2573
0b000e01 0b000701 10001 100 69690 2016382090 16331 14164 2746
0b000d01 0b000201 10003 100 26984 2016430571 12804 10582 2754
0b000901 0b000a01 10001 100 53558 2016433828 22934 8652 2755
0b000901 0b000201 10004 100 2913388 2014761045 1748716 252580 2479
0b000b01 0b000801 10005 100 712562 2016077711 432137 63902 2693
0b000f01 0b000601 10001 100 4387090 2014304432 2224309 376137 2396
0b001e01 0b000001 10002 100 825810 2015398661 1149294 1081601 2583
0b000f01 0b000a01 10001 100 126340 2016468217 121338 18914 2768
0b000b01 0b000201 10005 100 188802 2016507857 120745 24149 2774
0b000801 0b000d01 10004 100 31063 2016665809 34762 10927 2797
0b000f01 0b000301 10004 100 70462 2016687740 49271 14229 2801
0b000801 0b000f01 10004 100 39782 2016820120 36694 11656 2826
0b000701 0b000101 10001 100 3145411 2013062609 3848173 272033 2202
0b000d01 0b000c01 10004 100 2460 2016919650 4470 4368 2840
0b000801 0b000401 10001 100 26718 2016918646 22576 10561 2839
0b000f01 0b000801 10006 100 44750 2016924701 31079 12072 2842
0b000601 0b000201 10000 100 8308 2016770834 191650 9019 2820
0b000b01 0b000301 10006 100 8053009 2012305887 4696307 683488 2073
0b000801 0b000a01 10001 100 759740 2016586660 452574 67857 2783
0b000e01 0b000501 10000 100 66835 2017130568 16672 13924 2878
0b000801 0b000e01 10002 100 957 2017159835 8744 8400 2882
0b000701 0b000601 10004 100 53227 2017276290 23562 8625 2903
0b000701 0b000f01 10004 100 1934 2017346937 8952 8482 2914
0b000f01 0b000d01 10001 100 26672252 2011749040 5663480 2240364 1974
0b000e01 0b000601 10005 100 663785 2017470326 125510 63972 2936
0b000601 0b000701 10000 100 6693806 2014421821 3199507 565369 2421
0b000901 0b000d01 10003 100 627 2017636838 8268 8374 2963
0b000f01 0b000c01 10000 100 3598 2017657202 4677 4463 2968
0b000a01 0b000b01 10002 100 20722100 2014117943 3599861 1741504 2369
0b000801 0b000e01 10003 100 2336 2017689380 50004 8518 2973
0b000801 0b000301 10001 100 4818527 2014344294 3408284 412307 2404
0b000901 0b000801 10002 100 9594209 2016115733 1725034 808541 2700
0b000801 0b000701 10003 100 18896 2017794285 61787 9904 2992
0b000601 0b000b01 10007 100 68006 2017828214 42881 14025 2999
0b000701 0b000901 10004 100 1499381 2017087211 851308 134030 2872
0b000701 0b000501 10007 100 4613116 2017036571 911536 390927 2863
0b000e01 0b000001 10004 100 1383798 2017749010 238772 124338 2983
0b000d01 0b000e01 10000 100 54915 2017995754 13243 8764 3030
0b000601 0b000f01 10002 100 955819 2017160442 922145 88456 2883
0b000d01 0b000c01 10005 100 1390847 2017962857 168495 120769 3025
0b000a01 0b000b01 10003 100 21133 2018139893 12890 5935 3055
0b000f01 0b000c01 10001 100 923475 2017989608 169507 81586 3029
0b000601 0b000901 10005 100 49166 2018153461 33188 12445 3059
0b000b01 0b000f01 10002 100 2439 2018105876 102143 8526 3051
0b000d01 0b000401 10002 100 96938 2018214476 24558 16447 3071
0b000701 0b000e01 10003 100 1959972 2018091602 209104 172644 3047
0b000f01 0b000c01 10002 100 724845 2018215236 124581 64931 3072
0b000b01 0b000601 10005 100 6436 2018422295 12462 8861 3105
0b000d01 0b000101 10002 100 29213 2018510228 14388 10772 3118
0b000601 0b000901 10006 100 46199 2018404224 208022 12196 3102
0b000f01 0b000e01 10000 100 44592 2018637868 11437 7900 3134
0b000b01 0b000a01 10001 100 7217446 2014733016 3962653 609272 2474
0b000d01 0b000101 10003 100 21498 2018704486 15404 10124 3146
0b000f01 0b000b01 10000 100 46200 2018726266 16017 12196 3149
0b000801 0b000001 10002 100 5247569 2015930009 2875605 448277 2671
0b000b01 0b000801 10006 100 3099378 2017079407 1751611 264014 2870
0b000e01 0b000c01 10000 100 54830 2018838510 12062 8757 3167
0b000b01 0b000e01 10004 100 657808 2018021731 879204 63471 3032
0b000b01 0b000301 10007 100 35107 2018904191 22785 11266 3177
0b000901 0b000701 10005 100 209964 2018852707 75538 25923 3171
0b000a01 0b000901 10004 100 8547758 2016301792 2693144 720804 2733
0b000901 0b000201 10005 100 1429959 2018767527 230284 128207 3159
0b000901 0b000201 10003 100 4547798 2013597718 5407485 389608 2284
0b000901 0b000801 10003 100 22526 2019071723 6810 6050 3201
0b000d01 0b000401 10003 100 72191 2018975221 124716 14375 3191
0b000801 0b000401 10002 100 17374 2019089055 17238 9779 3203
0b000a01 0b000701 10004 100 3296814 2016836116 2286704 284725 2828
0b000a01 0b000501 10005 100 46083 2018738189 392742 12187 3151
0b000801 0b000b01 10002 100 6865324 2015454506 3739048 579751 2596
0b000b01 0b000701 10005 100 4110145 2017283465 2009236 352917 2905
0b000701 0b000c01 10005 100 52166 2019397058 17498 12696 3246
0b000f01 0b000301 10005 100 2394 2019354165 141523 8523 3238
0b000701 0b000801 10006 100 209862 2019622610 28986 25915 3277
0b000e01 0b000f01 10002 100 53061 2019655089 12910 8612 3284
0b000601 0b000401 10002 100 16116 2019677033 10147 5514 3286
0b000701 0b000b01 10003 100 14527 2019681421 9697 9539 3287
0b000901 0b000101 10002 100 9144596 2017917742 1818235 775004 3015
0b000801 0b000701 10004 100 1150997 2019184727 603358 104819 3213
0b000601 0b000301 10003 100 1495330 2018373578 1451458 133691 3098
0b000b01 0b000701 10003 100 16551834 2010809826 9038102 1396026 1828
0b000d01 0b000b01 10002 100 2466 2019612684 274859 8528 3274
0b000801 0b000501 10003 100 1414975 2019187991 742792 126951 3214
0b000b01 0b000701 10006 100 904946 2019802583 162292 84190 3301
0b000701 0b000c01 10006 100 2479627 2019776074 235161 216213 3296
0b000b01 0b000f01 10003 100 16354 2019922930 96726 9693 3324
0b000b01 0b000f01 10004 100 24809 2020093345 14114 10400 3355
0b000f01 0b000601 10003 100 1943 2020109225 8523 8483 3358
0b000701 0b000b01 10004 100 9930 2020160510 9958 9152 3370
0b000701 0b000b01 10005 100 61714 2020169414 18453 13495 3371
0b000b01 0b000101 10001 100 37223 2020181811 14944 11443 3373
0b000901 0b000401 10001 100 2444164 2019500695 775681 213241 3257
0b000601 0b000f01 10001 100 4493336 2010132274 10164258 385043 1730
0b000b01 0b000901 10003 100 14218 2020312189 5628 5355 3394
0b000701 0b000d01 10006 100 69441 2020428132 19946 14144 3412
0b000801 0b000301 10003 100 733964 2019867102 603405 69855 3312
0b000a01 0b000901 10005 100 29670 2020462361 9593 6648 3415
0b000901 0b000801 10004 100 3829398 2019876787 726209 325219 3316
0b000801 0b000701 10002 100 8194164 2016459477 4172827 695321 2767
0b000b01 0b000501 10001 100 46525 2020637091 17884 12222 3444
0b000801 0b000901 10001 100 60016 2020638423 28943 9195 3446
0b000701 0b000f01 10005 100 70597 2020672192 17181 14240 3456
0b000601 0b000a01 10001 100 193392 2020651069 57062 24536 3449
0b000a01 0b000f01 10002 100 1449 2020767692 8769 8443 3472
0b000601 0b000e01 10004 100 4101577 2018419034 2371701 352197 3103
0b000d01 0b000b01 10003 100 2917 2020754247 117672 8564 3468
0b000d01 0b000601 10005 100 2836436 2018700297 2207219 246128 3145
0b000701 0b000401 10007 100 21053 2021059635 6848 5928 3529
0b000801 0b000001 10003 100 68656 2021014695 53301 14077 3514
0b000d01 0b000201 10004 100 9917 2021182905 13607 9151 3552
0b000a01 0b000101 10004 100 29067 2021367402 22935 10760 3593
0b000901 0b000f01 10001 100 6804299 2019532809 1868253 578795 3263
0b000a01 0b000301 10004 100 1696964 2020779879 637713 150593 3473
0b000d01 0b000501 10007 100 62495 2021398574 41587 13561 3597
0b000901 0b000501 10008 100 5745 2021448529 8918 8802 3604
0b000d01 0b000101 10001 100 8996817 2018152058 3310483 762613 3057
0b000d01 0b000501 10006 100 946538 2021044691 431536 87679 3523
0b000d01 0b000701 10004 100 1021220 2021026314 451688 93942 3516
0b000801 0b000d01 10005 100 1633555 2019942170 1569846 145278 3326
0b000801 0b000a01 10002 100 54891 2021601600 13666 8762 3627
0b000a01 0b000001 10001 100 573138 2021233329 421090 56375 3565
0b000d01 0b000a01 10000 100 3214916 2019192255 2747556 277858 3215
0b000901 0b000201 10006 100 2546129 2021279557 708691 221790 3576
0b000d01 0b000401 10004 100 22426 2022047172 13882 10202 3695
0b000a01 0b000001 10000 100 1609300 2021006487 1106528 143246 3510
0b000b01 0b000301 10004 100 27520583 2009916902 12228202 2315647 1691
0b000b01 0b000101 10002 100 41283 2021731139 418419 11783 3643
0b000701 0b000d01 10007 100 2841 2022207467 8995 8558 3721
0b000d01 0b000701 10003 100 5550643 2020549357 1718444 473687 3425
0b000901 0b000701 10007 100 388752 2022371997 109341 40913 3751
0b000d01 0b000701 10005 100 3954 2022502852 9539 8651 3772
0b000901 0b000101 10003 100 4248 2022524497 9301 8679 3776
0b000b01 0b000701 10007 100 1229895 2021893296 680658 111434 3669
0b000601 0b000101 10005 100 9100 2022595165 11080 9086 3783
0b000601 0b000901 10007 100 46475 2022599342 23565 12218 3787
0b000b01 0b000f01 10005 100 15506 2022267762 447406 9621 3734
0b000901 0b000701 10006 100 44910 2022363998 398640 12085 3749
0b000b01 0b000d01 10001 100 707548 2022775227 92455 67642 3816
0b000701 0b000b01 10006 100 15600 2022868867 10088 9629 3835
0b000701 0b000901 10005 100 1725178 2022312584 577865 152962 3742
0b000b01 0b000701 10008 100 47909 2022985044 16204 12337 3851
0b000701 0b000001 10002 100 24374 2023013633 13450 10365 3858
0b000d01 0b000501 10008 100 9378 2023019464 12310 9108 3863
0b000b01 0b000801 10008 100 20334 2023142510 9244 5867 3882
0b000601 0b000001 10003 100 58890 2023124092 28238 13257 3877
0b000701 0b000201 10002 100 154090 2023135635 41523 21242 3880
0b000a01 0b000101 10005 100 38226 2023183447 32744 11527 3896
0b000601 0b000b01 10008 100 8461 2023150697 94087 9031 3884
0b000a01 0b000e01 10006 100 5581220 2016201709 7129855 476252 2718
0b000601 0b000201 10001 100 191182 2023229632 105135 24351 3905
0b000701 0b000b01 10007 100 1183124 2023190608 288059 107516 3897
0b000b01 0b000801 10007 100 2553183 2023136737 499579 218222 3881
0b000a01 0b000601 10002 100 8982 2023641326 12971 9073 3989
0b000d01 0b000c01 10006 100 198382 2023599080 56916 20794 3978
0b000a01 0b000201 10001 100 5850141 2016185720 7480529 498799 2713
0b000901 0b000501 10007 100 3408542 2018079274 5612136 294093 3045
0b000b01 0b000701 10009 100 722116 2023555503 207314 68865 3968
0b000901 0b000501 10009 100 718467 2023453999 314011 68558 3951
0b000b01 0b000d01 10002 100 35806 2023846666 17206 11322 4030
0b000901 0b000d01 10004 100 23135 2023897454 17896 10262 4035
0b000b01 0b000e01 10005 100 5530 2023925150 9799 8785 4042
0b000b01 0b000a01 10003 100 1259 2023940163 4412 4268 4046
0b000701 0b000601 10005 100 7544819 2023005754 1118119 636718 3855
0b000a01 0b000001 10002 100 3899563 2022146674 2020269 335261 3709
0b000901 0b000101 10004 100 23376 2024297983 83767 10282 4093
0b000601 0b000c01 10002 100 28740 2024644670 32505 10730 4151
0b000601 0b000001 10004 100 1875426 2023177131 1527755 165557 3892
0b000901 0b000001 10000 100 14850 2024720015 13305 9565 4166
0b000901 0b000601 10001 100 46705 2024713733 22014 12236 4164
0b000d01 0b000b01 10004 100 60093 2024718124 18619 13361 4165
0b000a01 0b000601 10003 100 437725 2024612315 198465 45019 4143
0b000601 0b000901 10008 100 2086340 2023177330 1684257 183241 3893
0b000d01 0b000601 10006 100 46840 2024935811 16344 12247 4194
0b000901 0b000f01 10002 100 25266 2025034078 14989 10441 4206
0b000701 0b000d01 10004 100 23942906 2015023568 10046653 2015693 2528
0b000a01 0b000001 10003 100 29853 2025095402 75033 10823 4222
0b000901 0b000801 10005 100 70082 2025204967 22956 10039 4239
0b000a01 0b000101 10006 100 17832 2025431891 18918 9815 4283
0b000701 0b000501 10008 100 824835 2025361661 290541 73314 4270
0b000a01 0b000801 10002 100 1007192 2025196772 488152 88606 4237
0b000a01 0b000301 10005 100 67932 2025643844 42801 14015 4315
0b000901 0b000301 10002 100 9887993 2023285132 2455264 837329 3919
0b000601 0b000301 10004 100 495919 2025331603 431942 49898 4262
0b000701 0b000c01 10007 100 8265036 2023989441 1776470 701264 4055
0b000b01 0b000401 10005 100 163528 2025807845 48949 22032 4334
0b000701 0b000901 10006 100 25780 2025848487 12542 10482 4339
0b000601 0b000d01 10002 100 3887820 2023076033 3015958 334275 3872
0b000a01 0b000f01 10003 100 29742 2026095584 18383 10814 4390
0b000701 0b000d01 10008 100 77948 2026103152 21309 14855 4393
0b000601 0b000501 10005 100 4282 2026288559 8441 4521 4425
0b000d01 0b000001 10002 100 2412 2026409704 8518 8524 4438
0b000a01 0b000901 10006 100 4623741 2024934345 1531155 391815 4191
0b000b01 0b000d01 10003 100 17071 2026458407 14683 9754 4450
0b000d01 0b000701 10006 100 32141 2026561130 11869 11018 4466
0b000a01 0b000c01 10002 100 3486 2026611987 60091 8614 4477
0b000a01 0b000301 10006 100 1268104 2026057669 705958 114641 4380
0b000901 0b000601 10002 100 2662298 2025988528 964303 231529 4364
0b000901 0b000101 10005 100 28582 2026882222 83659 10717 4512
0b000601 0b000701 10002 100 1363995 2025694158 1317282 118517 4318
0b000701 0b000101 10002 100 17832575 2021699132 5312614 1503404 3638
0b000701 0b000501 10009 100 14610 2027000885 23056 5386 4534
0b000901 0b000601 10003 100 24669 2027046839 20834 10389 4540
0b000701 0b000901 10007 100 1137824 2026980121 141851 103715 4530
0b000b01 0b000a01 10002 100 20407849 2022907438 4253281 1715154 3840
0b000a01 0b000c01 10001 100 1140598 2026524547 807025 103949 4460
0b000601 0b000101 10008 100 25018 2027331595 39403 10421 4586
0b000901 0b000301 10004 100 157195 2027199725 210222 21502 4561
0b000a01 0b000801 10003 100 3087 2027408855 4944 4422 4599
0b000901 0b000e01 10003 100 7599717 2023163993 4253410 645481 3886
0b000901 0b000f01 10003 100 36075 2027430890 15676 11348 4603
0b000b01 0b000f01 10006 100 21589 2027464579 12893 10131 4609
0b000601 0b000101 10009 100 7754 2027464720 45553 8971 4610
0b000601 0b000e01 10005 100 182823 2027284002 229987 23648 4574
0b000901 0b000c01 10007 100 37454 2027834020 20564 11462 4667
0b000a01 0b000b01 10004 100 795758 2027687521 249130 70877 4644
0b000b01 0b000d01 10004 100 6416039 2026580798 1364721 546244 4470
0b000d01 0b000401 10005 100 4163093 2027092881 855203 357357 4547
0b000d01 0b000101 10004 100 78255 2027965017 27856 14883 4690
0b000a01 0b000901 10007 100 9271 2028001215 7550 4940 4696
0b000901 0b000301 10003 100 4313640 2026336913 1697174 369976 4430
0b000601 0b000d01 10003 100 62088 2028019256 84895 13528 4699
0b000d01 0b000501 10009 100 7671796 2026900262 1263572 651524 4514
0b000d01 0b000b01 10005 100 3437653 2027520459 696098 296534 4618
0b000a01 0b000101 10008 100 1580607 2027836503 535012 140839 4668
0b000901 0b000701 10008 100 5561 2028431502 9581 8787 4767
0b000a01 0b000b01 10005 100 1375668 2028157808 445283 119497 4725
0b000d01 0b000a01 10001 100 902643 2028545352 85219 83998 4788
0b000901 0b000301 10005 100 5702 2028174823 464498 8799 4729
0b000b01 0b000901 10004 100 4906 2028724460 4963 4571 4813
0b000601 0b000101 10010 100 36284 2028779961 50537 11364 4825
0b000d01 0b000801 10002 100 522144 2028836853 52007 52099 4834
0b000a01 0b000101 10007 100 4650248 2026470350 2437892 398199 4454
0b000701 0b000c01 10008 100 181179 2028964863 38663 23513 4862
0b000901 0b000501 10010 100 40645 2029267927 18415 11729 4914
0b000d01 0b000401 10006 100 60889 2029359075 14398 13425 4935
0b000b01 0b000101 10003 100 1268114 2029000102 599622 114642 4869
0b000901 0b000501 10011 100 54125 2029699791 13724 12861 4975
0b000701 0b000601 10006 100 898011 2029862080 81497 79453 4984
0b000b01 0b000401 10006 100 5941584 2028860096 1539208 506464 4838
0b000601 0b000b01 10009 100 988438 2029330064 1160754 91192 4930
0b000601 0b000501 10004 100 5098796 2025345860 5420763 431643 4267
0b000601 0b000701 10001 100 8684727 2023517253 7308936 732288 3960
0b000601 0b000501 10003 100 7864509 2023934103 7209837 663522 4045
0b000b01 0b000701 10010 100 7944542 2026125563 5096166 674392 4399
0b000601 0b000101 10007 100 4545637 2026908940 4827463 389427 4515
0b000601 0b000701 10003 100 4061300 2027618603 4205399 344662 4632
0b000601 0b000e01 10006 100 3798242 2028160510 3784927 326767 4726
0b000601 0b000401 10003 100 11001752 2024080839 9006628 926547 4070
0b000601 0b000501 10006 100 9917764 2026941470 7049600 835666 4520
0b000601 0b000c01 10003 100 11966819 2025850632 8370598 1011618 4340
0b000601 0b000101 10006 100 18850251 2026521639 8357875 1588727 4459
