2009469072 47 1 1 1
2009469884 47 1 1 0
2009499446 47 1 1 1
2009501854 47 1 1 0
2009552409 47 1 1 1
2009556112 47 1 1 0
2009567251 47 1 1 1
2009569591 47 1 1 0
2009964605 47 1 1 1
2009967648 47 1 1 0
2009980783 47 1 1 1
2009983099 47 1 1 0
2010290559 47 1 1 1
2010293602 47 1 1 0
2010306326 47 1 1 1
2010308942 47 1 1 0
2010323259 47 1 1 1
2010326136 47 1 1 0
2010339702 47 1 1 1
2010342749 47 1 1 0
2010352074 47 1 1 1
2010354975 47 1 1 0
2010382018 47 1 1 1
2010385034 47 1 1 0
2010394594 47 1 1 1
2010397871 47 1 1 0
2010405960 47 1 1 1
2010406629 34 1 7 1
2010408984 47 1 1 0
2010413639 34 1 7 0
2010416804 47 1 1 1
2010417098 34 1 7 1
2010420057 47 1 1 0
2010423934 34 1 7 0
2010427393 34 1 7 1
2010427402 47 1 1 1
2010430734 47 1 1 0
2010434142 34 1 7 0
2010437775 34 1 7 1
2010438320 47 1 1 1
2010441739 47 1 1 0
2010444959 34 1 7 0
2010448584 34 1 7 1
2010449843 47 1 1 1
2010452914 47 1 1 0
2010455598 34 1 7 0
2010458887 34 1 7 1
2010459223 47 1 1 1
2010462634 47 1 1 0
2010468831 34 1 7 0
2010470386 47 1 1 1
2010471950 34 1 7 1
2010473611 47 1 1 0
2010480208 34 1 7 0
2010481909 47 1 1 1
2010483614 34 1 7 1
2010485091 47 1 1 0
2010490427 34 1 7 0
2010493150 47 1 1 1
2010493833 34 1 7 1
2010496471 47 1 1 0
2010501310 34 1 7 0
2010503537 47 1 1 1
2010504637 34 1 7 1
2010507032 47 1 1 0
2010511317 34 1 7 0
2010513845 47 1 1 1
2010514889 34 1 7 1
2010517253 47 1 1 0
2010522836 34 1 7 0
2010524232 47 1 1 1
2010525610 34 1 7 1
2010527628 47 1 1 0
2010535366 47 1 1 1
2010537726 47 1 1 0
2010560613 34 1 7 0
2010563814 34 1 7 1
2010571139 34 1 7 0
2010574261 34 1 7 1
2010584682 34 1 7 0
2010587365 34 1 7 1
2010597672 34 1 7 0
2010600869 34 1 7 1
2010607409 34 1 7 0
2010610772 34 1 7 1
2010616845 34 1 7 0
2010620370 34 1 7 1
2010626575 34 1 7 0
2010630179 34 1 7 1
2010636992 34 1 7 0
2010640683 34 1 7 1
2010646178 34 1 7 0
2010650031 34 1 7 1
2010655530 34 1 7 0
2010659571 34 1 7 1
2010664965 34 1 7 0
2010668988 34 1 7 1
2010674722 34 1 7 0
2010679073 34 1 7 1
2010684653 34 1 7 0
2010688585 34 1 7 1
2010693491 34 1 7 0
2010697680 34 1 7 1
2010702665 34 1 7 0
2010707639 34 1 7 1
2010711968 34 1 7 0
2010717256 34 1 7 1
2010721440 34 1 7 0
2010726226 34 1 7 1
2010730713 34 1 7 0
2010735467 34 1 7 1
2010739899 34 1 7 0
2010744491 34 1 7 1
2010749164 34 1 7 0
2010753175 34 1 7 1
2010757864 34 1 7 0
2010762124 34 1 7 1
2010766793 34 1 7 0
2010770903 34 1 7 1
2010775801 34 1 7 0
2010780303 34 1 7 1
2010785062 34 1 7 0
2010789231 34 1 7 1
2010793817 34 1 7 0
2010797903 34 1 7 1
2010802161 34 1 7 0
2010806334 34 1 7 1
2010811252 34 1 7 0
2010815516 34 1 7 1
2010819845 34 1 7 0
2010824850 34 1 7 1
2010828940 34 1 7 0
2010833702 34 1 7 1
2010837956 34 1 7 0
2010843141 34 1 7 1
2010847118 34 1 7 0
2010852137 34 1 7 1
2010856150 34 1 7 0
2010861576 34 1 7 1
2010865419 34 1 7 0
2010870687 34 1 7 1
2010874850 34 1 7 0
2010880114 34 1 7 1
2010884036 34 1 7 0
2010889296 34 1 7 1
2010893637 34 1 7 0
2010898731 34 1 7 1
2010903646 34 1 7 0
2010908111 34 1 7 1
2010912843 34 1 7 0
2010917186 34 1 7 1
2010921931 34 1 7 0
2010926100 34 1 7 1
2010930842 34 1 7 0
2010935181 34 1 7 1
2010940176 34 1 7 0
2010944519 34 1 7 1
2010949330 34 1 7 0
2010953839 34 1 7 1
2010958496 34 1 7 0
2010963456 34 1 7 1
2010967901 34 1 7 0
2010972987 34 1 7 1
2010981524 34 1 7 0
2010986438 34 1 7 1
2010994973 34 1 7 0
2010998478 34 1 7 1
2011006063 34 1 7 0
2011009481 34 1 7 1
2011016871 34 1 7 0
2011020127 34 1 7 1
2011028818 34 1 7 0
2011031987 34 1 7 1
2011053286 34 1 7 0
2011056625 34 1 7 1
2011074404 34 1 7 0
2011078189 34 1 7 1
2011094646 34 1 7 0
2011098076 34 1 7 1
2011115707 34 1 7 0
2011120007 34 1 7 1
2011135685 34 1 7 0
2011139914 34 1 7 1
2011157683 34 1 7 0
2011161354 34 1 7 1
2011216495 34 1 7 0
2011223617 34 1 7 1
2011232329 34 1 7 0
2011235834 34 1 7 1
2011261042 34 1 7 0
2011265567 34 1 7 1
2011286191 34 1 7 0
2011290277 34 1 7 1
2011304525 34 1 7 0
2011308489 34 1 7 1
2011320593 34 1 7 0
2011324853 34 1 7 1
2011337744 34 1 7 0
2011342087 34 1 7 1
2011355442 34 1 7 0
2011366757 34 1 7 1
2011372595 34 1 7 0
2011376602 34 1 7 1
2011389017 34 1 7 0
2011393866 34 1 7 1
2011406560 34 1 7 0
2011411563 34 1 7 1
2011423841 34 1 7 0
2011430362 34 1 7 1
2011436942 34 1 7 0
2011445659 34 1 7 1
2011456799 34 1 7 0
2011461713 34 1 7 1
2011469769 34 1 7 0
2011475693 34 1 7 1
2011479632 34 1 7 0
2011484971 34 1 7 1
2011488590 34 1 7 0
2011493597 34 1 7 1
2011497307 34 1 7 0
2011502197 34 1 7 1
2011507001 34 1 7 0
2011511767 34 1 7 1
2011520683 34 1 7 0
2011525105 34 1 7 1
2011533622 34 1 7 0
2011538466 34 1 7 1
2011547199 34 1 7 0
2011551558 34 1 7 1
2011559833 34 1 7 0
2011564275 34 1 7 1
2011573147 34 1 7 0
2011577598 34 1 7 1
2011585876 34 1 7 0
2011590496 34 1 7 1
2011597518 34 1 7 0
2011602047 34 1 7 1
2011609658 34 1 7 0
2011614278 34 1 7 1
2011620933 34 1 7 0
2011626229 34 1 7 1
2011633636 34 1 7 0
2011638683 34 1 7 1
2011645054 34 1 7 0
2011650445 34 1 7 1
2011657520 34 1 7 0
2011662405 34 1 7 1
2011670152 34 1 7 0
2011674950 34 1 7 1
2011681981 34 1 7 0
2011686506 34 1 7 1
2011694154 34 1 7 0
2011699060 34 1 7 1
2011706461 34 1 7 0
2011711002 34 1 7 1
2011718420 34 1 7 0
2011722186 34 1 7 1
2011733289 34 1 7 0
2011737415 34 1 7 1
2011742453 34 1 7 0
2011745128 34 1 7 1
2011753906 34 1 7 0
2011758158 34 1 7 1
2011768933 34 1 7 0
2011772857 34 1 7 1
2011782410 34 1 7 0
2011786883 34 1 7 1
2011795246 34 1 7 0
2011800172 34 1 7 1
2011810179 34 1 7 0
2011815103 34 1 7 1
2011819438 34 1 7 0
2011822022 34 1 7 1
2011828562 34 1 7 0
2011833735 34 1 7 1
2011840288 34 1 7 0
2011845901 34 1 7 1
2011855232 34 1 7 0
2011860538 34 1 7 1
2011869820 34 1 7 0
2011873862 34 1 7 1
2011881714 34 1 7 0
2011885385 34 1 7 1
2011892904 34 1 7 0
2011896409 34 1 7 1
2011905144 34 1 7 0
2011908801 34 1 7 1
2011926358 34 1 7 0
2011930263 34 1 7 1
2011942939 34 1 7 0
2012016074 34 1 7 1
2012020138 34 1 7 0
2012044028 34 1 7 1
2012047977 34 1 7 0
2012060198 34 1 7 1
2012064640 34 1 7 0
2012077066 34 1 7 1
2012079997 34 1 7 0
2012104606 34 1 7 1
2012107507 34 1 7 0
2014117241 40 1 4 1
2014120562 40 1 4 0
2014126230 40 1 4 1
2014129956 40 1 4 0
2014135557 40 1 4 1
2014139408 40 1 4 0
2014145757 40 1 4 1
2014149683 40 1 4 0
2014155439 40 1 4 1
2014158973 40 1 4 0
2014165868 40 1 4 1
2014168480 40 1 4 0
2014901715 42 1 4 1
2015018829 42 1 4 0
2019280078 36 1 7 1
2019283838 36 1 7 0
2019289808 36 1 7 1
2019294098 36 1 7 0
2019299081 36 1 7 1
2019303222 36 1 7 0
2019308219 36 1 7 1
2019312613 36 1 7 0
2019317377 36 1 7 1
2019321601 36 1 7 0
2019326483 36 1 7 1
2019330799 36 1 7 0
2019335859 36 1 7 1
2019340268 36 1 7 0
2019344983 36 1 7 1
2019349566 36 1 7 0
2019354025 36 1 7 1
2019358896 36 1 7 0
2019363331 36 1 7 1
2019368176 36 1 7 0
2019372444 36 1 7 1
2019377405 36 1 7 0
2019382008 36 1 7 1
2019387046 36 1 7 0
2019391370 36 1 7 1
2019395932 36 1 7 0
2019400857 36 1 7 1
2019405157 36 1 7 0
2019409745 36 1 7 1
2019414992 36 1 7 0
2019420186 36 1 7 1
2019425290 36 1 7 0
2019430260 36 1 7 1
2019434043 36 1 7 0
2019438195 36 1 7 1
2019442044 36 1 7 0
2019446807 36 1 7 1
2019451228 36 1 7 0
2019456112 36 1 7 1
2019460658 36 1 7 0
2019465983 36 1 7 1
2019470670 36 1 7 0
2019476051 36 1 7 1
2019481778 36 1 7 0
2019486130 36 1 7 1
2019492592 36 1 7 0
2019496793 36 1 7 1
2019503510 36 1 7 0
2019507682 36 1 7 1
2019514033 36 1 7 0
2019517725 36 1 7 1
2019523056 36 1 7 0
2019526569 36 1 7 1
2019533041 36 1 7 0
2019536441 36 1 7 1
2019544827 36 1 7 0
2019548314 36 1 7 1
2019557032 36 1 7 0
2019559847 36 1 7 1
2019571969 36 1 7 0
2019574857 36 1 7 1
2019587820 36 1 7 0
2019590993 36 1 7 1
2019600438 36 1 7 0
2019606043 36 1 7 1
2019609718 36 1 7 0
2019615589 36 1 7 1
2019619126 36 1 7 0
2019627438 36 1 7 1
2019630340 36 1 7 0
2019641441 36 1 7 1
2019644294 36 1 7 0
2019657839 36 1 7 1
2019660958 36 1 7 0
2019773375 46 1 4 1
2019780138 46 1 4 0
2019783774 46 1 4 1
2019789627 46 1 4 0
2019793520 46 1 4 1
2019799539 46 1 4 0
2019803349 46 1 4 1
2019809266 46 1 4 0
2019810019 30 0 1 1
2019812695 30 0 1 0
2019812985 46 1 4 1
2019817643 46 1 4 0
2019821876 46 1 4 1
2019824491 38 1 7 1
2019826417 46 1 4 0
2019831176 46 1 4 1
2019831324 38 1 7 0
2019834165 38 1 7 1
2019835727 46 1 4 0
2019840172 38 1 7 0
2019840702 46 1 4 1
2019843843 38 1 7 1
2019845184 46 1 4 0
2019850066 46 1 4 1
2019854414 46 1 4 0
2019855680 38 1 7 0
2019859636 46 1 4 1
2019862378 45 1 4 1
2019862525 38 1 7 1
2019863900 46 1 4 0
2019865409 45 1 4 0
2019869109 38 1 7 0
2019869482 46 1 4 1
2019872950 38 1 7 1
2019873310 45 1 4 1
2019873930 46 1 4 0
2019876428 45 1 4 0
2019877119 38 1 7 0
2019879160 46 1 4 1
2019881292 38 1 7 1
2019883446 46 1 4 0
2019885183 45 1 4 1
2019888332 46 1 4 1
2019888374 38 1 7 0
2019888554 45 1 4 0
2019892041 46 1 4 0
2019892045 38 1 7 1
2019896392 38 1 7 0
2019896757 46 1 4 1
2019899644 38 1 7 1
2019899673 45 1 4 1
2019901229 46 1 4 0
2019902558 45 1 4 0
2019905966 38 1 7 0
2019906135 46 1 4 1
2019909902 38 1 7 1
2019910761 46 1 4 0
2019913088 45 1 4 1
2019915307 46 1 4 1
2019915748 38 1 7 0
2019916269 45 1 4 0
2019918704 38 1 7 1
2019919379 46 1 4 0
2019923652 46 1 4 1
2019923941 38 1 7 0
2019924518 45 1 4 1
2019927237 38 1 7 1
2019927715 45 1 4 0
2019927999 46 1 4 0
2019932648 38 1 7 0
2019932858 46 1 4 1
2019935703 38 1 7 1
2019935711 45 1 4 1
2019937539 46 1 4 0
2019938738 45 1 4 0
2019941802 38 1 7 0
2019942775 46 1 4 1
2019945734 45 1 4 1
2019946383 38 1 7 1
2019947459 46 1 4 0
2019949109 45 1 4 0
2019952705 46 1 4 1
2019953221 38 1 7 0
2019956256 38 1 7 1
2019956457 45 1 4 1
2019957396 46 1 4 0
2019959571 45 1 4 0
2019961058 38 1 7 0
2019962740 46 1 4 1
2019965599 38 1 7 1
2019966737 45 1 4 1
2019967271 46 1 4 0
2019969938 45 1 4 0
2019972873 46 1 4 1
2019973528 38 1 7 0
2019976895 38 1 7 1
2019977500 46 1 4 0
2019977772 45 1 4 1
2019980632 38 1 7 0
2019980799 45 1 4 0
2019982584 46 1 4 1
2019984671 38 1 7 1
2019986946 46 1 4 0
2019988720 45 1 4 1
2019991713 46 1 4 1
2019992000 45 1 4 0
2019992580 38 1 7 0
2019995344 46 1 4 0
2019996291 38 1 7 1
2019997634 38 1 7 0
2020000179 46 1 4 1
2020000668 45 1 4 1
2020002511 38 1 7 1
2020003869 45 1 4 0
2020004331 46 1 4 0
2020008728 38 1 7 0
2020009458 46 1 4 1
2020012980 45 1 4 1
2020014002 46 1 4 0
2020014277 38 1 7 1
2020015932 45 1 4 0
2020017557 38 1 7 0
2020019224 46 1 4 1
2020022169 38 1 7 1
2020023094 45 1 4 1
2020023776 46 1 4 0
2020026137 45 1 4 0
2020027714 38 1 7 0
2020028950 46 1 4 1
2020033579 38 1 7 1
2020033620 46 1 4 0
2020033884 45 1 4 1
2020037093 45 1 4 0
2020037697 38 1 7 0
2020038381 46 1 4 1
2020041732 38 1 7 1
2020042551 46 1 4 0
2020045271 45 1 4 1
2020045838 38 1 7 0
2020047021 46 1 4 1
2020048642 45 1 4 0
2020051423 46 1 4 0
2020051529 38 1 7 1
2020055385 45 1 4 1
2020055635 38 1 7 0
2020055662 46 1 4 1
2020058518 45 1 4 0
2020059235 38 1 7 1
2020059631 46 1 4 0
2020063756 38 1 7 0
2020064255 46 1 4 1
2020066862 45 1 4 1
2020069097 46 1 4 0
2020069136 38 1 7 1
2020070743 45 1 4 0
2020072566 38 1 7 0
2020074354 46 1 4 1
2020075604 45 1 4 1
2020077506 38 1 7 1
2020078943 46 1 4 0
2020078975 45 1 4 0
2020083075 38 1 7 0
2020083844 46 1 4 1
2020086868 45 1 4 1
2020088138 46 1 4 0
2020088656 38 1 7 1
2020089832 45 1 4 0
2020092422 38 1 7 0
2020092967 46 1 4 1
2020096263 38 1 7 1
2020097540 46 1 4 0
2020097781 45 1 4 1
2020100357 38 1 7 0
2020100824 45 1 4 0
2020102176 46 1 4 1
2020105866 38 1 7 1
2020106728 46 1 4 0
2020109635 45 1 4 1
2020111209 38 1 7 0
2020111301 46 1 4 1
2020113026 45 1 4 0
2020115220 38 1 7 1
2020115554 46 1 4 0
2020118306 38 1 7 0
2020119858 46 1 4 1
2020121228 45 1 4 1
2020123811 38 1 7 1
2020124283 45 1 4 0
2020124566 46 1 4 0
2020128976 38 1 7 0
2020129238 46 1 4 1
2020132813 38 1 7 1
2020132841 45 1 4 1
2020134256 46 1 4 0
2020135469 45 1 4 0
2020136986 38 1 7 0
2020138839 46 1 4 1
2020143033 38 1 7 1
2020144363 45 1 4 1
2020144511 46 1 4 0
2020147592 45 1 4 0
2020148965 46 1 4 1
2020149172 38 1 7 0
2020153116 38 1 7 1
2020154108 46 1 4 0
2020156332 45 1 4 1
2020157226 38 1 7 0
2020158313 46 1 4 1
2020159743 45 1 4 0
2020162613 38 1 7 1
2020162796 46 1 4 0
2020166387 38 1 7 0
2020166948 46 1 4 1
2020168756 45 1 4 1
2020170738 38 1 7 1
2020171700 46 1 4 0
2020171997 45 1 4 0
2020175785 38 1 7 0
2020176597 46 1 4 1
2020179488 45 1 4 1
2020181433 46 1 4 0
2020182176 38 1 7 1
2020182729 45 1 4 0
2020183610 38 1 7 0
2020185924 46 1 4 1
2020188599 45 1 4 1
2020188918 38 1 7 1
2020190826 46 1 4 0
2020191927 45 1 4 0
2020194720 38 1 7 0
2020195479 46 1 4 1
2020199265 45 1 4 1
2020200111 38 1 7 1
2020200251 46 1 4 0
2020202198 45 1 4 0
2020202727 38 1 7 0
2020204966 46 1 4 1
2020208913 46 1 4 0
2020209313 38 1 7 1
2020212958 38 1 7 0
2020215593 46 1 4 1
2020218804 46 1 4 0
2020230655 46 1 4 1
2020233452 46 1 4 0
2020250061 46 1 4 1
2020253701 46 1 4 0
2020262667 46 1 4 1
2020266024 46 1 4 0
2020274139 46 1 4 1
2020277035 46 1 4 0
2020286514 46 1 4 1
2020289443 46 1 4 0
2020298475 46 1 4 1
2020302809 46 1 4 0
2020309809 46 1 4 1
2020312554 46 1 4 0
2020318477 46 1 4 1
2020322552 46 1 4 0
2020328121 46 1 4 1
2020332550 46 1 4 0
2020338053 46 1 4 1
2020340845 38 1 7 1
2020342020 46 1 4 0
2020346679 38 1 7 0
2020347170 46 1 4 1
2020350655 38 1 7 1
2020351023 46 1 4 0
2020356426 38 1 7 0
2020356595 46 1 4 1
2020359200 38 1 7 1
2020360733 46 1 4 0
2020365610 46 1 4 1
2020369279 46 1 4 0
2020372650 38 1 7 0
2020374259 46 1 4 1
2020377092 38 1 7 1
2020377440 46 1 4 0
2020383017 46 1 4 1
2020386284 46 1 4 0
2020388264 38 1 7 0
2020392445 38 1 7 1
2020392503 46 1 4 1
2020395933 46 1 4 0
2020399919 38 1 7 0
2020402228 46 1 4 1
2020403416 38 1 7 1
2020405073 46 1 4 0
2020411703 46 1 4 1
2020414076 46 1 4 0
2020415767 38 1 7 0
2020419762 38 1 7 1
2020422256 46 1 4 1
2020424971 46 1 4 0
2020426927 38 1 7 0
2020432088 38 1 7 1
2020433369 38 1 7 0
2020440743 46 1 4 1
2020443899 46 1 4 0
2020444754 38 1 7 1
2020447160 38 1 7 0
2020457089 46 1 4 1
2020459765 46 1 4 0
2020469104 46 1 4 1
2020473168 46 1 4 0
2020483091 46 1 4 1
2020486789 46 1 4 0
2020493848 46 1 4 1
2020496880 46 1 4 0
2020496889 38 1 7 1
2020499682 38 1 7 0
2020505399 46 1 4 1
2020509340 46 1 4 0
2020516836 46 1 4 1
2020519861 46 1 4 0
2020524672 46 1 4 1
2020528205 46 1 4 0
2020534458 46 1 4 1
2020538163 46 1 4 0
2020541207 46 1 4 1
2020544482 46 1 4 0
2020549391 46 1 4 1
2020553941 46 1 4 0
2020559146 46 1 4 1
2020563945 46 1 4 0
2020568419 46 1 4 1
2020572470 46 1 4 0
2020577664 46 1 4 1
2020582279 46 1 4 0
2020586121 46 1 4 1
2020590953 46 1 4 0
2020596587 46 1 4 1
2020601759 46 1 4 0
2020606606 46 1 4 1
2020613317 46 1 4 0
2020618342 46 1 4 1
2020625198 46 1 4 0
2020631595 46 1 4 1
2020637594 46 1 4 0
2020643967 46 1 4 1
2020649069 46 1 4 0
2020658642 46 1 4 1
2020661470 46 1 4 0
2020668907 46 1 4 1
2020671629 46 1 4 0
2020683468 46 1 4 1
2020686506 46 1 4 0
2020695082 46 1 4 1
2020698014 46 1 4 0
2020705249 46 1 4 1
2020708150 46 1 4 0
2020716500 46 1 4 1
2020719445 46 1 4 0
2020727403 46 1 4 1
2020730768 46 1 4 0
2020740546 46 1 4 1
2020744561 46 1 4 0
2020752610 46 1 4 1
2020755672 46 1 4 0
2020761803 46 1 4 1
2020768749 46 1 4 0
2020775773 46 1 4 1
2020779434 46 1 4 0
2020785674 46 1 4 1
2020788901 46 1 4 0
2020794704 46 1 4 1
2020797621 46 1 4 0
2020804157 46 1 4 1
2020807172 46 1 4 0
2020837076 43 1 2 1
2020843104 43 1 2 0
2020847179 43 1 2 1
2020852768 43 1 2 0
2020856610 43 1 2 1
2020862223 43 1 2 0
2020865622 43 1 2 1
2020872903 43 1 2 0
2020876365 43 1 2 1
2020883207 43 1 2 0
2020886756 43 1 2 1
2020893843 43 1 2 0
2020897309 43 1 2 1
2020903301 43 1 2 0
2020906763 43 1 2 1
2020912419 43 1 2 0
2020916561 43 1 2 1
2020922296 43 1 2 0
2020925999 43 1 2 1
2020933083 43 1 2 0
2020936047 43 1 2 1
2020944976 43 1 2 0
2020947927 43 1 2 1
2020956750 43 1 2 0
2020960058 43 1 2 1
2020966480 43 1 2 0
2020970203 43 1 2 1
2020976554 43 1 2 0
2020980285 43 1 2 1
2020986359 43 1 2 0
2020990086 43 1 2 1
2020995629 43 1 2 0
2020999783 43 1 2 1
2021000860 42 1 2 1
2021004700 43 1 2 0
2021005467 42 1 2 0
2021008863 43 1 2 1
2021010127 42 1 2 1
2021014043 43 1 2 0
2021015027 42 1 2 0
2021018296 43 1 2 1
2021019299 42 1 2 1
2021023402 43 1 2 0
2021023492 42 1 2 0
2021027392 43 1 2 1
2021028345 42 1 2 1
2021033314 43 1 2 0
2021033436 42 1 2 0
2021036858 42 1 2 1
2021037049 43 1 2 1
2021043040 43 1 2 0
2021043554 42 1 2 0
2021046599 43 1 2 1
2021047922 42 1 2 1
2021052082 43 1 2 0
2021052517 42 1 2 0
2021055987 43 1 2 1
2021056591 42 1 2 1
2021060879 42 1 2 0
2021061219 43 1 2 0
2021065453 43 1 2 1
2021065981 42 1 2 1
2021070116 42 1 2 0
2021070452 43 1 2 0
2021074702 43 1 2 1
2021075554 42 1 2 1
2021079692 43 1 2 0
2021080028 42 1 2 0
2021083983 43 1 2 1
2021085051 42 1 2 1
2021088746 43 1 2 0
2021089090 42 1 2 0
2021092900 43 1 2 1
2021094354 42 1 2 1
2021098139 43 1 2 0
2021098492 42 1 2 0
2021102293 43 1 2 1
2021103511 42 1 2 1
2021107139 43 1 2 0
2021107570 42 1 2 0
2021111388 43 1 2 1
2021112834 42 1 2 1
2021116613 43 1 2 0
2021116700 42 1 2 0
2021121068 43 1 2 1
2021121889 42 1 2 1
2021125985 43 1 2 0
2021126511 42 1 2 0
2021130142 43 1 2 1
2021131700 42 1 2 1
2021134873 43 1 2 0
2021135659 42 1 2 0
2021139165 43 1 2 1
2021140386 42 1 2 1
2021143980 43 1 2 0
2021144486 42 1 2 0
2021148296 43 1 2 1
2021148960 42 1 2 1
2021152724 42 1 2 0
2021153218 43 1 2 0
2021157183 43 1 2 1
2021157538 42 1 2 1
2021161899 42 1 2 0
2021162694 43 1 2 0
2021166770 43 1 2 1
2021167294 42 1 2 1
2021171821 42 1 2 0
2021172406 43 1 2 0
2021176824 43 1 2 1
2021179952 42 1 2 1
2021181818 43 1 2 0
2021183300 42 1 2 0
2021186152 43 1 2 1
2021191143 43 1 2 0
2021191570 42 1 2 1
2021195028 42 1 2 0
2021195539 43 1 2 1
2021200478 43 1 2 0
2021204932 43 1 2 1
2021206525 42 1 2 1
2021209591 43 1 2 0
2021209859 42 1 2 0
2021213973 43 1 2 1
2021219166 43 1 2 0
2021223167 42 1 2 1
2021223419 43 1 2 1
2021226012 42 1 2 0
2021227880 43 1 2 0
2021232893 43 1 2 1
2021237651 43 1 2 0
2021241831 43 1 2 1
2021245005 42 1 2 1
2021247196 43 1 2 0
2021247880 42 1 2 0
2021251611 43 1 2 1
2021257760 43 1 2 0
2021257905 42 1 2 1
2021261480 42 1 2 0
2021262070 43 1 2 1
2021267459 43 1 2 0
2021271504 43 1 2 1
2021271762 42 1 2 1
2021274637 42 1 2 0
2021276427 43 1 2 0
2021280523 43 1 2 1
2021285624 43 1 2 0
2021294197 43 1 2 1
2021294465 43 1 2 0
2021320396 42 1 2 1
2021320487 42 1 2 0
2021333296 42 1 2 1
2021333470 42 1 2 0
2021333735 42 1 2 1
2021334518 42 1 2 0
2021334692 42 1 2 1
2021336001 42 1 2 0
2021350728 42 1 2 1
2021351693 42 1 2 0
2021351954 42 1 2 1
2021353429 42 1 2 0
2021362584 42 1 2 1
2021365111 42 1 2 0
2021374092 42 1 2 1
2021374436 42 1 2 0
2021374701 42 1 2 1
2021376354 42 1 2 0
2021387866 42 1 2 1
2021390302 42 1 2 0
2021405179 42 1 2 1
2021408574 42 1 2 0
2021448360 42 1 2 1
2021450887 42 1 2 0
2021583213 42 1 2 1
2021586262 42 1 2 0
2021759542 42 1 2 1
2021760166 42 1 2 0
2021770617 42 1 2 1
2021770707 42 1 2 0
2021790863 42 1 2 1
2021793236 42 1 2 0
2023281710 41 1 3 1
2023286047 41 1 3 0
2023291458 41 1 3 1
2023295783 41 1 3 0
2023300842 41 1 3 1
2023304789 41 1 3 0
2023309926 41 1 3 1
2023314235 41 1 3 0
2023319053 41 1 3 1
2023320262 43 1 3 1
2023322197 41 1 3 0
2023332692 41 1 3 1
2023335611 41 1 3 0
2023339929 43 1 3 0
2023341183 41 1 3 1
2023343611 43 1 3 1
2023345189 41 1 3 0
2023350592 41 1 3 1
2023351772 43 1 3 0
2023355368 41 1 3 0
2023355597 43 1 3 1
2023358564 25 0 1 1
2023360004 41 1 3 1
2023361600 43 1 3 0
2023362269 25 0 1 0
2023365120 41 1 3 0
2023366006 43 1 3 1
2023367262 25 0 1 1
2023369300 41 1 3 1
2023370964 25 0 1 0
2023372167 43 1 3 0
2023374520 41 1 3 0
2023376130 25 0 1 1
2023376577 43 1 3 1
2023378733 41 1 3 1
2023379867 25 0 1 0
2023383319 43 1 3 0
2023383671 41 1 3 0
2023385915 25 0 1 1
2023387393 43 1 3 1
2023387959 41 1 3 1
2023389565 25 0 1 0
2023392890 43 1 3 0
2023393233 41 1 3 0
2023395737 25 0 1 1
2023396968 43 1 3 1
2023397496 41 1 3 1
2023399243 25 0 1 0
2023402633 41 1 3 0
2023402710 43 1 3 0
2023406639 41 1 3 1
2023406765 25 0 1 1
2023406788 43 1 3 1
2023410162 25 0 1 0
2023411340 41 1 3 0
2023412285 43 1 3 0
2023415339 41 1 3 1
2023416031 43 1 3 1
2023416997 25 0 1 1
2023419974 41 1 3 0
2023420323 25 0 1 0
2023420611 43 1 3 0
2023423851 41 1 3 1
2023425021 43 1 3 1
2023428451 41 1 3 0
2023429427 43 1 3 0
2023430028 25 0 1 1
2023433017 25 0 1 0
2023433458 41 1 3 1
2023434418 43 1 3 1
2023437843 41 1 3 0
2023438749 43 1 3 0
2023442843 41 1 3 1
2023443693 25 0 1 1
2023444080 43 1 3 1
2023447373 41 1 3 0
2023447625 25 0 1 0
2023449166 43 1 3 0
2023451582 41 1 3 1
2023453327 43 1 3 1
2023457235 41 1 3 0
2023458488 43 1 3 0
2023461617 41 1 3 1
2023462894 43 1 3 1
2023466991 41 1 3 0
2023467358 25 0 1 1
2023468225 43 1 3 0
2023469806 25 0 1 0
2023470979 41 1 3 1
2023472797 43 1 3 1
2023475668 41 1 3 0
2023477630 43 1 3 0
2023480229 41 1 3 1
2023481707 43 1 3 1
2023485672 41 1 3 0
2023487130 43 1 3 0
2023489469 41 1 3 1
2023490959 43 1 3 1
2023495421 41 1 3 0
2023496713 43 1 3 0
2023499891 41 1 3 1
2023500803 43 1 3 1
2023502713 25 0 1 1
2023504813 41 1 3 0
2023505235 25 0 1 0
2023506917 43 1 3 0
2023509587 41 1 3 1
2023510426 43 1 3 1
2023514486 41 1 3 0
2023515544 43 1 3 0
2023518624 41 1 3 1
2023519543 43 1 3 1
2023522842 41 1 3 0
2023524918 43 1 3 0
2023527134 41 1 3 1
2023531503 41 1 3 0
2023536060 41 1 3 1
2023538804 25 0 1 1
2023539637 41 1 3 0
2023542550 25 0 1 0
2023545249 41 1 3 1
2023548394 25 0 1 1
2023548827 41 1 3 0
2023552116 25 0 1 0
2023554426 41 1 3 1
2023558684 25 0 1 1
2023558819 41 1 3 0
2023562044 25 0 1 0
2023562751 41 1 3 1
2023568282 25 0 1 1
2023568514 41 1 3 0
2023572013 25 0 1 0
2023572412 41 1 3 1
2023577713 25 0 1 1
2023577967 41 1 3 0
2023581261 25 0 1 0
2023582146 41 1 3 1
2023587002 25 0 1 1
2023588468 41 1 3 0
2023590542 25 0 1 0
2023592022 41 1 3 1
2023597053 25 0 1 1
2023597660 41 1 3 0
2023600696 25 0 1 0
2023601550 41 1 3 1
2023606832 25 0 1 1
2023607026 41 1 3 0
2023610585 25 0 1 0
2023610750 41 1 3 1
2023616720 41 1 3 0
2023616805 25 0 1 1
2023620527 41 1 3 1
2023620767 25 0 1 0
2023626058 41 1 3 0
2023627196 25 0 1 1
2023629596 41 1 3 1
2023630637 25 0 1 0
2023635550 41 1 3 0
2023636588 25 0 1 1
2023639262 41 1 3 1
2023640048 25 0 1 0
2023645817 41 1 3 0
2023646575 25 0 1 1
2023649287 38 1 7 1
2023649711 41 1 3 1
2023655068 41 1 3 0
2023658038 38 1 7 0
2023659121 25 0 1 0
2023659571 41 1 3 1
2023661272 38 1 7 1
2023663343 25 0 1 1
2023664342 41 1 3 0
2023668702 38 1 7 0
2023668787 41 1 3 1
2023671888 38 1 7 1
2023673729 41 1 3 0
2023678580 41 1 3 1
2023679550 38 1 7 0
2023680889 25 0 1 0
2023682732 38 1 7 1
2023683422 41 1 3 0
2023685455 25 0 1 1
2023687062 41 1 3 1
2023690552 38 1 7 0
2023692679 41 1 3 0
2023693647 38 1 7 1
2023694647 25 0 1 0
2023696564 41 1 3 1
2023697315 25 0 1 1
2023702527 41 1 3 0
2023706507 41 1 3 1
2023707149 38 1 7 0
2023709900 38 1 7 1
2023710813 25 0 1 0
2023711827 41 1 3 0
2023713277 25 0 1 1
2023717096 41 1 3 1
2023722872 41 1 3 0
2023724146 38 1 7 0
2023726668 38 1 7 1
2023727642 41 1 3 1
2023732796 41 1 3 0
2023737140 41 1 3 1
2023741949 41 1 3 0
2023743620 38 1 7 0
2023745108 25 0 1 0
2023745945 41 1 3 1
2023746407 38 1 7 1
2023750008 41 1 3 0
2023751762 25 0 1 1
2023754165 41 1 3 1
2023758866 41 1 3 0
2023759875 38 1 7 0
2023762978 25 0 1 0
2023763706 38 1 7 1
2023763740 41 1 3 1
2023767920 25 0 1 1
2023769381 41 1 3 0
2023769443 38 1 7 0
2023772546 25 0 1 0
2023773361 38 1 7 1
2023774154 41 1 3 1
2023778904 38 1 7 0
2023778906 41 1 3 0
2023782644 38 1 7 1
2023784061 41 1 3 1
2023788539 41 1 3 0
2023788749 38 1 7 0
2023792493 38 1 7 1
2023793785 41 1 3 1
2023797756 41 1 3 0
2023799104 38 1 7 0
2023802793 38 1 7 1
2023804244 41 1 3 1
2023808372 41 1 3 0
2023809432 38 1 7 0
2023813271 38 1 7 1
2023815216 41 1 3 1
2023819522 38 1 7 0
2023819899 41 1 3 0
2023823511 38 1 7 1
2023826253 41 1 3 1
2023829407 38 1 7 0
2023830426 41 1 3 0
2023833475 38 1 7 1
2023837046 41 1 3 1
2023839061 38 1 7 0
2023841139 41 1 3 0
2023843243 38 1 7 1
2023848227 41 1 3 1
2023849453 38 1 7 0
2023851663 41 1 3 0
2023853354 38 1 7 1
2023859107 38 1 7 0
2023859539 41 1 3 1
2023862258 41 1 3 0
2023862783 38 1 7 1
2023868566 38 1 7 0
2023870534 41 1 3 1
2023872309 38 1 7 1
2023873740 41 1 3 0
2023878424 38 1 7 0
2023881919 38 1 7 1
2023883540 41 1 3 1
2023886025 41 1 3 0
2023886777 27 0 1 1
2023887751 38 1 7 0
2023891491 38 1 7 1
2023898051 38 1 7 0
2023899720 27 0 1 0
2023901194 38 1 7 1
2023905666 27 0 1 1
2023908038 38 1 7 0
2023911572 38 1 7 1
2023920611 38 1 7 0
2023923041 27 0 1 0
2023923738 38 1 7 1
2023927503 27 0 1 1
2023932045 38 1 7 0
2023934198 27 0 1 0
2023935227 38 1 7 1
2023942822 38 1 7 0
2023946708 38 1 7 1
2023953053 38 1 7 0
2023957010 38 1 7 1
2023963280 38 1 7 0
2023966586 41 1 3 1
2023967055 38 1 7 1
2023971782 41 1 3 0
2023972479 38 1 7 0
2023976092 38 1 7 1
2023978523 41 1 3 1
2023981611 38 1 7 0
2023984262 41 1 3 0
2023985125 38 1 7 1
2023990802 38 1 7 0
2023994664 38 1 7 1
2024000096 38 1 7 0
2024003958 38 1 7 1
2024009623 38 1 7 0
2024013999 38 1 7 1
2024018822 38 1 7 0
2024018960 27 0 1 1
2024020355 27 0 1 0
2024023809 38 1 7 1
2024028304 38 1 7 0
2024033565 38 1 7 1
2024037715 38 1 7 0
2024042624 38 1 7 1
2024046911 38 1 7 0
2024051967 38 1 7 1
2024056106 38 1 7 0
2024061301 38 1 7 1
2024065626 38 1 7 0
2024070718 38 1 7 1
2024075110 38 1 7 0
2024076061 27 0 1 1
2024077041 27 0 1 0
2024080447 38 1 7 1
2024085452 38 1 7 0
2024089761 38 1 7 1
2024095185 38 1 7 0
2024099652 38 1 7 1
2024104985 38 1 7 0
2024109108 38 1 7 1
2024114376 38 1 7 0
2024118068 38 1 7 1
2024123947 27 0 1 1
2024124516 38 1 7 0
2024126391 27 0 1 0
2024128042 38 1 7 1
2024134478 38 1 7 0
2024138205 38 1 7 1
2024144736 38 1 7 0
2024149120 38 1 7 1
2024154342 38 1 7 0
2024158389 38 1 7 1
2024163191 38 1 7 0
2024167566 38 1 7 1
2024172629 38 1 7 0
2024176870 38 1 7 1
2024182024 38 1 7 0
2024186399 38 1 7 1
2024191367 38 1 7 0
2024195829 38 1 7 1
2024200896 38 1 7 0
2024205627 38 1 7 1
2024210603 38 1 7 0
2024215251 38 1 7 1
2024219543 38 1 7 0
2024224072 38 1 7 1
2024228194 38 1 7 0
2024233332 38 1 7 1
2024237541 38 1 7 0
2024242683 38 1 7 1
2024246983 38 1 7 0
2024251781 38 1 7 1
2024255737 38 1 7 0
2024260215 38 1 7 1
2024274288 38 1 7 0
2024278055 38 1 7 1
2024291715 38 1 7 0
2024295114 38 1 7 1
2024309470 38 1 7 0
2024311983 38 1 7 1
2024325473 38 1 7 0
2024327895 38 1 7 1
2024361651 38 1 7 0
2024365550 38 1 7 1
2024390864 38 1 7 0
2024395710 38 1 7 1
2024416852 38 1 7 0
2024420174 38 1 7 1
2024435902 38 1 7 0
2024438589 38 1 7 1
2024450940 38 1 7 0
2024454311 38 1 7 1
2024467467 38 1 7 0
2024471038 38 1 7 1
2024485386 38 1 7 0
2024489000 38 1 7 1
2024502488 38 1 7 0
2024506417 38 1 7 1
2024515245 38 1 7 0
2024519411 38 1 7 1
2024521677 24 0 1 1
2024529174 38 1 7 0
2024532387 38 1 7 1
2024532852 24 0 1 0
2024535707 24 0 1 1
2024540892 38 1 7 0
2024544295 38 1 7 1
2024554633 38 1 7 0
2024556741 24 0 1 0
2024557664 38 1 7 1
2024559892 24 0 1 1
2024566868 38 1 7 0
2024570083 38 1 7 1
2024578560 38 1 7 0
2024582026 38 1 7 1
2024591666 38 1 7 0
2024594871 38 1 7 1
2024604198 38 1 7 0
2024607832 38 1 7 1
2024611320 24 0 1 0
2024615234 24 0 1 1
2024617516 38 1 7 0
2024620543 38 1 7 1
2024629958 38 1 7 0
2024633325 38 1 7 1
2024648284 38 1 7 0
2024651394 38 1 7 1
2024664153 38 1 7 0
2024667449 38 1 7 1
2024676814 38 1 7 0
2024680533 38 1 7 1
2024688613 38 1 7 0
2024692435 38 1 7 1
2024701860 38 1 7 0
2024705160 38 1 7 1
2024712512 38 1 7 0
2024716164 38 1 7 1
2024725062 38 1 7 0
2024728192 38 1 7 1
2024734332 38 1 7 0
2024737972 38 1 7 1
2024744126 38 1 7 0
2024747588 38 1 7 1
2024753343 38 1 7 0
2024757316 38 1 7 1
2024762821 38 1 7 0
2024767789 38 1 7 1
2024774351 38 1 7 0
2024779240 38 1 7 1
2024786063 38 1 7 0
2024790936 38 1 7 1
2024798196 38 1 7 0
2024803235 38 1 7 1
2024809730 38 1 7 0
2024815299 38 1 7 1
2024821939 38 1 7 0
2024827334 38 1 7 1
2024834104 38 1 7 0
2024838819 38 1 7 1
2024846162 38 1 7 0
2024851205 38 1 7 1
2024857955 38 1 7 0
2024862587 38 1 7 1
2024870724 38 1 7 0
2024874696 38 1 7 1
2024882971 38 1 7 0
2024887263 38 1 7 1
2024900328 38 1 7 0
2024904695 38 1 7 1
2024917314 38 1 7 0
2024921855 38 1 7 1
2024935375 38 1 7 0
2024940426 38 1 7 1
2024953302 38 1 7 0
2024958270 38 1 7 1
2024969281 38 1 7 0
2024974079 38 1 7 1
2024985389 38 1 7 0
2024990357 38 1 7 1
2025001252 38 1 7 0
2025006604 38 1 7 1
2025017949 38 1 7 0
2025023130 38 1 7 1
2025034551 38 1 7 0
2025039566 38 1 7 1
2025049734 38 1 7 0
2025054662 38 1 7 1
2025064015 38 1 7 0
2025069692 24 0 1 0
2025072725 38 1 7 1
2025079900 38 1 7 0
2025087388 38 1 7 1
2025095827 38 1 7 0
2025102741 38 1 7 1
2025110668 38 1 7 0
2025119139 38 1 7 1
2025126938 38 1 7 0
2025133310 38 1 7 1
2025133396 38 1 7 0
2025133823 38 1 7 1
2025152491 38 1 7 0
2025160248 38 1 7 1
2025176286 38 1 7 0
2025183145 38 1 7 1
2025199693 38 1 7 0
2025205766 38 1 7 1
2025208093 24 0 1 1
2025220692 38 1 7 0
2025226540 38 1 7 1
2025226990 24 0 1 0
2025229906 24 0 1 1
2025257430 38 1 7 0
2025265389 24 0 1 0
2025268089 38 1 7 1
2025270396 24 0 1 1
2025277324 38 1 7 0
2025282817 24 0 1 0
2025285845 38 1 7 1
2025287770 24 0 1 1
2025306444 38 1 7 0
2025313813 38 1 7 1
2025333475 38 1 7 0
2025341048 38 1 7 1
2025351373 38 1 7 0
2025357594 38 1 7 1
2025369338 38 1 7 0
2025376069 38 1 7 1
2025385975 38 1 7 0
2025393971 38 1 7 1
2025400954 38 1 7 0
2025407762 38 1 7 1
2025412859 38 1 7 0
2025417141 24 0 1 0
2025419731 38 1 7 1
2025421753 24 0 1 1
2025432715 38 1 7 0
2025439610 38 1 7 1
2025449802 38 1 7 0
2025453716 24 0 1 0
2025459188 38 1 7 1
2025461603 24 0 1 1
2025468354 38 1 7 0
2025471200 24 0 1 0
2025478746 38 1 7 1
2025482499 38 1 7 0
2025637179 26 0 1 1
2025726027 26 0 1 0
2025728603 26 0 1 1
2025772656 26 0 1 0
2025925956 25 0 1 1
2026017280 25 0 1 0
2029418685 40 1 4 1
2029423719 40 1 4 0
2029426718 40 1 4 1
2029437577 40 1 4 0
2029441074 40 1 4 1
2029450827 40 1 4 0
2029454075 40 1 4 1
2029462922 40 1 4 0
2029466170 40 1 4 1
2029474266 40 1 4 0
2029477514 40 1 4 1
2029487278 40 1 4 0
2029490443 40 1 4 1
2029500136 40 1 4 0
2029502803 40 1 4 1
2029513176 40 1 4 0
2029516424 40 1 4 1
2029525500 40 1 4 0
2029528333 40 1 4 1
2029536943 40 1 4 0
2029539776 40 1 4 1
2029551224 40 1 4 0
2029553974 40 1 4 1
2029562754 40 1 4 0
2029566915 40 1 4 1
2029572193 40 1 4 0
2029577433 40 1 4 1
2029582217 40 1 4 0
2029588038 40 1 4 1
2029592237 40 1 4 0
2029598722 40 1 4 1
2029601803 40 1 4 0
2030813071 42 1 3 1
2030817657 42 1 3 0
2030822156 42 1 3 1
2030826655 42 1 3 0
2030831498 42 1 3 1
2030835574 42 1 3 0
2030840346 42 1 3 1
2030844861 42 1 3 0
2030849625 42 1 3 1
2030853966 42 1 3 0
2030858999 42 1 3 1
2030863593 42 1 3 0
2030868531 42 1 3 1
2030872955 42 1 3 0
2030877806 42 1 3 1
2030882313 42 1 3 0
2030887073 42 1 3 1
2030891489 42 1 3 0
2030896253 42 1 3 1
2030900578 42 1 3 0
2030905346 42 1 3 1
2030909505 42 1 3 0
2030914016 42 1 3 1
2030918432 42 1 3 0
2030923362 42 1 3 1
2030927873 42 1 3 0
2030932716 42 1 3 1
2030936974 42 1 3 0
2030941920 42 1 3 1
2030946415 42 1 3 0
2030951108 42 1 3 1
2030955346 42 1 3 0
2030960114 42 1 3 1
2030964522 42 1 3 0
2030969468 42 1 3 1
2030973892 42 1 3 0
2030978490 42 1 3 1
2030982732 42 1 3 0
2030987579 42 1 3 1
2030991916 42 1 3 0
2030996684 42 1 3 1
2031000938 42 1 3 0
2031006406 42 1 3 1
2031010229 42 1 3 0
2031016049 42 1 3 1
2031019872 42 1 3 0
2031025514 42 1 3 1
2031029325 42 1 3 0
2031035904 42 1 3 1
2031039458 42 1 3 0
2031045867 42 1 3 1
2031049172 42 1 3 0
2031055850 42 1 3 1
2031059226 42 1 3 0
2031066268 42 1 3 1
2031069822 42 1 3 0
2031077030 42 1 3 1
2031080418 42 1 3 0
2031087614 42 1 3 1
2031090994 42 1 3 0
2031098012 42 1 3 1
2031101392 42 1 3 0
2031108414 42 1 3 1
2031111794 42 1 3 0
2031118903 42 1 3 1
2031122283 42 1 3 0
2031129483 42 1 3 1
2031132776 42 1 3 0
2031140399 42 1 3 1
2031143696 42 1 3 0
2031151683 42 1 3 1
2031154727 42 1 3 0
2031162449 42 1 3 1
2031165485 42 1 3 0
2031173895 42 1 3 1
2031177279 42 1 3 0
2031185220 42 1 3 1
2031188646 42 1 3 0
2031195409 42 1 3 1
2031198706 42 1 3 0
2031205714 42 1 3 1
2031209177 42 1 3 0
2031216181 42 1 3 1
2031219485 42 1 3 0
2031226875 42 1 3 1
2031230530 42 1 3 0
2031237966 42 1 3 1
2031241335 42 1 3 0
2031248236 42 1 3 1
2031251385 42 1 3 0
2031257989 42 1 3 1
2031261521 42 1 3 0
2031267659 42 1 3 1
2031271404 42 1 3 0
2031276877 42 1 3 1
2031281720 42 1 3 0
2031285921 42 1 3 1
2031290209 42 1 3 0
2031294746 42 1 3 1
2031298742 42 1 3 0
2031303192 42 1 3 1
2031306924 42 1 3 0
2031311382 42 1 3 1
2031315179 42 1 3 0
2031319899 42 1 3 1
2031324118 42 1 3 0
2031328643 42 1 3 1
2031332895 42 1 3 0
2031337416 42 1 3 1
2031341490 42 1 3 0
2031345936 42 1 3 1
2031350116 42 1 3 0
2031354558 42 1 3 1
2031358518 42 1 3 0
2031362956 42 1 3 1
2031367362 42 1 3 0
2031371642 42 1 3 1
2031375550 42 1 3 0
2031380245 42 1 3 1
2031384659 42 1 3 0
2031389097 42 1 3 1
2031393337 42 1 3 0
2031397996 42 1 3 1
2031402365 42 1 3 0
2031406799 42 1 3 1
2031411127 42 1 3 0
2031415565 42 1 3 1
2031419545 42 1 3 0
2031424315 42 1 3 1
2031428754 42 1 3 0
2031433105 42 1 3 1
2031437299 42 1 3 0
2031441820 42 1 3 1
2031445852 42 1 3 0
2031450361 42 1 3 1
2031452714 42 1 3 0
2033589790 42 1 4 1
2033594777 42 1 4 0
2033597634 42 1 4 1
2033609399 42 1 4 0
2033612256 42 1 4 1
2033624270 42 1 4 0
2033627032 42 1 4 1
2033639145 42 1 4 0
2033641832 42 1 4 1
2033654862 42 1 4 0
2033657636 42 1 4 1
2033671919 42 1 4 0
2033674689 42 1 4 1
2033684944 42 1 4 0
2033687797 42 1 4 1
2033697048 42 1 4 0
2033700158 42 1 4 1
2033708729 42 1 4 0
2033711681 42 1 4 1
2033720240 42 1 4 0
2033723358 42 1 4 1
2033731332 42 1 4 0
2033734454 42 1 4 1
2033742511 42 1 4 0
2033745890 42 1 4 1
2033753603 42 1 4 0
2033756985 42 1 4 1
2033764189 42 1 4 0
2033767655 42 1 4 1
2033774356 42 1 4 0
2033778079 42 1 4 1
2033784527 42 1 4 0
2033788167 42 1 4 1
2033794271 42 1 4 0
2033797820 42 1 4 1
2033804102 42 1 4 0
2033807904 42 1 4 1
2033813933 42 1 4 0
2033817565 42 1 4 1
2033823345 42 1 4 0
2033826973 42 1 4 1
2033832508 42 1 4 0
2033836140 42 1 4 1
2033841410 42 1 4 0
2033845220 42 1 4 1
2033850826 42 1 4 0
2033855233 42 1 4 1
2033860634 42 1 4 0
2033864788 42 1 4 1
2033870106 42 1 4 0
2033874252 42 1 4 1
2033879404 42 1 4 0
2033883376 42 1 4 1
2033888275 42 1 4 0
