0b001401 0b001601 10000 100 1372 2000052607 4207 4277 1
0b001b01 0b001601 10000 100 40410 2000046981 11621 11710 0
0b000001 0b000b01 10000 100 17643 2000072668 9731 9800 2
0b001301 0b001201 10000 100 31026 2000084868 6669 6764 4
0b001501 0b001601 10000 100 155 2000111978 4040 4176 5
0b000301 0b000b01 10000 100 7228 2000137919 8868 8928 7
0b001801 0b001001 10000 100 4334 2000207413 9000 8685 12
0b001701 0b001b01 10000 100 1355363 2000113718 144794 121956 6
0b001701 0b001501 10000 100 62813 2000265929 9601 9426 17
0b000c01 0b000301 10000 100 876732 2000238854 81035 81826 15
0b000101 0b000c01 10000 100 27220 2000453665 10527 10605 28
0b001501 0b001f01 10000 100 8101 2000484263 9013 9002 30
0b001e01 0b001701 10000 100 3232298 2000226361 277478 279318 13
0b001b01 0b001c01 10000 100 1824781 2000353265 159723 161310 21
0b001101 0b001e01 10000 100 16179 2000571198 9611 9679 37
0b000301 0b000201 10000 100 55821 2000581123 13390 8840 39
0b001d01 0b001001 10000 100 43662 2000591967 11890 11981 40
0b001d01 0b001601 10000 100 21888 2000604596 10082 10155 42
0b000801 0b000701 10000 100 3453594 2000322124 298238 297870 20
0b001201 0b001b01 10000 100 4536 2000678874 8643 8702 46
0b000801 0b000f01 10000 100 26972 2000693005 10525 10581 47
0b000801 0b000a01 10000 100 23937 2000706325 6082 6167 48
0b001701 0b001401 10000 100 38655 2000720562 7352 7402 50
0b000701 0b000801 10000 100 838678 2000302326 426923 78636 19
0b000d01 0b000f01 10000 100 145335 2000757981 16156 16347 54
0b000a01 0b000501 10000 100 9163 2000884720 10521 9091 59
0b000001 0b000c01 10000 100 1120585 2000806226 101575 102271 57
0b000b01 0b000901 10000 100 4156111 2000578038 349051 352611 38
0b000801 0b000001 10000 100 146312 2000906581 21241 20589 60
0b001d01 0b001001 10001 100 20775 2000972886 11785 10062 66
0b001401 0b001901 10000 100 23576 2000962263 23761 10298 63
0b000b01 0b000601 10000 100 27929 2001003449 12917 10661 69
0b000701 0b000801 10001 100 5635 2001131262 9032 8793 74
0b001401 0b001601 10001 100 8712 2001143936 4815 4891 76
0b000e01 0b000401 10000 100 1273 2001252051 8794 8429 80
0b000c01 0b000201 10000 100 40085 2001308787 14879 11684 83
0b001a01 0b001e01 10000 100 71397 2001361334 14193 14308 85
0b001201 0b001901 10000 100 8544244 2000727638 738084 724672 51
0b000601 0b000201 10001 100 3115218 2000962808 562041 269502 64
0b000e01 0b000001 10000 100 8075 2001462635 66071 9000 90
0b000801 0b000a01 10001 100 3480 2001614475 4382 4453 97
0b000c01 0b000601 10000 100 7193 2001609935 8929 8926 96
0b001e01 0b001b01 10000 100 1444 2001638328 8464 8443 99
0b001301 0b001501 10000 100 4133 2001646692 8777 8669 101
0b001701 0b001901 10000 100 1680 2001681429 8715 8462 102
0b000701 0b000201 10000 100 29190 2001817412 12159 10770 109
0b001001 0b001e01 10000 100 137146 2001847748 19729 19821 113
0b001701 0b001f01 10000 100 39275 2001987267 11527 11615 123
0b000d01 0b000201 10001 100 32313 2002069280 11927 11031 128
0b000d01 0b000201 10000 100 51715 2001824801 272076 12656 111
0b000701 0b000001 10000 100 187571 2002062265 36961 24047 127
0b001b01 0b001101 10000 100 1763178 2001798003 305511 156148 107
0b001901 0b001001 10000 100 25203 2002178795 10497 10436 137
0b000e01 0b000c01 10000 100 2491596 2001775449 422929 213056 105
0b000601 0b000201 10000 100 8251791 2000241068 2008735 700150 16
0b001d01 0b001f01 10000 100 2067288 2002075984 175678 177484 130
0b000e01 0b000f01 10000 100 49690 2002357685 12370 8327 144
0b000d01 0b000c01 10000 100 1955 2002369995 4254 4324 145
0b001601 0b001301 10000 100 1126 2002385134 10986 8417 146
0b000d01 0b000601 10000 100 23386 2002164944 269968 10283 136
0b000401 0b000701 10000 100 9923 2002561846 5731 4992 155
0b001101 0b001a01 10000 100 62160 2002563567 13427 13534 156
0b000f01 0b000101 10000 100 3852496 2001056500 1562184 331315 72
0b000301 0b000101 10000 100 4489 2002583754 38608 4538 157
0b000301 0b000001 10000 100 57076 2002636476 13620 8948 159
0b001e01 0b001c01 10000 100 46855 2002742072 9824 8088 168
0b001f01 0b001001 10000 100 2436714 2002533351 232748 212615 152
0b001401 0b001e01 10000 100 70119 2002772322 16973 14202 170
0b000901 0b000801 10000 100 7642353 2002001794 811546 644897 125
0b001801 0b001d01 10000 100 2572 2002819882 8774 8537 177
0b001b01 0b001901 10000 100 9244946 2001487217 1348622 779256 91
0b001001 0b001801 10000 100 48697 2002928213 12428 12403 184
0b001601 0b001401 10000 100 47694 2002972407 15830 8159 186
0b000701 0b000001 10001 100 4697 2003000839 8769 8714 189
0b000601 0b000501 10000 100 5736 2003076060 4976 4641 193
0b001201 0b001901 10001 100 2541 2003117582 8539 8534 195
0b000c01 0b000e01 10000 100 21316 2003150910 7830 5949 198
0b000f01 0b000501 10000 100 30141 2003159732 10894 10850 199
0b000e01 0b000b01 10000 100 1868738 2002640041 597417 164996 160
0b001901 0b001801 10000 100 361101 2003262992 34065 34438 207
0b000201 0b000301 10000 100 2666980 2002069636 1258822 227759 129
0b001201 0b001e01 10000 100 1807392 2002128393 1200998 159854 133
0b000501 0b000d01 10000 100 18003 2003318660 12855 9833 212
0b000101 0b000201 10000 100 70488 2003325181 10052 10071 214
0b000601 0b000001 10000 100 1315534 2003248092 122838 118616 205
0b000b01 0b000701 10000 100 59594 2003359602 36465 13317 216
0b001101 0b001f01 10000 100 5295 2003408540 8755 8766 221
0b000301 0b000d01 10000 100 50443 2003400944 22020 12551 220
0b000d01 0b000201 10002 100 20150 2003028093 399488 10012 190
0b000b01 0b000e01 10000 100 2550165 2003235994 228851 222129 203
0b001a01 0b001801 10000 100 1675752 2003336442 143451 144656 215
0b001f01 0b001e01 10000 100 40529 2003528338 7468 7559 227
0b001201 0b001701 10000 100 38791 2003618220 16912 11573 230
0b001201 0b001c01 10000 100 3494799 2002473004 1172287 301324 149
0b001301 0b001801 10000 100 1489855 2003550975 163487 133230 228
0b001501 0b001d01 10000 100 276 2003739422 8116 8345 236
0b000001 0b000401 10000 100 55140 2003736266 14098 12946 235
0b001e01 0b001d01 10000 100 13761 2003749015 5234 5314 239
0b000401 0b000e01 10000 100 35368 2003747290 11203 11287 238
0b001701 0b001c01 10000 100 25502 2003749303 11219 10460 240
0b001e01 0b001201 10000 100 69492 2003763664 19672 14148 241
0b000b01 0b000601 10001 100 108382 2003783626 17761 17409 243
0b000201 0b000401 10000 100 27465 2003805795 10630 10624 245
0b000501 0b000201 10000 100 23096 2003842119 12348 10259 250
0b001c01 0b001901 10000 100 33162 2003854312 11088 11103 252
0b000d01 0b000201 10003 100 295461 2003742170 128354 33093 237
0b000b01 0b000a01 10000 100 28038 2003882401 9581 6514 256
0b001601 0b001c01 10000 100 4125307 2002100156 1807455 354188 131
0b001001 0b001801 10001 100 25673 2003956735 10501 10473 262
0b000001 0b000801 10000 100 29869 2003982273 16762 10824 264
0b001101 0b001c01 10000 100 50112 2004012025 13286 12524 266
0b001c01 0b001401 10000 100 794067 2003935509 109220 74898 260
0b001401 0b001801 10000 100 958 2004123064 8500 8400 272
0b001101 0b001b01 10000 100 1367 2004154633 8469 8437 275
0b001b01 0b001201 10000 100 48955 2004185596 14242 12424 278
0b001601 0b001f01 10000 100 190887 2004163537 40304 24324 276
0b000a01 0b000001 10000 100 116792 2004220623 20644 18112 279
0b000601 0b000a01 10000 100 4875705 2003848553 419615 417100 251
0b000101 0b000a01 10000 100 49401 2004251732 18493 12464 283
0b001d01 0b001e01 10000 100 67905 2004248004 22265 9853 281
0b001101 0b001601 10000 100 11968 2004302119 10282 9323 289
0b000201 0b000101 10000 100 4992657 2002687769 1625668 422745 164
0b000601 0b000a01 10001 100 173449 2004297408 30640 22864 287
0b001601 0b001701 10000 100 176500 2004247051 120447 18959 280
0b000e01 0b000b01 10001 100 33270 2004384520 11144 11112 297
0b000401 0b000901 10000 100 7018 2004426830 9476 8912 300
0b000b01 0b000201 10000 100 787578 2004332377 130156 74352 292
0b001e01 0b001001 10000 100 21873 2004450804 12165 10154 302
0b001001 0b001101 10000 100 2121262 2004348577 185060 182009 294
0b001901 0b001f01 10000 100 1762506 2004387400 164448 156090 298
0b000101 0b000c01 10001 100 52645 2004541554 19653 12735 306
0b000501 0b000001 10000 100 184232 2004591635 26682 23768 309
0b000401 0b000301 10000 100 33588 2004645936 14109 11137 314
0b001901 0b001f01 10001 100 21253 2004698499 11082 10104 316
0b001f01 0b001e01 10001 100 7956817 2004008236 782980 671260 265
0b000401 0b000501 10000 100 7379577 2004166879 628473 622865 277
0b000201 0b000b01 10000 100 5543 2004845722 8836 8786 324
0b001601 0b001901 10000 100 5334 2004859547 9092 8769 326
0b001f01 0b001001 10001 100 28475 2004918680 61850 10709 330
0b000601 0b000901 10000 100 41793 2005048244 22624 11824 339
0b000001 0b000501 10000 100 4472 2005087024 9807 8696 341
0b001901 0b001101 10000 100 49603 2005089465 12730 12480 342
0b000d01 0b000701 10000 100 47598 2005108438 12440 12312 343
0b001001 0b001f01 10000 100 162550 2005126725 26738 21949 344
0b001d01 0b001301 10001 100 910458 2004925923 254745 84654 331
0b001501 0b001e01 10000 100 5917 2005193547 8812 8816 346
0b001c01 0b001701 10000 100 6131 2005263288 9376 8837 350
0b000101 0b000901 10000 100 145807 2005226128 48762 20545 347
0b001401 0b001e01 10001 100 77479 2005316865 15125 14817 354
0b001b01 0b001701 10000 100 6569025 2002318570 3090499 559070 142
0b001301 0b001b01 10000 100 434111 2005340904 90952 44719 357
0b000001 0b000e01 10001 100 343664 2005378029 109432 37134 360
0b000c01 0b000a01 10000 100 8206 2005500716 15804 9011 367
0b001101 0b001901 10000 100 11434 2005508655 10215 9280 368
0b000c01 0b000d01 10000 100 24595046 2003323191 2209515 2066212 213
0b000901 0b000e01 10000 100 1433246 2005428971 151738 128486 365
0b000701 0b000801 10002 100 68446 2005593979 16243 14060 376
0b000801 0b000201 10000 100 4925 2005652383 9306 8733 378
0b000e01 0b000001 10001 100 12758 2005701934 11508 9390 383
0b000a01 0b000501 10001 100 40040 2005717553 24694 11680 384
0b000c01 0b000301 10001 100 7963 2005769084 9201 8987 388
0b000901 0b000501 10000 100 1037170 2005677216 121511 95279 380
0b000b01 0b000101 10000 100 6754 2005790210 9271 8887 390
0b000001 0b000901 10000 100 13634935 2002541508 3322247 1151473 153
0b000301 0b000501 10000 100 334 2005921384 8332 8350 396
0b000001 0b000e01 10000 100 3574766 2004271431 1678278 308029 285
0b001001 0b001c01 10000 100 4216308 2004796788 1254909 361817 318
0b000b01 0b000d01 10000 100 67072 2006038654 14232 13946 402
0b001901 0b001d01 10000 100 32876 2006055034 14427 11076 405
0b000101 0b000801 10000 100 76803 2006171226 48966 14759 411
0b001c01 0b001801 10000 100 580534 2006220159 57436 56993 419
0b001d01 0b001c01 10000 100 32892 2006348451 10167 6918 422
0b000101 0b000f01 10000 100 17668 2006365714 12195 9802 423
0b001701 0b001801 10000 100 78095 2006366047 17180 14870 424
0b000a01 0b000801 10000 100 166727 2006407664 21440 18139 428
0b000e01 0b000601 10000 100 6115 2006434606 9207 8836 429
0b000401 0b000201 10000 100 22894 2006452991 10778 10239 430
0b001801 0b001301 10000 100 20704 2006478717 31964 10056 433
0b001301 0b001801 10001 100 71920 2006491732 26659 14350 435
0b000e01 0b000301 10000 100 49704 2006489789 56473 12488 434
0b001201 0b001301 10000 100 20822015 2003386762 3206986 1749881 217
0b000801 0b000f01 10001 100 77768 2006569260 46271 14840 440
0b000001 0b000601 10000 100 54460 2006606700 16100 12888 443
0b000901 0b000601 10000 100 6618 2006704591 9581 8876 448
0b001301 0b001001 10000 100 3483088 2006198330 536790 296185 415
0b001901 0b001201 10000 100 4892581 2005387981 1365971 418515 363
0b001e01 0b001701 10001 100 2649753 2004129668 2745435 230476 273
0b000101 0b000801 10001 100 17488 2006925569 11147 9788 454
0b000001 0b000c01 10001 100 13186 2006905553 56394 9428 453
0b000301 0b000601 10000 100 8674041 2004313466 2665790 735555 290
0b001401 0b001f01 10000 100 6360 2007010229 9781 8855 464
0b000b01 0b000901 10001 100 25786 2007014229 8333 6322 465
0b001901 0b001601 10000 100 18116 2007018344 11264 9842 466
0b000e01 0b000f01 10001 100 65580 2007026776 9615 9659 467
0b001d01 0b001901 10000 100 397220 2007196485 54520 41625 474
0b001001 0b001601 10000 100 39939 2007238688 13230 11668 481
0b000901 0b000601 10001 100 386220 2007197656 67763 40703 475
0b000401 0b000301 10001 100 139774 2007222755 65288 20039 476
0b001401 0b001501 10000 100 196464 2007256091 74260 20633 484
0b000101 0b000801 10002 100 58332 2006942793 388799 13213 458
0b000301 0b000201 10001 100 9394 2007374277 4940 4949 490
0b001d01 0b001701 10000 100 9428 2007383551 9651 9112 491
0b001a01 0b001e01 10001 100 7334 2007388186 9088 8937 492
0b001c01 0b001801 10001 100 38879 2007430583 16043 11580 496
0b000901 0b000e01 10001 100 36467 2007437450 14224 11379 497
0b000001 0b000c01 10002 100 8787 2007505362 10840 9057 499
0b001d01 0b001301 10000 100 8332210 2004250326 3268342 706895 282
0b000301 0b000401 10000 100 14485 2007309016 222848 9536 487
0b000101 0b000601 10000 100 298203 2007546339 34993 33324 503
0b001f01 0b001101 10001 100 946371 2007372612 234246 87666 489
0b000f01 0b000401 10000 100 657 2007598890 8358 8376 508
0b001801 0b001401 10000 100 35978 2007624256 17520 11336 509
0b000801 0b000301 10000 100 42475 2007652170 15384 11883 512
0b000901 0b000001 10000 100 13706 2007630886 55177 9470 510
0b001201 0b001801 10000 100 1152044 2007586320 124383 104911 507
0b001401 0b001f01 10001 100 2439771 2007288242 499189 212871 486
0b001601 0b001c01 10001 100 465311 2007748000 47603 47334 518
0b000101 0b000401 10000 100 60342 2007760252 47072 13381 519
0b001101 0b001301 10000 100 46250 2007801087 8879 8040 521
0b000901 0b000a01 10000 100 12409 2007819309 5205 5202 523
0b000601 0b000401 10000 100 729187 2007729648 109882 65298 516
0b001401 0b001d01 10000 100 8338684 2005363614 2484734 707436 358
0b000401 0b000201 10001 100 30949 2007856356 11004 10914 528
0b000801 0b000c01 10000 100 9361278 2005282606 2656902 793172 352
0b000e01 0b000301 10001 100 28403 2007928053 11751 10703 534
0b000901 0b000a01 10001 100 23674 2007979192 8011 6146 537
0b001901 0b001401 10000 100 1278329 2006867237 1123423 115497 451
0b001701 0b001901 10001 100 255 2007991983 8144 8344 540
0b000b01 0b000601 10002 100 4746 2008039634 8828 8718 544
0b001501 0b001f01 10001 100 1416 2008093741 8485 8440 545
0b000301 0b000c01 10000 100 9089 2008119506 9597 9085 548
0b001e01 0b001101 10000 100 1498 2008129374 8548 8447 549
0b001a01 0b001901 10000 100 424766 2008184205 41121 39773 551
0b000a01 0b000c01 10000 100 15816165 2002934211 5294968 1334350 185
0b000901 0b000401 10000 100 2882 2008244440 8563 8562 557
0b000601 0b000f01 10000 100 77188 2008319184 14767 14794 563
0b001a01 0b001f01 10000 100 15115 2008231788 106653 9590 554
0b000001 0b000301 10000 100 23486852 2001928896 6453022 1973298 120
0b001301 0b001801 10002 100 1777075 2008239409 161481 157313 556
0b000f01 0b000501 10001 100 11628 2008489931 9575 9296 574
0b000801 0b000501 10000 100 73157 2008574170 20450 14456 576
0b001801 0b001101 10000 100 4558 2008675509 22599 8703 581
0b001101 0b001501 10000 100 7623486 2007109534 1609987 647475 471
0b001901 0b001501 10000 100 64335 2008750023 15237 13716 584
0b001801 0b001501 10000 100 23163 2008775608 10339 10265 585
0b001301 0b001801 10003 100 652889 2008732461 90834 63058 583
0b001801 0b001e01 10000 100 64124 2008851965 14112 13699 590
0b001e01 0b001801 10000 100 20517 2008976274 10151 10042 601
0b001d01 0b001201 10000 100 3239318 2007528085 1462599 279907 501
0b000a01 0b000201 10000 100 765907 2008902802 101393 72534 595
0b000001 0b000401 10001 100 8552828 2007105488 1916311 725389 470
0b000901 0b000301 10000 100 627304 2008971673 63275 60915 600
0b001901 0b001101 10001 100 557655 2008955805 89748 55075 598
0b000b01 0b000001 10000 100 7758709 2006939651 2127000 658811 455
0b000b01 0b000d01 10001 100 8133567 2006669097 2428353 690239 446
0b000601 0b000401 10001 100 11729 2009095428 6963 5144 606
0b000301 0b000701 10000 100 10875140 2005448921 3667590 920095 366
0b001f01 0b001101 10000 100 9297082 2004507182 4702716 787790 305
0b000c01 0b000501 10000 100 24903 2009187176 65786 10408 614
0b000501 0b000e01 10000 100 6962 2009273112 9205 8903 621
0b000001 0b000401 10002 100 1682574 2009128884 180506 149388 608
0b001001 0b001a01 10000 100 22532 2009413153 11826 10210 629
0b001a01 0b001801 10001 100 185571 2009406123 51712 19719 628
0b001801 0b001c01 10000 100 63783 2009483953 18761 13668 632
0b001d01 0b001401 10001 100 25069 2009502115 11641 10425 634
0b000701 0b000b01 10000 100 4169805 2008442683 1073125 357917 570
0b001f01 0b001c01 10000 100 6879446 2008776455 790697 580934 586
0b000a01 0b000201 10001 100 25625 2009561847 11531 10469 636
0b001001 0b001401 10000 100 1123228 2008373159 1218416 102494 566
0b001c01 0b001401 10001 100 4277265 2008440826 1192802 366928 569
0b000101 0b000b01 10000 100 550066 2009641880 57333 54441 641
0b001101 0b001d01 10000 100 891977 2009608200 121130 83103 638
0b000001 0b000e01 10002 100 24454 2009697855 47281 10372 644
0b001601 0b001b01 10000 100 39358 2009739417 20799 11622 646
0b000c01 0b000601 10001 100 37879 2009767769 13153 11496 648
0b000101 0b000001 10000 100 40141 2009780611 7760 7528 650
0b000501 0b000e01 10001 100 601114 2009689311 103219 58720 643
0b001d01 0b001801 10000 100 30391 2009789050 12077 10870 651
0b001101 0b001801 10000 100 7523 2009770143 36056 8952 649
0b000201 0b000f01 10000 100 7309 2009830078 9462 8935 656
0b001001 0b001701 10000 100 368247 2009799300 78062 39196 654
0b001201 0b001a01 10000 100 9473321 2007252836 2643217 802565 483
0b001901 0b001b01 10000 100 132258 2009909146 15211 15251 658
0b001d01 0b001401 10000 100 2789391 2008858495 1086654 242184 592
0b000c01 0b000001 10000 100 74254 2009929045 19022 14548 662
0b000601 0b000901 10001 100 8835 2009946294 9358 9061 665
0b001901 0b001e01 10000 100 51869 2010009492 18025 12669 668
0b000301 0b000201 10002 100 64217 2010021695 9700 9546 670
0b000c01 0b000101 10000 100 7844 2010014337 33193 8978 669
0b001b01 0b001001 10000 100 8790 2010041800 14074 9057 672
0b000901 0b000701 10000 100 8948 2010048242 9466 9070 673
0b001401 0b001201 10000 100 8977 2010070943 9022 9072 675
0b000a01 0b000101 10000 100 7108931 2008292600 1915002 604333 559
0b000a01 0b000401 10000 100 1125 2010206698 8465 8417 688
0b001f01 0b001301 10001 100 1501598 2010075596 146138 134215 678
0b001f01 0b001a01 10000 100 676712 2010195753 75297 65056 687
0b000701 0b000601 10000 100 73268 2010272994 10855 10305 694
0b000601 0b000e01 10001 100 4670 2010311850 8662 8712 696
0b001401 0b001201 10001 100 1968329 2010131391 193466 173347 681
0b000601 0b000b01 10000 100 12782 2010401515 10141 9392 702
0b000901 0b000401 10001 100 12711 2010447392 9363 9386 710
0b000401 0b000e01 10001 100 35628 2010445423 12801 11308 709
0b001601 0b001c01 10002 100 1676126 2010357289 154344 148849 701
0b001f01 0b001301 10000 100 770807 2009375270 1155605 72945 625
0b001e01 0b001601 10000 100 18199 2010594505 19455 9848 720
0b000601 0b000e01 10000 100 4568198 2008900746 1897723 391320 594
0b001801 0b001101 10001 100 8982 2010839042 9375 9073 729
0b001e01 0b001d01 10001 100 377592 2010785692 64906 35818 727
0b001d01 0b001801 10001 100 13341 2010908307 9956 9441 731
0b000c01 0b000901 10000 100 30748 2010614742 303745 10898 721
0b001901 0b001a01 10000 100 229170 2010928688 31651 23376 733
0b001f01 0b001001 10002 100 849233 2010008610 995905 79522 667
0b000e01 0b000801 10000 100 29992 2011061069 11709 10834 743
0b000101 0b000f01 10001 100 44837 2011068013 13960 12079 744
0b001601 0b001401 10001 100 39025 2011074514 7997 7435 745
0b000301 0b000d01 10001 100 15901 2011097186 9774 9653 749
0b001c01 0b001901 10001 100 39888 2011110726 14831 11664 750
0b001b01 0b001401 10000 100 20239991 2005888741 5254142 1705240 395
0b000701 0b000201 10001 100 3967 2011136894 8676 8652 752
0b001c01 0b001801 10002 100 3611372 2009732205 1470440 311099 645
0b000d01 0b000001 10000 100 57455 2010863658 351870 13139 730
0b000501 0b000c01 10000 100 386053 2011145979 73382 40690 753
0b000f01 0b000801 10000 100 5858 2011213032 8930 8811 758
0b001601 0b001a01 10000 100 1096767 2011088795 154956 100273 747
0b000101 0b000e01 10000 100 18839 2011338170 10626 9900 762
0b000801 0b000c01 10001 100 21931 2011357928 11377 10158 763
0b001901 0b001e01 10001 100 3984337 2011022532 381084 342369 738
0b001e01 0b001201 10001 100 5801 2011398899 9664 8807 769
0b000201 0b000a01 10000 100 162718 2011380949 62963 21963 766
0b000e01 0b000801 10001 100 2502 2011452071 8474 8531 771
0b001e01 0b001601 10001 100 5812 2011459181 9644 8808 772
0b000401 0b000101 10000 100 2405230 2009911569 1585480 209977 659
0b001701 0b001a01 10000 100 42741 2011493075 23645 11904 777
0b001001 0b001801 10002 100 260521 2011479769 43411 30163 775
0b001301 0b001501 10001 100 8265 2011533743 9141 9015 781
0b000301 0b000b01 10001 100 1588728 2011400967 191513 141520 770
0b000c01 0b000401 10000 100 13725 2011599460 10384 9471 785
0b001c01 0b001601 10000 100 3171 2011638808 8688 8589 789
0b000701 0b000f01 10000 100 30767 2011642433 13416 10900 790
0b000201 0b000301 10001 100 62799 2011637063 30295 9425 788
0b001101 0b001c01 10001 100 9269 2011675691 11228 9099 794
0b000901 0b000101 10000 100 3658950 2010165494 1529104 315086 683
0b000b01 0b000501 10000 100 6813759 2009033683 2685994 579586 605
0b000101 0b000b01 10001 100 1294075 2010478591 1316382 116818 713
0b001f01 0b001101 10002 100 13960 2011776209 78033 9490 800
0b001a01 0b001501 10000 100 31684 2011839702 18842 10977 802
0b001a01 0b001d01 10000 100 7322330 2010356296 1533913 622226 700
0b000201 0b000301 10002 100 4326 2011908479 6537 4525 803
0b001701 0b001f01 10001 100 1971551 2010935206 1048799 173616 735
0b001c01 0b001001 10000 100 353795 2011951765 42331 37982 807
0b001c01 0b001d01 10000 100 8078 2012113895 5095 4840 813
0b001001 0b001f01 10001 100 859 2012111406 8335 8392 812
0b000401 0b000601 10000 100 53431 2012161191 8620 8641 816
0b000501 0b000201 10001 100 111388 2012217146 32842 17661 819
0b001501 0b001201 10000 100 1836033 2011053715 1197942 162256 741
0b000b01 0b000401 10000 100 8190354 2009617153 2639212 695001 639
0b001901 0b001501 10001 100 1967697 2011943986 335936 173292 805
0b001201 0b001101 10000 100 85656 2012277788 18398 11342 822
0b001401 0b001c01 10000 100 58114 2012301169 18155 13195 826
0b001e01 0b001901 10000 100 916471 2011200655 1148903 85158 756
0b000801 0b000d01 10000 100 75508 2012281139 74891 14652 823
0b000e01 0b000701 10000 100 4389847 2010703003 1661899 376365 724
0b000b01 0b000e01 10001 100 24395 2012294723 74430 10367 825
0b000401 0b000901 10001 100 15954 2012362844 13089 9657 831
0b000201 0b000701 10000 100 3293208 2010215851 2163160 284425 690
0b000a01 0b000901 10000 100 24963 2012439022 8333 6253 833
0b001a01 0b001601 10000 100 51649 2012450148 21433 12651 834
0b000301 0b000701 10001 100 25488 2012500140 11292 10458 838
0b000901 0b000c01 10000 100 116168 2012523916 27709 18062 842
0b001f01 0b001c01 10001 100 1414978 2011550281 1041262 122791 782
0b001b01 0b001401 10001 100 61565 2012650841 13638 13483 848
0b001801 0b001101 10002 100 57473 2012666314 16254 13140 849
0b001701 0b001601 10000 100 8975854 2010316507 2387979 756696 697
0b000801 0b000501 10001 100 76684 2012628025 81718 14750 847
0b001c01 0b001701 10001 100 16213 2012723492 10102 9682 854
0b000b01 0b000d01 10002 100 67875 2012750065 15846 14011 855
0b000b01 0b000801 10000 100 52502 2012851189 9775 8563 860
0b001601 0b001901 10001 100 6396 2012883259 10916 8858 864
0b001801 0b001901 10000 100 27674 2012968240 6462 6481 875
0b000201 0b000001 10000 100 6641176 2011096075 1934645 560959 748
0b001d01 0b001c01 10001 100 6790422 2012428002 629760 573471 832
0b001101 0b001b01 10001 100 5856951 2012550526 507264 499366 843
0b000801 0b000601 10000 100 75885 2013052384 14668 14682 878
0b001e01 0b001a01 10000 100 4598622 2011202195 1884222 393869 757
0b000a01 0b000201 10002 100 28460 2013075402 11941 10708 879
0b001001 0b001c01 10001 100 9695 2013118811 9798 9134 882
0b001c01 0b001401 10002 100 43108 2013155660 14020 11937 885
0b001101 0b001d01 10001 100 3536 2013170643 8836 8618 886
0b001701 0b001d01 10000 100 1317626 2013015258 188783 118791 876
0b001701 0b001b01 10001 100 43339 2013228842 15441 11956 890
0b001501 0b001f01 10002 100 828 2013266438 8342 8390 891
0b000601 0b000101 10000 100 24321 2013273399 11278 10361 892
0b000901 0b000501 10001 100 19502 2013280437 10742 9956 894
0b000c01 0b000a01 10001 100 1295892 2013183135 117207 116968 887
0b001a01 0b001601 10001 100 41616 2013348076 13940 11810 899
0b000301 0b000401 10001 100 38955 2013342030 25441 11586 898
0b000101 0b000901 10001 100 8279 2013350298 25216 9016 900
0b000001 0b000c01 10003 100 76497 2013398655 20231 14735 901
0b000901 0b000401 10002 100 17806 2013535661 9942 9813 905
0b000b01 0b000001 10001 100 20480 2013562601 11544 10039 906
0b001d01 0b001001 10002 100 4068 2013652958 8780 8664 910
0b001901 0b001401 10001 100 3684275 2012670082 991885 317212 850
0b000a01 0b000f01 10000 100 537414 2013637743 53780 53379 909
0b001401 0b001b01 10000 100 63448 2013789374 18730 13641 922
0b000001 0b000c01 10004 100 898526 2013695192 126889 83654 913
0b000301 0b000a01 10000 100 5700 2013785214 37309 8799 921
0b000101 0b000401 10001 100 20624 2013831973 10189 10050 925
0b001801 0b001901 10001 100 2425987 2013659710 212749 207554 912
0b001401 0b001d01 10001 100 5171 2013894375 8697 8756 929
0b000d01 0b000801 10000 100 15710581 2009868390 4041527 1325496 657
0b000d01 0b000501 10000 100 1756 2013948066 8467 8468 936
0b001e01 0b001301 10000 100 200 2014062849 8092 8339 942
0b001401 0b001a01 10000 100 73273 2014067394 19974 14466 943
0b000b01 0b000101 10001 100 4713810 2012010681 2084606 403526 808
0b000001 0b000901 10002 100 230 2014090948 9044 8342 946
0b001801 0b001301 10001 100 27221 2014015064 101164 10605 939
0b001a01 0b001f01 10001 100 61495 2014156633 19064 13477 952
0b001f01 0b001701 10000 100 3824 2014189750 8849 8641 955
0b001c01 0b001801 10003 100 1046156 2014110274 97042 96032 948
0b000b01 0b000901 10002 100 3184425 2013747234 467734 271144 915
0b000001 0b000d01 10000 100 46529 2014216354 12876 12222 956
0b000801 0b000a01 10002 100 11669 2014229696 5304 5139 958
0b001c01 0b001601 10001 100 51143 2014244221 14339 12611 959
0b001c01 0b001301 10000 100 28419 2014251810 10654 10704 961
0b001801 0b001e01 10001 100 70008 2014136637 140351 14193 950
0b001b01 0b001401 10002 100 77592 2014389462 19991 14826 968
0b001901 0b001a01 10001 100 8131500 2013093582 1370897 685906 880
0b000801 0b000401 10000 100 517160 2014381531 99982 51681 967
Average intra_dc ratio: 2.511239860229333
