0b001f01 0b000e01 10000 100 24890 2000076913 1014513 1014452 3
0b001a01 0b000501 10000 100 2690 2000143028 1012585 1012591 8
0b000201 0b001401 10000 100 35543 2000203189 1015299 1015346 11
0b000701 0b001901 10000 100 57599 2000234272 1021873 1017195 14
0b000d01 0b001901 10000 100 60067 2000289283 1027034 1017404 18
0b001701 0b000f01 10000 100 49811 2000353765 1016651 1016541 22
0b000d01 0b001701 10000 100 7251 2000359015 1012928 1012975 23
0b000201 0b001601 10000 100 197790 2000361937 1029221 1028948 24
0b000801 0b001d01 10000 100 6434 2000452548 1013290 1012906 27
0b001d01 0b000b01 10000 100 30176 2000454012 1014839 1014898 29
0b001901 0b000601 10000 100 5905 2000497081 1012993 1012860 31
0b001601 0b000501 10000 100 3781069 2000202257 1350961 1329373 10
0b000201 0b001d01 10000 100 39721 2000553868 1022177 1015696 35
0b001c01 0b000c01 10000 100 29705 2000568175 1014800 1014856 36
0b001601 0b000401 10000 100 10755 2000598520 1013348 1013267 41
0b001f01 0b000601 10000 100 2653 2000617678 1012873 1012588 43
0b000101 0b001f01 10000 100 53675 2000663682 1016768 1016866 44
0b000001 0b001301 10000 100 852445 2000540613 1151119 1083836 34
0b000c01 0b001001 10000 100 72634 2000771848 1024310 1018456 55
0b001d01 0b000001 10000 100 1744 2000866833 1012521 1012512 58
0b000201 0b001301 10000 100 3988176 2000395447 1484018 1346736 26
0b000701 0b001101 10000 100 3289517 2000528454 1367711 1288159 32
0b000801 0b001301 10000 100 393148 2000793128 1126626 1045329 56
0b001001 0b000801 10000 100 43385 2000937141 1015938 1016004 61
0b001401 0b000701 10000 100 36765 2000972474 1021654 1015448 65
0b000701 0b001601 10000 100 737186 2000741441 1259259 1074173 53
0b001001 0b000d01 10000 100 5872 2001034027 1012807 1012857 70
0b000901 0b001e01 10000 100 69287 2001121385 1029561 1018176 73
0b001401 0b000301 10000 100 4896005 2000678549 1482688 1422849 45
0b000901 0b001801 10000 100 2072738 2000975200 1193122 1186144 67
0b001201 0b000201 10000 100 8939 2001176910 1013917 1013114 78
0b001a01 0b000f01 10000 100 292687 2001136779 1062620 1036905 75
0b000501 0b001401 10000 100 58951 2001240718 1028003 1017307 79
0b001201 0b000301 10000 100 6126 2001259579 1013415 1012881 81
0b000401 0b001601 10000 100 1322310 2001041761 1236084 1123230 71
0b001d01 0b000101 10000 100 1008130 2001271312 1100037 1096889 82
0b000901 0b001b01 10000 100 64577 2001366260 1018110 1017780 86
0b000501 0b001901 10000 100 172550 2001356073 1047367 1026833 84
0b001501 0b000a01 10000 100 13015 2001392844 1013422 1013459 87
0b001101 0b000601 10000 100 236 2001570937 1015226 1012387 93
0b000a01 0b001101 10000 100 35709 2001585844 1016726 1015359 94
0b001b01 0b000501 10000 100 11115 2001635505 1014144 1013300 98
0b000f01 0b001a01 10000 100 6638 2001728463 1013294 1012922 104
0b000201 0b001a01 10000 100 48209 2001816593 1016469 1016409 108
0b001d01 0b000101 10001 100 1314790 2001606833 1230865 1122597 95
0b001b01 0b000c01 10000 100 52048 2001820899 1025272 1016732 110
0b000c01 0b001c01 10000 100 27304 2001835263 1016865 1014656 112
0b001801 0b000101 10000 100 1894 2001871884 1017106 1012524 116
0b000601 0b001701 10000 100 25946 2001882069 1020631 1014540 117
0b000c01 0b001801 10000 100 1739959 2001784593 1164981 1158243 106
0b000e01 0b001b01 10000 100 63312 2001945010 1027985 1017675 121
0b000e01 0b001c01 10000 100 8183974 2000370800 2609172 1698509 25
0b000701 0b001701 10000 100 79955 2001927901 1055147 1019068 119
0b000801 0b001601 10000 100 21305 2001993715 1015883 1014153 124
0b001d01 0b000501 10000 100 4566634 2001451546 1590654 1395233 89
0b001e01 0b000f01 10000 100 11711 2002055488 1013408 1013347 126
0b000501 0b001a01 10000 100 10102 2002136782 1013192 1013215 134
0b001b01 0b000d01 10000 100 9421 2002186116 1013779 1013157 138
0b001b01 0b000001 10000 100 26143 2002192400 1016682 1014560 139
0b001801 0b000701 10000 100 23454027 2000191370 3022690 2978754 9
0b001a01 0b000301 10000 100 24637 2002257478 1014753 1014431 141
0b001901 0b000501 10000 100 3265611 2001643108 1645650 1286155 100
0b000301 0b001001 10000 100 1335134 2001856447 1433546 1124305 114
0b001301 0b000701 10000 100 48552 2002346318 1016642 1016437 143
0b000301 0b001201 10000 100 9280096 2000536460 2836357 1790411 33
0b001201 0b000101 10000 100 3383453 2001863565 1610345 1296035 115
0b000901 0b001201 10000 100 25415 2002551294 1018775 1014498 154
0b000901 0b001d01 10000 100 1982668 2002238628 1344068 1178593 140
0b001201 0b000b01 10000 100 1661 2002612822 1012584 1012505 158
0b001401 0b000001 10000 100 21838 2002683282 1014216 1014196 163
0b000201 0b001101 10000 100 48212 2002701384 1020886 1016410 166
0b001c01 0b000401 10000 100 8971140 2001397075 2336686 1764508 88
0b000401 0b001101 10000 100 27020 2002722272 1014682 1014634 167
0b000701 0b001a01 10000 100 952809 2002694078 1094830 1092249 165
0b001e01 0b000a01 10000 100 867610 2002670215 1121523 1085106 161
0b000501 0b001b01 10000 100 24388 2002796395 1014529 1014412 174
0b000301 0b001d01 10000 100 55137 2002790548 1023362 1016991 172
0b001a01 0b000e01 10000 100 23040 2002797861 1018048 1014300 175
0b000b01 0b001e01 10000 100 188203 2002799217 1037459 1028147 176
0b001c01 0b000601 10000 100 5331 2002835093 1012906 1012814 179
0b000a01 0b001a01 10000 100 65607 2002843788 1018255 1017867 180
0b001b01 0b000101 10000 100 25095 2002851318 1014481 1014472 181
0b000a01 0b001401 10000 100 3741 2002876366 1012762 1012679 182
0b001801 0b000501 10000 100 2793373 2002670874 1255032 1246563 162
0b001701 0b000501 10000 100 6435 2002977351 1029286 1012906 187
0b001801 0b000f01 10000 100 587083 2002980147 1080199 1061589 188
0b001801 0b000501 10001 100 42155 2003052106 1015826 1015902 192
0b000601 0b001101 10000 100 55895 2003079983 1021585 1017051 194
0b001701 0b000201 10000 100 2368820 2002904910 1211077 1210967 183
0b000b01 0b001701 10000 100 3362611 2001001580 3173424 1294287 68
0b001b01 0b000801 10000 100 598482 2003130309 1071150 1062543 196
0b001001 0b000401 10000 100 811433 2002775037 1462976 1080397 171
0b000901 0b001901 10000 100 26980 2003236064 1014595 1014627 204
0b001b01 0b000701 10000 100 198320 2003231238 1029641 1028994 202
0b000e01 0b001701 10000 100 6838 2003251763 1018914 1012938 206
0b000801 0b001401 10000 100 47832 2003290540 1020486 1016375 210
0b000d01 0b001d01 10000 100 46806 2003298950 1020838 1016289 211
0b000601 0b001501 10000 100 1368177 2003034906 1354368 1127076 191
0b000701 0b001e01 10000 100 492 2003400495 1012308 1012408 219
0b000e01 0b001501 10000 100 24064 2003433333 1014609 1014386 223
0b000101 0b001b01 10000 100 76228 2003451156 1100255 1018758 224
0b000201 0b001001 10000 100 4250147 2003177894 1415372 1368700 200
0b000f01 0b001d01 10000 100 1721908 2003459256 1187843 1156730 225
0b000901 0b001701 10000 100 53524 2003587614 1071470 1016854 229
0b000101 0b001a01 10000 100 21409 2003698318 1014872 1014162 232
0b001b01 0b000b01 10000 100 4119624 2003267693 1467494 1357755 209
0b001a01 0b000201 10000 100 3242 2003731839 1012855 1012639 234
0b001401 0b000c01 10000 100 7390 2003794660 1013267 1012986 244
0b001401 0b000a01 10000 100 8987 2003806054 1020281 1013118 246
0b001901 0b000701 10000 100 63564 2003833581 1020162 1017695 248
0b000501 0b001901 10001 100 31485 2003855281 1015925 1015006 253
0b000d01 0b001701 10001 100 9497 2003780082 1094399 1013163 242
0b001c01 0b000101 10000 100 65130 2003871242 1025035 1017828 255
0b001601 0b000301 10000 100 3417159 2002500314 2414768 1298862 150
0b001c01 0b000f01 10000 100 23660 2003919033 1014309 1014349 258
0b000301 0b001801 10000 100 247359 2003856054 1086488 1033106 254
0b001f01 0b000401 10000 100 6894 2003952233 1016776 1012943 261
0b001601 0b000b01 10000 100 24928 2003964182 1016449 1014455 263
0b001a01 0b000401 10000 100 927681 2003920293 1095435 1090143 259
0b000001 0b001a01 10000 100 1415382 2003840149 1223883 1131033 249
0b000f01 0b001d01 10001 100 39358 2004085840 1015715 1015667 270
0b000b01 0b001e01 10001 100 324892 2004084864 1053282 1039604 269
0b000501 0b001001 10000 100 739764 2004101561 1081972 1074387 271
0b001401 0b000801 10000 100 1966082 2004040734 1195202 1177204 267
0b000801 0b001e01 10000 100 3708042 2002416916 2882320 1323250 147
0b000101 0b001c01 10000 100 8747 2004331525 1013515 1013099 291
0b001801 0b000501 10002 100 640292 2004301029 1076056 1066049 288
0b001801 0b000301 10000 100 423918 2004343538 1072778 1047906 293
0b000401 0b001501 10000 100 22400 2004428818 1016122 1014245 301
0b000f01 0b001801 10000 100 35771 2004453014 1016347 1015364 303
0b001b01 0b000001 10001 100 69635 2004478417 1036684 1018204 304
0b001001 0b000201 10000 100 62751 2004286404 1233680 1017627 286
0b001d01 0b000501 10001 100 2879 2004365298 1169666 1012606 295
0b000501 0b001e01 10000 100 6890 2004544694 1013020 1012943 307
0b000601 0b001301 10000 100 4661902 2000712837 4880430 1403219 49
0b001f01 0b000d01 10000 100 137235 2004548562 1056977 1023873 308
0b000a01 0b001001 10000 100 563 2004635932 1012359 1012413 313
0b000f01 0b001801 10001 100 168089 2004622780 1026457 1026461 312
0b001501 0b000001 10000 100 524 2004657561 1012612 1012410 315
0b001a01 0b000401 10001 100 3366917 2004374754 1316194 1294647 296
0b001601 0b000b01 10001 100 1154832 2004608262 1113279 1109186 310
0b000501 0b001d01 10000 100 3059349 2003264449 2522545 1268863 208
0b000901 0b001901 10001 100 5860 2004825532 1012894 1012856 319
0b000f01 0b001801 10002 100 535388 2004766633 1081326 1057254 317
0b001101 0b000b01 10000 100 15528 2004853144 1014668 1013668 325
0b000001 0b001201 10000 100 36653 2004876852 1021859 1015439 327
0b001b01 0b000801 10001 100 10286 2004893916 1013312 1013230 328
0b001801 0b000b01 10000 100 118729 2004894842 1022624 1022320 329
0b000d01 0b001501 10000 100 32940 2004946717 1016141 1015126 333
0b001701 0b000201 10001 100 1557789 2003819990 2157554 1142970 247
0b001b01 0b000f01 10000 100 29956 2004953565 1036886 1014876 334
0b001501 0b000801 10000 100 59180 2004983485 1017511 1017329 336
0b001a01 0b000601 10000 100 60744 2005007165 1020797 1017458 338
0b000a01 0b001d01 10000 100 3666827 2003391913 2647388 1319792 218
0b000301 0b001b01 10000 100 5282995 2003664078 2390313 1455291 231
0b000901 0b001101 10000 100 140378 2005055352 1029204 1024136 340
0b000401 0b001701 10000 100 5679635 2000942460 5165423 1488547 62
0b001201 0b000601 10000 100 1637634 2003899544 2303573 1149665 257
0b001601 0b000301 10001 100 71787 2004995522 1232870 1018384 337
0b001501 0b000501 10000 100 55383 2005278333 1021127 1017010 351
0b000201 0b001c01 10000 100 62299 2005290715 1023117 1017590 353
0b000e01 0b001e01 10000 100 4697546 2004934615 1420645 1406209 332
0b000101 0b001f01 10001 100 5430 2005371681 1013254 1012822 359
0b000901 0b001701 10001 100 3556759 2003714462 2683817 1310564 233
0b001701 0b000501 10001 100 7447 2005406466 1013342 1012991 364
0b001c01 0b000901 10000 100 6994751 2003227562 3202915 1598805 201
0b001401 0b000d01 10000 100 172154 2005511741 1027320 1026801 369
0b000b01 0b001b01 10000 100 45082 2005546193 1037474 1016148 372
0b000101 0b001d01 10000 100 71479 2005567827 1020483 1018359 374
0b001e01 0b000a01 10001 100 1378571 2004264781 2336291 1127946 284
0b001f01 0b000b01 10000 100 489460 2005536205 1096043 1053403 371
0b001601 0b000201 10000 100 5703964 2003465933 3175240 1490585 226
0b001801 0b000801 10000 100 3704041 2005386099 1350055 1322915 362
0b001401 0b000b01 10000 100 70261 2005745780 1018399 1018258 386
0b000101 0b001701 10000 100 2710236 2001899431 4919205 1239594 118
0b001501 0b000001 10001 100 34235 2005810111 1021483 1015238 392
0b001201 0b000c01 10000 100 24510 2005795008 1047060 1014421 391
0b001601 0b000601 10000 100 199248 2005833314 1045411 1029072 394
0b001501 0b000f01 10000 100 2604848 2005513105 1366639 1230756 370
0b000801 0b001001 10000 100 14690 2005946506 1014207 1013597 397
0b000701 0b001001 10000 100 73474 2005960464 1037855 1018527 398
0b000601 0b001c01 10000 100 107836 2005971435 1029391 1021406 399
0b000c01 0b001a01 10001 100 65695 2002790885 4237345 1017874 173
0b001c01 0b000e01 10000 100 52345 2006046922 1019418 1016756 404
0b000b01 0b001901 10000 100 24527 2006066555 1015763 1014423 406
0b001a01 0b000801 10000 100 47846 2006137934 1016533 1016377 409
0b001101 0b000201 10000 100 9692 2006149340 1043275 1013178 410
0b000c01 0b001601 10000 100 72315 2006180164 1018738 1018430 412
0b000d01 0b001001 10000 100 149183 2006195667 1047402 1024875 413
0b001e01 0b000801 10000 100 49384 2006243227 1033623 1016507 420
0b001f01 0b000201 10000 100 56799 2006217327 1076223 1017127 417
0b001201 0b000b01 10001 100 6928 2006369333 1014593 1012946 425
0b001201 0b000301 10001 100 1450761 2005727874 1696404 1133997 385
0b001d01 0b000f01 10000 100 53624 2005550007 1913359 1016862 373
0b001801 0b000601 10000 100 21848 2006560449 1015190 1014197 438
0b001d01 0b000201 10000 100 45255 2006564329 1016902 1016162 439
0b000d01 0b001101 10000 100 30780 2006597157 1015677 1014946 442
0b000401 0b001a01 10000 100 57633 2006579388 1051196 1017198 441
0b000b01 0b001f01 10000 100 50870 2006638956 1018882 1016630 444
0b000a01 0b001d01 10001 100 2553972 2005230413 2510097 1226490 348
0b000701 0b001f01 10000 100 982207 2006690014 1098995 1094716 447
0b001601 0b000301 10002 100 232 2006402850 1434681 1012387 427
0b000201 0b001b01 10000 100 39325 2002771790 5073539 1015664 169
0b001201 0b000a01 10000 100 5599746 2004146065 3701764 1481848 274
0b000001 0b001b01 10000 100 5876434 2002113168 5759082 1505047 132
0b000801 0b001f01 10000 100 24481 2006799502 1080431 1014419 449
0b000e01 0b001f01 10000 100 29604 2006868478 1015758 1014848 452
0b001301 0b000a01 10000 100 1098940 2006835219 1108332 1104500 450
0b000f01 0b001e01 10000 100 1960261 2006044510 1900921 1176716 403
0b001901 0b000f01 10000 100 2977 2006940093 1012681 1012614 456
0b000a01 0b001c01 10000 100 7554541 2000731232 7262941 1645739 52
0b000901 0b001b01 10001 100 18951 2006983890 1013904 1013954 461
0b001e01 0b000c01 10000 100 8538615 2002825089 5226768 1728243 178
0b001201 0b000501 10000 100 170240 2006987727 1101835 1026640 462
0b000601 0b001701 10001 100 4700 2007056962 1042175 1012760 468
0b000901 0b001701 10002 100 9018 2006456840 1741531 1013124 431
0b001101 0b000301 10000 100 189633 2007224685 1043907 1028265 477
0b000a01 0b001e01 10000 100 1296 2007286110 1012504 1012476 485
0b000a01 0b001201 10000 100 152795 2007234861 1072174 1025176 479
0b000301 0b001601 10000 100 18589 2007311737 1015118 1013925 488
0b000101 0b001401 10000 100 11314 2007236117 1112436 1013316 480
0b001201 0b000e01 10000 100 176881 2006218565 2138190 1027195 418
0b001b01 0b000d01 10001 100 1023635 2007251952 1142329 1098187 482
0b001101 0b000401 10000 100 4461761 2004066235 4334420 1386439 268
0b000b01 0b001501 10000 100 1556930 2007127365 1285712 1142898 472
0b000d01 0b001401 10000 100 16668 2007404306 1019930 1013763 493
0b000a01 0b001501 10000 100 27718 2007533602 1015720 1014689 502
0b000901 0b001f01 10000 100 134042 2007553542 1033585 1023606 504
0b000701 0b001501 10000 100 146163 2007576074 1028513 1024622 505
0b000501 0b001401 10001 100 78446 2007649519 1021485 1018944 511
0b001801 0b000b01 10001 100 469846 2007576975 1095742 1051757 506
0b000d01 0b001001 10001 100 77017 2007689561 1031470 1018825 514
0b001201 0b000101 10001 100 1584268 2006940109 1784180 1145192 457
0b000901 0b001f01 10001 100 5414 2007747796 1013313 1012821 517
0b001801 0b000001 10000 100 2446952 2007498576 1277992 1217517 498
0b001e01 0b000801 10001 100 33426 2007768769 1015158 1015169 520
0b001701 0b000a01 10000 100 683351 2007719579 1070763 1069659 515
0b000d01 0b001d01 10001 100 6795 2007841455 1014070 1012935 526
0b001101 0b000201 10001 100 293923 2007868291 1040731 1037007 530
0b000d01 0b001701 10003 100 40220 2007904998 1019549 1015740 532
0b001901 0b000001 10000 100 8173 2007943473 1013351 1013053 535
0b000c01 0b001601 10001 100 102245 2007952865 1031148 1020940 536
0b001201 0b000201 10001 100 15212 2007987088 1013596 1013643 539
0b000d01 0b001001 10002 100 6882 2007994704 1017469 1012942 541
0b000c01 0b001401 10000 100 11173 2007984169 1028669 1013304 538
0b001c01 0b000a01 10000 100 1925314 2007811053 1207828 1173785 522
0b000d01 0b001901 10001 100 1274590 2003428223 5631735 1119228 222
0b000f01 0b001101 10000 100 464 2008096544 1012378 1012405 547
0b001601 0b000e01 10000 100 74770 2008095865 1021081 1018634 546
0b001701 0b000a01 10001 100 74884 2008143668 1018870 1018643 550
0b001001 0b000201 10001 100 1129905 2007512807 1707243 1107096 500
0b000901 0b001801 10001 100 1657678 2007866051 1369888 1151345 529
0b000c01 0b001a01 10000 100 9877227 2002459682 6799961 1840474 148
0b000701 0b001601 10001 100 5768 2007426811 1852866 1012849 495
0b001301 0b000f01 10000 100 39155 2008308496 1021977 1015651 562
0b001901 0b000201 10000 100 38116 2008346854 1017448 1015564 564
0b001201 0b000b01 10002 100 44932 2008359818 1023103 1016132 565
0b000201 0b001401 10001 100 87795 2008385407 1023790 1019726 567
0b000e01 0b001001 10000 100 43085 2008418730 1037032 1015980 568
0b001d01 0b000301 10000 100 5422266 2004615354 4884834 1466970 311
0b001d01 0b000601 10000 100 174162 2008542531 1041573 1026969 575
0b000c01 0b001b01 10000 100 1661 2008577314 1012456 1012505 577
0b000d01 0b001e01 10000 100 35223 2008634515 1018210 1015321 580
0b001001 0b000d01 10001 100 64005 2008631391 1028326 1017735 579
0b001001 0b000e01 10000 100 276545 2008603986 1064061 1035552 578
0b000701 0b001301 10000 100 1678007 2008483682 1202850 1153052 573
0b000f01 0b001201 10000 100 9065357 2001169332 8537228 1772407 77
0b001001 0b000301 10000 100 12094 2008702673 1014472 1013382 582
0b000101 0b001f01 10002 100 1718378 2007835551 1999717 1156436 524
0b001a01 0b000201 10001 100 25993 2008844439 1015355 1014544 588
0b001901 0b000301 10000 100 53420 2008855155 1018345 1016845 591
0b001101 0b000401 10001 100 77686 2006016237 3860748 1018879 400
0b001d01 0b000c01 10000 100 3698899 2004833372 5086735 1322481 322
0b001e01 0b000501 10000 100 1919 2008964060 1012607 1012526 599
0b000001 0b001501 10000 100 3001996 2008295311 1716373 1264052 561
0b000301 0b001601 10001 100 415491 2009021453 1066081 1047201 604
0b000b01 0b001e01 10002 100 1798953 2004838680 5315170 1163189 323
0b001601 0b000e01 10001 100 4772 2009012207 1154371 1012765 603
0b000501 0b001001 10001 100 990559 2008991916 1182446 1095415 602
0b000201 0b001201 10000 100 61987 2009160742 1042091 1017562 610
0b001b01 0b000701 10001 100 79172 2009175599 1029611 1019005 612
0b000101 0b001c01 10001 100 196247 2009184873 1029763 1028821 613
0b001a01 0b000501 10001 100 2030 2009234905 1012771 1012538 615
0b000301 0b001501 10000 100 73737 2009239599 1021187 1018548 616
0b001901 0b000e01 10000 100 2687370 2006030929 4240795 1237676 401
0b000001 0b001701 10000 100 78471 2009255575 1033960 1018946 617
0b000401 0b001b01 10000 100 23608 2009264839 1039110 1014345 618
0b001501 0b000c01 10000 100 1685217 2008896251 1440093 1153656 593
0b001a01 0b000c01 10000 100 46379 2009329402 1024134 1016255 622
0b001b01 0b000901 10000 100 700359 2009272262 1091634 1071085 620
0b000e01 0b001d01 10000 100 59234 2009376388 1017584 1017334 626
0b000501 0b001801 10000 100 20144 2009349217 1050829 1014057 624
0b000b01 0b001601 10000 100 20369 2009486632 1014155 1014075 633
0b000401 0b001201 10000 100 4777807 2007872143 2690330 1412937 531
0b000501 0b001e01 10001 100 1032682 2009467365 1102708 1098946 630
0b001d01 0b000001 10001 100 2206808 2006206795 4373548 1197384 416
0b001201 0b000c01 10001 100 56536 2009570575 1026448 1017106 637
0b000c01 0b001701 10000 100 1062795 2009674863 1103429 1101470 642
0b001b01 0b000501 10001 100 68800 2009799244 1021431 1018133 653
0b001601 0b000a01 10000 100 76184 2009170741 1725411 1018755 611
0b001c01 0b000601 10001 100 1123413 2008263051 2640368 1106554 558
0b000b01 0b001501 10001 100 18870 2009925265 1014011 1013947 660
0b000a01 0b001a01 10001 100 5766 2009926571 1013051 1012849 661
0b000b01 0b001d01 10000 100 4400 2009942131 1012958 1012736 664
0b000f01 0b001b01 10000 100 68698 2009935410 1024022 1018125 663
0b000401 0b001001 10000 100 1838855 2009803128 1214356 1166535 655
0b000b01 0b001d01 10001 100 18224 2010063963 1014568 1013895 674
0b000c01 0b001a01 10002 100 40037 2006077619 5003339 1015725 407
0b000b01 0b001101 10000 100 1841234 2008456522 2668046 1166737 571
0b001301 0b000301 10000 100 79994 2010100629 1024417 1019071 679
0b001e01 0b000b01 10000 100 90230 2010074273 1052683 1019932 677
0b001d01 0b000301 10001 100 10691 2007136603 4016423 1013262 473
0b001101 0b000b01 10001 100 1528763 2009968179 1185815 1140537 666
0b000e01 0b001301 10000 100 73698 2005695696 5473989 1018545 381
0b001b01 0b000c01 10001 100 4432416 2005626562 5546472 1383981 377
0b001901 0b000601 10001 100 2155 2010164586 1012502 1012548 682
0b000301 0b001c01 10000 100 52045 2010272814 1018326 1016732 693
0b000101 0b001601 10000 100 3160882 2008223392 3129222 1277373 552
0b000701 0b001301 10001 100 23506 2010343831 1014407 1014337 698
0b001101 0b000701 10000 100 6498 2010417506 1012884 1012911 703
0b000901 0b001d01 10001 100 21496 2010439380 1015454 1014169 707
0b000f01 0b001f01 10000 100 1089408 2010350643 1110885 1103703 699
0b001101 0b000401 10002 100 321428 2009795559 1721895 1039315 652
0b000601 0b001a01 10000 100 135877 2010566814 1029350 1023757 718
0b001601 0b000d01 10000 100 189589 2010647885 1036401 1028261 722
0b001101 0b000001 10000 100 2868261 2010425596 1279594 1252842 704
0b001801 0b000801 10001 100 28321 2010715982 1015864 1014742 725
0b001a01 0b000b01 10000 100 5935 2010731198 1013944 1012862 726
0b001101 0b000901 10000 100 870563 2010294356 1493340 1085354 695
0b000301 0b001301 10000 100 75075 2010805040 1018920 1018662 728
0b001e01 0b000e01 10000 100 1451037 2010690204 1161370 1134023 723
0b001a01 0b000001 10000 100 1953849 2007008583 4880647 1176176 463
0b000201 0b001e01 10000 100 951422 2010178470 1747761 1092134 684
0b000101 0b001a01 10001 100 1563899 2010215429 1718004 1143482 689
0b000f01 0b001501 10000 100 1288265 2006959091 5020423 1120375 460
0b001c01 0b000d01 10000 100 168068 2010993850 1040331 1026459 736
0b001b01 0b000101 10001 100 8863 2011056501 1013390 1013108 742
0b000b01 0b001b01 10001 100 22384 2011050995 1019878 1014244 740
0b001101 0b000f01 10000 100 54920 2011077234 1019577 1016969 746
0b001c01 0b000401 10001 100 66016 2010427824 1677592 1017903 705
0b001201 0b000c01 10002 100 2485497 2010189800 1953562 1220751 685
0b000d01 0b001901 10002 100 227375 2010128181 2069973 1031430 680
0b001d01 0b000f01 10001 100 33732 2010582245 1654819 1015194 719
0b000c01 0b001e01 10000 100 1476790 2006402672 5863365 1136179 426
0b001201 0b000601 10001 100 4722653 2005380355 6895262 1408313 361
0b001701 0b000801 10000 100 20176 2011386385 1019532 1014059 767
0b001001 0b000601 10000 100 1740001 2011264743 1160847 1158250 760
0b001801 0b000201 10000 100 30125 2011470603 1016136 1014894 773
0b000c01 0b001001 10001 100 46722 2011477178 1019591 1016283 774
0b001f01 0b000401 10001 100 76084 2011486010 1021520 1018747 776
0b000601 0b001901 10000 100 38676 2011528930 1015710 1015608 780
0b000401 0b001201 10001 100 16002 2009622912 2989196 1013710 640
0b000301 0b001f01 10000 100 193963 2011625238 1028809 1028627 787
0b001601 0b000101 10000 100 131188 2011647854 1030093 1023366 791
0b001f01 0b000601 10001 100 76636 2011655644 1046274 1018791 793
0b000801 0b001401 10001 100 1353398 2011551020 1160205 1125836 783
0b001d01 0b000301 10002 100 64264 2010445145 2314510 1017755 708
0b001701 0b000001 10000 100 1730554 2011278147 1489977 1157456 761
0b000301 0b001e01 10000 100 3981125 2005659635 7168183 1346145 379
0b001201 0b000e01 10001 100 1690123 2011017514 1844328 1154068 737
0b000301 0b001c01 10001 100 991988 2011743547 1130326 1095533 798
0b000c01 0b001d01 10000 100 226 2011921763 1012232 1012386 804
0b000501 0b001201 10000 100 1624761 2011830536 1185154 1148585 801
0b001201 0b000301 10002 100 6723 2011367395 1678357 1012929 764
0b001f01 0b000b01 10001 100 30046 2011723228 1355235 1014887 796
0b001201 0b000101 10002 100 4044473 2009134807 3946768 1351455 609
0b001b01 0b000401 10000 100 9863 2012077462 1013165 1013192 810
0b001f01 0b000f01 10000 100 65573 2012125920 1019746 1017864 814
0b000501 0b001a01 10001 100 1745628 2006549650 6637415 1158719 436
0b001e01 0b000d01 10000 100 145528 2011734312 1459540 1024567 797
0b001601 0b000b01 10002 100 130843 2012155699 1043972 1023335 815
0b000901 0b001801 10002 100 15850 2011048724 2187835 1013694 739
0b001701 0b000601 10000 100 161428 2012184808 1065968 1025901 817
0b000c01 0b001f01 10000 100 1599369 2012103371 1150967 1146458 811
0b001b01 0b000f01 10001 100 75287 2012250823 1021425 1018679 820
0b001f01 0b000501 10000 100 2449380 2011612629 1661755 1217723 786
0b000c01 0b001a01 10003 100 924086 2007415890 5916875 1089843 494
0b000b01 0b001501 10002 100 258127 2012275067 1073805 1034009 821
0b001c01 0b000101 10001 100 4478828 2005255411 8095634 1387870 349
0b001701 0b000d01 10000 100 1276162 2012028985 1344356 1119361 809
0b001401 0b000d01 10001 100 1099139 2009544446 3852057 1104520 635
0b000d01 0b001601 10000 100 33466 2012358857 1057594 1015172 830
0b001201 0b000b01 10003 100 38332 2012497043 1015781 1015581 837
0b000301 0b001501 10001 100 41290 2012518780 1022455 1015829 841
0b000b01 0b001d01 10002 100 15432 2012553313 1014355 1013661 844
0b001201 0b000c01 10003 100 120328 2011523348 2052266 1022455 779
0b000901 0b001301 10000 100 601959 2012514923 1072470 1062833 840
0b000501 0b001d01 10001 100 36938 2011379187 2220856 1015462 765
0b000b01 0b001701 10001 100 20016 2011389152 2221440 1014046 768
0b001b01 0b000001 10002 100 7746 2012600106 1013604 1013015 846
0b001801 0b000f01 10001 100 3465994 2008001965 5618267 1302953 543
0b001101 0b000a01 10000 100 15629 2012682240 1016207 1013676 851
0b000701 0b001501 10001 100 2522 2012717218 1012705 1012578 853
0b000601 0b001201 10000 100 26188 2012715220 1016179 1014563 852
0b000701 0b001a01 10001 100 1197860 2007232580 6553857 1112794 478
0b000c01 0b001a01 10004 100 1530 2007919889 5877729 1012495 533
0b000e01 0b001801 10000 100 7329 2012790469 1013415 1012982 857
0b001e01 0b000601 10000 100 9669 2012835986 1013703 1013176 858
0b000f01 0b001501 10001 100 931379 2008293495 5560991 1090454 560
0b001e01 0b000801 10002 100 1314 2012850865 1012543 1012477 859
0b001501 0b000901 10000 100 29437 2012852139 1016251 1014835 861
0b000d01 0b001801 10000 100 7885 2012877918 1013420 1013026 863
0b000801 0b001501 10000 100 1528023 2010481594 3444106 1140478 715
0b001a01 0b000601 10001 100 22288 2012905825 1043828 1014236 868
0b001e01 0b000201 10000 100 594 2012952584 1012274 1012416 873
0b000901 0b001701 10003 100 75444 2011767166 2233689 1018692 799
0b000d01 0b001001 10003 100 1702137 2009477897 4589447 1155075 631
0b001f01 0b000001 10000 100 1330013 2012947517 1123365 1123877 872
0b000201 0b001401 10002 100 34028 2013108138 1020094 1015221 881
0b000a01 0b001a01 10002 100 1032277 2010250150 3958491 1098913 692
0b000d01 0b001d01 10002 100 8415 2013220179 1013999 1013072 888
0b000701 0b001001 10001 100 2322 2013228353 1012808 1012562 889
0b000c01 0b001301 10000 100 8784 2013283370 1013997 1013102 895
0b000701 0b001a01 10002 100 56339 2007837916 6494278 1017091 525
0b001201 0b000a01 10001 100 6549 2012580789 1770779 1012915 845
0b001001 0b000a01 10000 100 1161 2013328406 1044094 1012465 897
0b000101 0b001001 10000 100 3649857 2010561927 3860020 1318369 717
0b000d01 0b001e01 10001 100 67388 2013414118 1019749 1018017 902
0b001001 0b000701 10000 100 8075754 2002143012 12296728 1689437 135
0b000601 0b001801 10000 100 57628 2013491806 1017155 1017197 903
0b001601 0b000701 10000 100 138322 2013492885 1026473 1023964 904
Average intra_dc ratio: 1.465917615198356
