2004 
27 22 3 100 40410 2.000046981
20 22 3 100 1372 2.000052608
0 11 3 100 17643 2.000072668
31 14 3 100 24890 2.000076913
19 18 3 100 31026 2.000084868
21 22 3 100 155 2.000111978
23 27 3 100 1355363 2.000113718
3 11 3 100 7228 2.000137919
26 5 3 100 2690 2.000143028
24 7 3 100 23454027 2.000191370
22 5 3 100 3781069 2.000202258
2 20 3 100 35543 2.000203189
24 16 3 100 4334 2.000207413
30 23 3 100 3232298 2.000226361
7 25 3 100 57599 2.000234273
12 3 3 100 876732 2.000238854
6 2 3 100 8251791 2.000241069
23 21 3 100 62813 2.000265930
13 25 3 100 60067 2.000289284
7 8 3 100 838678 2.000302327
8 7 3 100 3453594 2.000322125
27 28 3 100 1824781 2.000353266
23 15 3 100 49811 2.000353766
13 23 3 100 7251 2.000359016
2 22 3 100 197790 2.000361937
14 28 3 100 8183974 2.000370801
2 19 3 100 3988176 2.000395448
8 29 3 100 6434 2.000452548
1 12 3 100 27220 2.000453666
29 11 3 100 30176 2.000454012
21 31 3 100 8101 2.000484264
25 6 3 100 5905 2.000497082
7 17 3 100 3289517 2.000528455
3 18 3 100 9280096 2.000536460
0 19 3 100 852445 2.000540613
2 29 3 100 39721 2.000553869
28 12 3 100 29705 2.000568176
17 30 3 100 16179 2.000571199
11 9 3 100 4156111 2.000578038
3 2 3 100 55821 2.000581124
29 16 3 100 43662 2.000591967
22 4 3 100 10755 2.000598520
29 22 3 100 21888 2.000604596
31 6 3 100 2653 2.000617679
1 31 3 100 53675 2.000663683
20 3 3 100 4896005 2.000678550
18 27 3 100 4536 2.000678874
8 15 3 100 26972 2.000693005
8 10 3 100 23937 2.000706326
6 19 3 100 4661902 2.000712837
23 20 3 100 38655 2.000720562
18 25 3 100 8544244 2.000727639
10 28 3 100 7554541 2.000731232
7 22 3 100 737186 2.000741441
13 15 3 100 145335 2.000757981
12 16 3 100 72634 2.000771849
8 19 3 100 393148 2.000793128
0 12 3 100 1120585 2.000806227
29 0 3 100 1744 2.000866834
10 5 3 100 9163 2.000884721
8 0 3 100 146312 2.000906581
16 8 3 100 43385 2.000937141
4 23 3 100 5679635 2.000942460
20 25 3 100 23576 2.000962264
6 2 3 100 3115218 2.000962809
20 7 3 100 36765 2.000972474
29 16 3 100 20775 2.000972886
9 24 3 100 2072738 2.000975200
11 23 3 100 3362611 2.001001580
11 6 3 100 27929 2.001003450
16 13 3 100 5872 2.001034028
4 22 3 100 1322310 2.001041761
15 1 3 100 3852496 2.001056501
9 30 3 100 69287 2.001121386
7 8 3 100 5635 2.001131263
26 15 3 100 292687 2.001136780
20 22 3 100 8712 2.001143936
15 18 3 100 9065357 2.001169333
18 2 3 100 8939 2.001176911
5 20 3 100 58951 2.001240718
14 4 3 100 1273 2.001252052
18 3 3 100 6126 2.001259579
29 1 3 100 1008130 2.001271312
12 2 3 100 40085 2.001308788
5 25 3 100 172550 2.001356073
26 30 3 100 71397 2.001361335
9 27 3 100 64577 2.001366261
21 10 3 100 13015 2.001392844
28 4 3 100 8971140 2.001397076
29 5 3 100 4566634 2.001451546
14 0 3 100 8075 2.001462635
27 25 3 100 9244946 2.001487218
14 22 3 100 9069612 2.001550493
17 6 3 100 236 2.001570938
10 17 3 100 35709 2.001585844
29 1 3 100 1314790 2.001606834
12 6 3 100 7193 2.001609936
8 10 3 100 3480 2.001614476
27 5 3 100 11115 2.001635506
30 27 3 100 1444 2.001638329
25 5 3 100 3265611 2.001643108
19 21 3 100 4133 2.001646692
23 25 3 100 1680 2.001681429
8 25 3 100 8778712 2.001704627
15 26 3 100 6638 2.001728463
14 12 3 100 2491596 2.001775450
12 24 3 100 1739959 2.001784593
27 17 3 100 1763178 2.001798004
2 26 3 100 48209 2.001816593
7 2 3 100 29190 2.001817413
27 12 3 100 52048 2.001820899
13 2 3 100 51715 2.001824801
12 28 3 100 27304 2.001835264
16 30 3 100 137146 2.001847749
3 16 3 100 1335134 2.001856447
18 1 3 100 3383453 2.001863566
24 1 3 100 1894 2.001871885
6 23 3 100 25946 2.001882069
1 23 3 100 2710236 2.001899431
7 23 3 100 79955 2.001927902
0 3 3 100 23486852 2.001928897
14 27 3 100 63312 2.001945010
3 26 3 100 28372585 2.001969776
23 31 3 100 39275 2.001987267
8 22 3 100 21305 2.001993716
9 8 3 100 7642353 2.002001795
30 15 3 100 11711 2.002055489
7 0 3 100 187571 2.002062265
13 2 3 100 32313 2.002069281
2 3 3 100 2666980 2.002069637
29 31 3 100 2067288 2.002075985
22 28 3 100 4125307 2.002100156
0 27 3 100 5876434 2.002113169
18 30 3 100 1807392 2.002128393
5 26 3 100 10102 2.002136782
16 7 3 100 8075754 2.002143013
13 6 3 100 23386 2.002164944
25 16 3 100 25203 2.002178796
27 13 3 100 9421 2.002186117
27 0 3 100 26143 2.002192401
9 29 3 100 1982668 2.002238629
26 3 3 100 24637 2.002257478
27 23 3 100 6569025 2.002318571
19 7 3 100 48552 2.002346319
14 15 3 100 49690 2.002357685
13 12 3 100 1955 2.002369995
22 19 3 100 1126 2.002385135
8 30 3 100 3708042 2.002416916
12 26 3 100 9877227 2.002459682
18 28 3 100 3494799 2.002473004
22 3 3 100 3417159 2.002500315
22 8 3 100 10670206 2.002512112
31 16 3 100 2436714 2.002533352
0 9 3 100 13634935 2.002541509
9 18 3 100 25415 2.002551295
4 7 3 100 9923 2.002561847
17 26 3 100 62160 2.002563567
3 1 3 100 4489 2.002583755
18 11 3 100 1661 2.002612822
3 0 3 100 57076 2.002636477
14 11 3 100 1868738 2.002640042
30 10 3 100 867610 2.002670215
24 5 3 100 2793373 2.002670874
20 0 3 100 21838 2.002683282
2 1 3 100 4992657 2.002687769
7 26 3 100 952809 2.002694078
2 17 3 100 48212 2.002701385
4 17 3 100 27020 2.002722272
30 28 3 100 46855 2.002742073
2 27 3 100 39325 2.002771791
20 30 3 100 70119 2.002772323
16 4 3 100 811433 2.002775038
3 29 3 100 55137 2.002790548
12 26 3 100 65695 2.002790885
5 27 3 100 24388 2.002796396
26 14 3 100 23040 2.002797862
11 30 3 100 188203 2.002799218
24 29 3 100 2572 2.002819883
30 12 3 100 8538615 2.002825090
28 6 3 100 5331 2.002835094
10 26 3 100 65607 2.002843789
27 1 3 100 25095 2.002851319
10 20 3 100 3741 2.002876367
23 2 3 100 2368820 2.002904911
16 24 3 100 48697 2.002928213
10 12 3 100 15816165 2.002934212
22 20 3 100 47694 2.002972407
23 5 3 100 6435 2.002977351
24 15 3 100 587083 2.002980147
7 0 3 100 4697 2.003000840
13 2 3 100 20150 2.003028093
6 21 3 100 1368177 2.003034907
24 5 3 100 42155 2.003052107
6 5 3 100 5736 2.003076061
6 17 3 100 55895 2.003079983
18 25 3 100 2541 2.003117583
27 8 3 100 598482 2.003130310
3 23 3 100 20873970 2.003137295
12 14 3 100 21316 2.003150910
15 5 3 100 30141 2.003159733
2 16 3 100 4250147 2.003177895
28 9 3 100 6994751 2.003227562
27 7 3 100 198320 2.003231238
11 14 3 100 2550165 2.003235994
9 25 3 100 26980 2.003236064
6 0 3 100 1315534 2.003248093
14 23 3 100 6838 2.003251764
25 24 3 100 361101 2.003262993
5 29 3 100 3059349 2.003264449
27 11 3 100 4119624 2.003267693
8 20 3 100 47832 2.003290540
13 29 3 100 46806 2.003298950
5 13 3 100 18003 2.003318661
12 13 3 100 24595046 2.003323192
1 2 3 100 70488 2.003325181
26 24 3 100 1675752 2.003336442
11 7 3 100 59594 2.003359603
18 19 3 100 20822015 2.003386763
10 29 3 100 3666827 2.003391913
7 30 3 100 492 2.003400495
3 13 3 100 50443 2.003400944
17 31 3 100 5295 2.003408540
13 25 3 100 1274590 2.003428224
14 21 3 100 24064 2.003433334
1 27 3 100 76228 2.003451156
15 29 3 100 1721908 2.003459257
22 2 3 100 5703964 2.003465933
31 30 3 100 40529 2.003528339
19 24 3 100 1489855 2.003550975
9 23 3 100 53524 2.003587615
18 23 3 100 38791 2.003618221
3 27 3 100 5282995 2.003664079
1 26 3 100 21409 2.003698318
9 23 3 100 3556759 2.003714462
26 2 3 100 3242 2.003731840
0 4 3 100 55140 2.003736267
21 29 3 100 276 2.003739422
13 2 3 100 295461 2.003742171
4 14 3 100 35368 2.003747291
30 29 3 100 13761 2.003749016
23 28 3 100 25502 2.003749304
30 18 3 100 69492 2.003763664
13 23 3 100 9497 2.003780082
11 6 3 100 108382 2.003783627
20 12 3 100 7390 2.003794660
2 4 3 100 27465 2.003805796
20 10 3 100 8987 2.003806054
23 2 3 100 1557789 2.003819991
25 7 3 100 63564 2.003833582
0 26 3 100 1415382 2.003840149
5 2 3 100 23096 2.003842119
6 10 3 100 4875705 2.003848553
28 25 3 100 33162 2.003854312
5 25 3 100 31485 2.003855282
3 24 3 100 247359 2.003856055
28 1 3 100 65130 2.003871242
11 10 3 100 28038 2.003882402
18 6 3 100 1637634 2.003899545
28 15 3 100 23660 2.003919034
26 4 3 100 927681 2.003920294
28 20 3 100 794067 2.003935510
31 4 3 100 6894 2.003952233
16 24 3 100 25673 2.003956735
22 11 3 100 24928 2.003964183
0 8 3 100 29869 2.003982273
31 30 3 100 7956817 2.004008237
17 28 3 100 50112 2.004012026
20 8 3 100 1966082 2.004040734
17 4 3 100 4461761 2.004066236
11 30 3 100 324892 2.004084865
15 29 3 100 39358 2.004085840
5 16 3 100 739764 2.004101562
20 24 3 100 958 2.004123065
30 23 3 100 2649753 2.004129668
18 10 3 100 5599746 2.004146065
17 27 3 100 1367 2.004154633
22 31 3 100 190887 2.004163538
4 5 3 100 7379577 2.004166879
27 18 3 100 48955 2.004185596
10 0 3 100 116792 2.004220623
22 23 3 100 176500 2.004247051
29 30 3 100 67905 2.004248005
29 19 3 100 8332210 2.004250326
1 10 3 100 49401 2.004251733
30 10 3 100 1378571 2.004264782
0 14 3 100 3574766 2.004271432
16 2 3 100 62751 2.004286404
6 10 3 100 173449 2.004297409
24 5 3 100 640292 2.004301029
17 22 3 100 11968 2.004302119
3 6 3 100 8674041 2.004313467
1 28 3 100 8747 2.004331525
11 2 3 100 787578 2.004332378
24 3 3 100 423918 2.004343538
16 17 3 100 2121262 2.004348577
29 5 3 100 2879 2.004365298
26 4 3 100 3366917 2.004374754
14 11 3 100 33270 2.004384521
25 31 3 100 1762506 2.004387401
30 9 3 100 9198163 2.004396119
4 9 3 100 7018 2.004426831
4 21 3 100 22400 2.004428818
30 16 3 100 21873 2.004450805
15 24 3 100 35771 2.004453014
27 0 3 100 69635 2.004478417
31 17 3 100 9297082 2.004507182
1 12 3 100 52645 2.004541555
5 30 3 100 6890 2.004544695
31 13 3 100 137235 2.004548562
5 0 3 100 184232 2.004591636
22 11 3 100 1154832 2.004608262
29 3 3 100 5422266 2.004615355
15 24 3 100 168089 2.004622780
10 16 3 100 563 2.004635933
4 3 3 100 33588 2.004645937
21 0 3 100 524 2.004657562
25 31 3 100 21253 2.004698500
15 24 3 100 535388 2.004766633
16 28 3 100 4216308 2.004796789
9 25 3 100 5860 2.004825533
8 29 3 100 11374785 2.004831699
22 8 3 100 2632842 2.004831787
29 12 3 100 3698899 2.004833373
11 30 3 100 1798953 2.004838680
2 11 3 100 5543 2.004845722
17 11 3 100 15528 2.004853145
22 25 3 100 5334 2.004859547
0 18 3 100 36653 2.004876852
27 8 3 100 10286 2.004893917
24 11 3 100 118729 2.004894842
31 16 3 100 28475 2.004918681
29 19 3 100 910458 2.004925923
14 30 3 100 4697546 2.004934616
13 21 3 100 32940 2.004946717
27 15 3 100 29956 2.004953565
30 9 3 100 75480 2.004977836
21 8 3 100 59180 2.004983486
22 3 3 100 71787 2.004995522
26 6 3 100 60744 2.005007166
6 9 3 100 41793 2.005048245
9 17 3 100 140378 2.005055353
0 5 3 100 4472 2.005087025
25 17 3 100 49603 2.005089466
13 7 3 100 47598 2.005108439
16 31 3 100 162550 2.005126726
2 24 3 100 17856864 2.005131440
21 30 3 100 5917 2.005193548
1 9 3 100 145807 2.005226129
10 29 3 100 2553972 2.005230413
28 1 3 100 4478828 2.005255412
28 23 3 100 6131 2.005263288
21 5 3 100 55383 2.005278333
8 12 3 100 9361278 2.005282607
2 28 3 100 62299 2.005290715
20 30 3 100 77479 2.005316865
19 11 3 100 16296100 2.005318011
15 25 3 100 8189330 2.005322963
19 27 3 100 434111 2.005340904
20 29 3 100 8338684 2.005363614
1 31 3 100 5430 2.005371682
0 14 3 100 343664 2.005378029
18 6 3 100 4722653 2.005380356
24 8 3 100 3704041 2.005386100
25 18 3 100 4892581 2.005387982
23 5 3 100 7447 2.005406466
9 14 3 100 1433246 2.005428971
3 7 3 100 10875140 2.005448921
12 10 3 100 8206 2.005500717
17 25 3 100 11434 2.005508656
20 13 3 100 172154 2.005511742
21 15 3 100 2604848 2.005513106
31 11 3 100 489460 2.005536206
11 27 3 100 45082 2.005546194
29 15 3 100 53624 2.005550007
1 29 3 100 71479 2.005567827
14 20 3 100 9443220 2.005579730
7 8 3 100 68446 2.005593980
27 12 3 100 4432416 2.005626563
8 2 3 100 4925 2.005652383
3 30 3 100 3981125 2.005659636
9 5 3 100 1037170 2.005677216
14 19 3 100 73698 2.005695696
22 8 3 100 2469311 2.005699158
14 0 3 100 12758 2.005701934
10 5 3 100 40040 2.005717554
18 3 3 100 1450761 2.005727874
20 11 3 100 70261 2.005745781
1 17 3 100 28025197 2.005754608
12 3 3 100 7963 2.005769084
18 7 3 100 20015727 2.005773188
11 1 3 100 6754 2.005790211
18 12 3 100 24510 2.005795009
21 0 3 100 34235 2.005810111
28 0 3 100 2580086 2.005819317
22 6 3 100 199248 2.005833315
27 20 3 100 20239991 2.005888742
3 5 3 100 334 2.005921384
8 16 3 100 14690 2.005946507
7 16 3 100 73474 2.005960465
6 28 3 100 107836 2.005971436
17 4 3 100 77686 2.006016238
25 14 3 100 2687370 2.006030929
11 13 3 100 67072 2.006038654
15 30 3 100 1960261 2.006044511
28 14 3 100 52345 2.006046923
25 29 3 100 32876 2.006055034
11 25 3 100 24527 2.006066556
12 26 3 100 40037 2.006077619
31 3 3 100 7693889 2.006103900
26 8 3 100 47846 2.006137935
17 2 3 100 9692 2.006149341
1 8 3 100 76803 2.006171227
12 22 3 100 72315 2.006180165
13 16 3 100 149183 2.006195667
31 7 3 100 17642953 2.006196443
19 16 3 100 3483088 2.006198330
29 0 3 100 2206808 2.006206796
31 2 3 100 56799 2.006217328
18 14 3 100 176881 2.006218565
28 24 3 100 580534 2.006220160
30 8 3 100 49384 2.006243227
30 9 3 100 2350 2.006273278
29 28 3 100 32892 2.006348451
1 15 3 100 17668 2.006365715
23 24 3 100 78095 2.006366047
18 11 3 100 6928 2.006369334
12 30 3 100 1476790 2.006402672
22 3 3 100 232 2.006402851
10 8 3 100 166727 2.006407664
14 6 3 100 6115 2.006434606
4 2 3 100 22894 2.006452991
9 23 3 100 9018 2.006456841
20 3 3 100 6042052 2.006477215
24 19 3 100 20704 2.006478718
14 3 3 100 49704 2.006489790
19 24 3 100 71920 2.006491732
5 26 3 100 1745628 2.006549650
2 23 3 100 4983664 2.006552558
24 6 3 100 21848 2.006560449
29 2 3 100 45255 2.006564330
8 15 3 100 77768 2.006569260
4 26 3 100 57633 2.006579388
13 17 3 100 30780 2.006597158
0 6 3 100 54460 2.006606701
11 31 3 100 50870 2.006638956
6 27 3 100 8086199 2.006657911
11 13 3 100 8133567 2.006669097
7 31 3 100 982207 2.006690014
9 6 3 100 6618 2.006704591
8 31 3 100 24481 2.006799503
19 10 3 100 1098940 2.006835219
25 20 3 100 1278329 2.006867238
14 31 3 100 29604 2.006868479
0 12 3 100 13186 2.006905553
1 8 3 100 17488 2.006925570
11 0 3 100 7758709 2.006939652
25 15 3 100 2977 2.006940094
18 1 3 100 1584268 2.006940110
1 8 3 100 58332 2.006942794
2 31 3 100 7980579 2.006950465
15 21 3 100 1288265 2.006959091
9 27 3 100 18951 2.006983891
18 5 3 100 170240 2.006987728
26 0 3 100 1953849 2.007008583
20 31 3 100 6360 2.007010229
11 9 3 100 25786 2.007014230
25 22 3 100 18116 2.007018344
14 15 3 100 65580 2.007026776
6 23 3 100 4700 2.007056962
13 31 3 100 8039459 2.007098042
0 4 3 100 8552828 2.007105488
17 21 3 100 7623486 2.007109534
11 21 3 100 1556930 2.007127365
29 3 3 100 10691 2.007136603
29 25 3 100 397220 2.007196486
9 6 3 100 386220 2.007197656
4 3 3 100 139774 2.007222756
17 3 3 100 189633 2.007224686
7 26 3 100 1197860 2.007232581
10 18 3 100 152795 2.007234862
1 20 3 100 11314 2.007236117
16 22 3 100 39939 2.007238689
27 13 3 100 1023635 2.007251953
18 26 3 100 9473321 2.007252837
20 21 3 100 196464 2.007256092
10 30 3 100 1296 2.007286111
20 31 3 100 2439771 2.007288242
3 4 3 100 14485 2.007309017
3 22 3 100 18589 2.007311737
31 17 3 100 946371 2.007372613
3 2 3 100 9394 2.007374278
29 23 3 100 9428 2.007383552
26 30 3 100 7334 2.007388186
13 20 3 100 16668 2.007404306
12 26 3 100 924086 2.007415891
7 22 3 100 5768 2.007426811
28 24 3 100 38879 2.007430583
9 14 3 100 36467 2.007437451
24 0 3 100 2446952 2.007498576
0 12 3 100 8787 2.007505363
16 2 3 100 1129905 2.007512808
29 18 3 100 3239318 2.007528085
10 21 3 100 27718 2.007533602
1 6 3 100 298203 2.007546339
9 31 3 100 134042 2.007553542
7 21 3 100 146163 2.007576074
24 11 3 100 469846 2.007576975
18 24 3 100 1152044 2.007586321
15 4 3 100 657 2.007598890
24 20 3 100 35978 2.007624257
9 0 3 100 13706 2.007630887
5 20 3 100 78446 2.007649519
8 3 3 100 42475 2.007652170
13 23 3 100 28242450 2.007662380
13 16 3 100 77017 2.007689562
23 10 3 100 683351 2.007719579
6 4 3 100 729187 2.007729649
9 31 3 100 5414 2.007747797
22 28 3 100 465311 2.007748001
1 4 3 100 60342 2.007760252
30 8 3 100 33426 2.007768769
17 19 3 100 46250 2.007801088
28 10 3 100 1925314 2.007811053
9 10 3 100 12409 2.007819310
1 31 3 100 1718378 2.007835552
7 26 3 100 56339 2.007837916
13 29 3 100 6795 2.007841456
0 22 3 100 29263329 2.007846422
4 2 3 100 30949 2.007856356
9 24 3 100 1657678 2.007866052
17 2 3 100 293923 2.007868292
4 18 3 100 4777807 2.007872144
13 23 3 100 40220 2.007904999
12 26 3 100 1530 2.007919889
14 3 3 100 28403 2.007928053
25 0 3 100 8173 2.007943473
12 22 3 100 102245 2.007952865
9 10 3 100 23674 2.007979192
12 20 3 100 11173 2.007984170
18 2 3 100 15212 2.007987088
23 25 3 100 255 2.007991983
13 16 3 100 6882 2.007994704
16 15 3 100 9593073 2.007999667
24 15 3 100 3465994 2.008001965
11 6 3 100 4746 2.008039634
21 31 3 100 1416 2.008093742
22 14 3 100 74770 2.008095865
15 17 3 100 464 2.008096545
3 12 3 100 9089 2.008119507
30 17 3 100 1498 2.008129374
23 10 3 100 74884 2.008143668
26 25 3 100 424766 2.008184205
1 22 3 100 3160882 2.008223392
21 1 3 100 21525131 2.008224659
26 31 3 100 15115 2.008231789
21 5 3 100 7518661 2.008237382
19 24 3 100 1777075 2.008239410
9 4 3 100 2882 2.008244441
28 6 3 100 1123413 2.008263051
10 1 3 100 7108931 2.008292601
15 21 3 100 931379 2.008293496
0 21 3 100 3001996 2.008295312
19 15 3 100 39155 2.008308497
6 15 3 100 77188 2.008319185
25 2 3 100 38116 2.008346854
18 11 3 100 44932 2.008359818
16 20 3 100 1123228 2.008373159
2 20 3 100 87795 2.008385407
14 16 3 100 43085 2.008418731
28 20 3 100 4277265 2.008440827
7 11 3 100 4169805 2.008442684
11 17 3 100 1841234 2.008456523
8 25 3 100 1553763 2.008465847
7 19 3 100 1678007 2.008483682
15 5 3 100 11628 2.008489931
29 6 3 100 174162 2.008542532
8 5 3 100 73157 2.008574171
12 27 3 100 1661 2.008577314
16 14 3 100 276545 2.008603987
16 13 3 100 64005 2.008631391
13 30 3 100 35223 2.008634516
24 17 3 100 4558 2.008675509
16 3 3 100 12094 2.008702673
19 24 3 100 652889 2.008732461
25 21 3 100 64335 2.008750023
24 21 3 100 23163 2.008775608
31 28 3 100 6879446 2.008776455
22 8 3 100 1782904 2.008784567
26 2 3 100 25993 2.008844439
0 16 3 100 1950975 2.008845195
24 30 3 100 64124 2.008851966
25 3 3 100 53420 2.008855155
29 20 3 100 2789391 2.008858495
21 12 3 100 1685217 2.008896252
6 14 3 100 4568198 2.008900746
10 2 3 100 765907 2.008902803
6 17 3 100 3176352 2.008910829
31 3 3 100 42524 2.008954235
25 17 3 100 557655 2.008955806
30 5 3 100 1919 2.008964061
9 3 3 100 627304 2.008971673
30 24 3 100 20517 2.008976274
5 16 3 100 990559 2.008991917
22 14 3 100 4772 2.009012207
3 22 3 100 415491 2.009021454
11 5 3 100 6813759 2.009033683
6 4 3 100 11729 2.009095429
26 14 3 100 24769941 2.009100180
0 4 3 100 1682574 2.009128885
18 1 3 100 4044473 2.009134807
2 18 3 100 61987 2.009160743
22 10 3 100 76184 2.009170741
27 7 3 100 79172 2.009175599
1 28 3 100 196247 2.009184873
12 5 3 100 24903 2.009187176
26 5 3 100 2030 2.009234905
3 21 3 100 73737 2.009239600
0 23 3 100 78471 2.009255575
4 27 3 100 23608 2.009264839
26 3 3 100 14311140 2.009269466
27 9 3 100 700359 2.009272262
5 14 3 100 6962 2.009273113
26 12 3 100 46379 2.009329402
21 17 3 100 17941443 2.009333553
5 24 3 100 20144 2.009349217
31 19 3 100 770807 2.009375270
14 29 3 100 59234 2.009376388
2 16 3 100 22987271 2.009402515
26 24 3 100 185571 2.009406124
16 26 3 100 22532 2.009413153
5 30 3 100 1032682 2.009467366
13 16 3 100 1702137 2.009477897
24 28 3 100 63783 2.009483953
11 22 3 100 20369 2.009486633
29 20 3 100 25069 2.009502115
20 13 3 100 1099139 2.009544446
10 2 3 100 25625 2.009561847
18 12 3 100 56536 2.009570575
17 29 3 100 891977 2.009608200
11 4 3 100 8190354 2.009617153
4 18 3 100 16002 2.009622913
1 11 3 100 550066 2.009641881
12 23 3 100 1062795 2.009674864
5 14 3 100 601114 2.009689312
0 14 3 100 24454 2.009697856
28 24 3 100 3611372 2.009732206
22 27 3 100 39358 2.009739417
22 8 3 100 24112 2.009747196
12 6 3 100 37879 2.009767769
17 24 3 100 7523 2.009770144
1 0 3 100 40141 2.009780611
29 24 3 100 30391 2.009789051
17 4 3 100 321428 2.009795559
27 5 3 100 68800 2.009799245
16 23 3 100 368247 2.009799300
4 16 3 100 1838855 2.009803129
2 15 3 100 7309 2.009830079
13 8 3 100 15710581 2.009868391
25 27 3 100 132258 2.009909146
4 1 3 100 2405230 2.009911570
11 21 3 100 18870 2.009925265
10 26 3 100 5766 2.009926572
12 0 3 100 74254 2.009929046
15 27 3 100 68698 2.009935410
11 29 3 100 4400 2.009942132
6 9 3 100 8835 2.009946294
17 11 3 100 1528763 2.009968180
31 16 3 100 849233 2.010008611
25 30 3 100 51869 2.010009492
12 1 3 100 7844 2.010014338
3 2 3 100 64217 2.010021696
12 24 3 100 9646496 2.010028515
27 16 3 100 8790 2.010041800
9 7 3 100 8948 2.010048243
11 29 3 100 18224 2.010063964
20 18 3 100 8977 2.010070943
2 16 3 100 325774 2.010071379
30 11 3 100 90230 2.010074274
31 19 3 100 1501598 2.010075596
19 3 3 100 79994 2.010100629
13 25 3 100 227375 2.010128182
20 18 3 100 1968329 2.010131392
25 6 3 100 2155 2.010164587
9 1 3 100 3658950 2.010165494
2 30 3 100 951422 2.010178470
18 12 3 100 2485497 2.010189800
2 24 3 100 91462 2.010191838
31 26 3 100 676712 2.010195753
10 4 3 100 1125 2.010206698
1 26 3 100 1563899 2.010215429
2 7 3 100 3293208 2.010215852
11 26 3 100 9354291 2.010240205
10 26 3 100 1032277 2.010250150
3 28 3 100 52045 2.010272815
7 6 3 100 73268 2.010272995
17 9 3 100 870563 2.010294356
6 14 3 100 4670 2.010311851
23 22 3 100 8975854 2.010316508
7 19 3 100 23506 2.010343831
15 31 3 100 1089408 2.010350644
26 29 3 100 7322330 2.010356297
22 28 3 100 1676126 2.010357290
6 11 3 100 12782 2.010401516
17 7 3 100 6498 2.010417506
17 0 3 100 2868261 2.010425597
28 4 3 100 66016 2.010427824
6 17 3 100 38577 2.010438579
9 29 3 100 21496 2.010439380
29 3 3 100 64264 2.010445146
4 14 3 100 35628 2.010445424
9 4 3 100 12711 2.010447392
2 18 3 100 7930982 2.010450983
4 21 3 100 1534618 2.010463679
1 11 3 100 1294075 2.010478591
0 9 3 100 14899853 2.010479468
8 21 3 100 1528023 2.010481595
2 16 3 100 8106971 2.010487590
1 16 3 100 3649857 2.010561928
6 26 3 100 135877 2.010566815
29 15 3 100 33732 2.010582245
30 22 3 100 18199 2.010594506
12 9 3 100 30748 2.010614742
22 13 3 100 189589 2.010647885
30 14 3 100 1451037 2.010690205
14 7 3 100 4389847 2.010703004
24 8 3 100 28321 2.010715983
26 11 3 100 5935 2.010731199
30 29 3 100 377592 2.010785693
3 19 3 100 75075 2.010805040
24 17 3 100 8982 2.010839043
13 0 3 100 57455 2.010863659
29 24 3 100 13341 2.010908308
13 23 3 100 24947 2.010921447
25 26 3 100 229170 2.010928689
5 28 3 100 8761467 2.010931336
23 31 3 100 1971551 2.010935206
28 13 3 100 168068 2.010993851
18 14 3 100 1690123 2.011017514
25 30 3 100 3984337 2.011022533
9 24 3 100 15850 2.011048724
11 27 3 100 22384 2.011050996
21 18 3 100 1836033 2.011053715
27 1 3 100 8863 2.011056501
14 8 3 100 29992 2.011061069
1 15 3 100 44837 2.011068013
22 20 3 100 39025 2.011074515
17 15 3 100 54920 2.011077234
22 26 3 100 1096767 2.011088795
2 0 3 100 6641176 2.011096076
3 13 3 100 15901 2.011097186
28 25 3 100 39888 2.011110726
30 12 3 100 4988145 2.011121925
7 2 3 100 3967 2.011136895
5 12 3 100 386053 2.011145979
23 2 3 100 3833847 2.011163902
26 2 3 100 24304947 2.011195713
30 25 3 100 916471 2.011200655
30 26 3 100 4598622 2.011202195
15 8 3 100 5858 2.011213032
23 7 3 100 8272861 2.011249544
16 6 3 100 1740001 2.011264744
23 0 3 100 1730554 2.011278147
1 14 3 100 18839 2.011338171
8 12 3 100 21931 2.011357929
18 3 3 100 6723 2.011367396
5 29 3 100 36938 2.011379188
2 10 3 100 162718 2.011380950
23 8 3 100 20176 2.011386385
11 23 3 100 20016 2.011389152
30 18 3 100 5801 2.011398899
3 11 3 100 1588728 2.011400968
14 8 3 100 2502 2.011452072
30 22 3 100 5812 2.011459182
24 2 3 100 30125 2.011470604
12 16 3 100 46722 2.011477179
16 24 3 100 260521 2.011479769
31 4 3 100 76084 2.011486010
23 26 3 100 42741 2.011493075
21 14 3 100 4797292 2.011493858
18 12 3 100 120328 2.011523349
6 25 3 100 38676 2.011528931
19 21 3 100 8265 2.011533744
31 28 3 100 1414978 2.011550282
8 20 3 100 1353398 2.011551021
25 2 3 100 29298741 2.011577716
12 4 3 100 13725 2.011599461
31 5 3 100 2449380 2.011612629
3 31 3 100 193963 2.011625239
2 3 3 100 62799 2.011637064
28 22 3 100 3171 2.011638809
7 15 3 100 30767 2.011642433
22 1 3 100 131188 2.011647854
15 19 3 100 4706149 2.011652556
31 6 3 100 76636 2.011655645
17 28 3 100 9269 2.011675691
2 22 3 100 5375555 2.011685390
31 11 3 100 30046 2.011723229
30 13 3 100 145528 2.011734312
3 28 3 100 991988 2.011743547
9 23 3 100 75444 2.011767167
31 17 3 100 13960 2.011776210
5 18 3 100 1624761 2.011830536
26 21 3 100 31684 2.011839702
2 3 3 100 4326 2.011908479
12 29 3 100 226 2.011921763
25 21 3 100 1967697 2.011943987
10 16 3 100 9095776 2.011948747
28 16 3 100 353795 2.011951765
11 1 3 100 4713810 2.012010681
23 13 3 100 1276162 2.012028986
27 4 3 100 9863 2.012077462
12 31 3 100 1599369 2.012103372
16 31 3 100 859 2.012111407
28 29 3 100 8078 2.012113895
31 15 3 100 65573 2.012125921
22 11 3 100 130843 2.012155699
4 6 3 100 53431 2.012161191
23 6 3 100 161428 2.012184809
3 27 3 100 1430989 2.012199760
5 2 3 100 111388 2.012217147
27 15 3 100 75287 2.012250823
11 21 3 100 258127 2.012275067
18 17 3 100 85656 2.012277788
8 13 3 100 75508 2.012281140
30 13 3 100 58156 2.012292097
11 14 3 100 24395 2.012294723
20 28 3 100 58114 2.012301169
24 15 3 100 731440 2.012336593
5 28 3 100 1797248 2.012349722
14 10 3 100 11830440 2.012351297
13 22 3 100 33466 2.012358857
4 9 3 100 15954 2.012362844
29 28 3 100 6790422 2.012428002
10 9 3 100 24963 2.012439022
26 22 3 100 51649 2.012450148
23 7 3 100 2646957 2.012464087
1 17 3 100 29712 2.012471605
18 11 3 100 38332 2.012497044
3 7 3 100 25488 2.012500140
3 30 3 100 5751818 2.012504741
9 19 3 100 601959 2.012514924
3 21 3 100 41290 2.012518780
9 12 3 100 116168 2.012523916
17 27 3 100 5856951 2.012550526
11 29 3 100 15432 2.012553314
18 10 3 100 6549 2.012580790
27 0 3 100 7746 2.012600107
8 5 3 100 76684 2.012628026
27 20 3 100 61565 2.012650841
24 17 3 100 57473 2.012666314
25 20 3 100 3684275 2.012670082
17 10 3 100 15629 2.012682241
6 18 3 100 26188 2.012715220
7 21 3 100 2522 2.012717218
28 23 3 100 16213 2.012723492
11 13 3 100 67875 2.012750065
19 22 3 100 2514364 2.012751587
14 24 3 100 7329 2.012790469
30 6 3 100 9669 2.012835987
30 8 3 100 1314 2.012850866
11 8 3 100 52502 2.012851189
21 9 3 100 29437 2.012852139
27 9 3 100 1376683 2.012855553
13 24 3 100 7885 2.012877918
22 25 3 100 6396 2.012883259
13 31 3 100 3157226 2.012896882
25 22 3 100 8912735 2.012898618
29 12 3 100 27073 2.012900330
26 6 3 100 22288 2.012905826
16 9 3 100 19450981 2.012926113
25 14 3 100 3744764 2.012927063
29 7 3 100 6665510 2.012939668
31 0 3 100 1330013 2.012947518
30 2 3 100 594 2.012952585
18 1 3 100 31890 2.012959895
24 25 3 100 27674 2.012968241
23 29 3 100 1317626 2.013015259
1 20 3 100 88 2.013022293
8 6 3 100 75885 2.013052385
10 2 3 100 28460 2.013075402
25 26 3 100 8131500 2.013093583
2 20 3 100 34028 2.013108139
16 28 3 100 9695 2.013118811
23 13 3 100 8223989 2.013144616
1 31 3 100 3267807 2.013151258
28 20 3 100 43108 2.013155661
17 29 3 100 3536 2.013170643
12 10 3 100 1295892 2.013183136
13 29 3 100 8415 2.013220179
7 16 3 100 2322 2.013228353
23 27 3 100 43339 2.013228842
21 31 3 100 828 2.013266438
6 1 3 100 24321 2.013273399
1 23 3 100 3703431 2.013275992
9 5 3 100 19502 2.013280437
12 19 3 100 8784 2.013283371
8 5 3 100 6488545 2.013323133
16 10 3 100 1161 2.013328407
3 4 3 100 38955 2.013342030
26 22 3 100 41616 2.013348077
1 9 3 100 8279 2.013350298
0 12 3 100 76497 2.013398655
13 30 3 100 67388 2.013414118
6 24 3 100 57628 2.013491807
22 7 3 100 138322 2.013492886
9 4 3 100 17806 2.013535662
11 0 3 100 20480 2.013562602
0 16 3 100 397 2.013584883
12 27 3 100 749301 2.013613213
10 15 3 100 537414 2.013637744
29 16 3 100 4068 2.013652958
3 13 3 100 7890449 2.013658914
24 25 3 100 2425987 2.013659711
0 12 3 100 898526 2.013695192
26 8 3 100 19130925 2.013727243
11 9 3 100 3184425 2.013747235
3 17 3 100 3451707 2.013752269
20 12 3 100 798565 2.013766885
6 30 3 100 75698 2.013767366
11 20 3 100 122402 2.013768311
29 2 3 100 46488 2.013784787
3 10 3 100 5700 2.013785215
20 27 3 100 63448 2.013789375
4 7 3 100 20887814 2.013789486
16 8 3 100 337088 2.013815200
1 4 3 100 20624 2.013831974
7 23 3 100 1715754 2.013839217
23 1 3 100 40776 2.013856717
27 8 3 100 3888 2.013876422
20 29 3 100 5171 2.013894375
5 30 3 100 1961607 2.013900136
20 6 3 100 60370 2.013903247
1 2 3 100 23305086 2.013903927
18 11 3 100 41216 2.013911385
16 8 3 100 786 2.013916563
21 8 3 100 1426659 2.013921689
13 5 3 100 1756 2.013948066
6 21 3 100 156820 2.013948995
26 28 3 100 7766070 2.013985186
24 19 3 100 27221 2.014015064
27 8 3 100 70210 2.014039052
22 13 3 100 28497 2.014050639
30 19 3 100 200 2.014062849
20 26 3 100 73273 2.014067394
18 11 3 100 27753904 2.014081713
30 12 3 100 89668 2.014086278
0 9 3 100 230 2.014090949
10 17 3 100 1680796 2.014091664
28 24 3 100 1046156 2.014110274
1 16 3 100 42714 2.014126642
24 30 3 100 70008 2.014136637
12 27 3 100 958553 2.014153517
26 31 3 100 61495 2.014156634
10 25 3 100 92536 2.014168328
1 14 3 100 5119229 2.014182969
31 23 3 100 3824 2.014189751
0 13 3 100 46529 2.014216355
27 30 3 100 7071079 2.014223088
8 10 3 100 11669 2.014229696
28 22 3 100 51143 2.014244222
12 26 3 100 132540 2.014249011
28 19 3 100 28419 2.014251811
1 31 3 100 184403 2.014266475
28 3 3 100 26935 2.014323617
1 18 3 100 1738487 2.014326697
20 5 3 100 27239 2.014337457
13 31 3 100 17285978 2.014378937
8 4 3 100 517160 2.014381532
27 20 3 100 77592 2.014389462
23 8 3 100 7782007 2.014408406
9 23 3 100 34467 2.014422224
27 2 3 100 27140 2.014426434
7 11 3 100 1284184 2.014438149
26 1 3 100 17092 2.014445004
19 5 3 100 628743 2.014452510
12 20 3 100 6795 2.014452851
2 26 3 100 2558816 2.014453674
9 25 3 100 1071921 2.014474777
18 0 3 100 39088 2.014501231
5 8 3 100 44468 2.014560431
24 5 3 100 2415541 2.014584083
11 17 3 100 865023 2.014594517
5 22 3 100 1690172 2.014662537
10 26 3 100 354329 2.014662633
9 11 3 100 156387 2.014665717
29 18 3 100 26306 2.014665911
4 7 3 100 23481 2.014678585
22 2 3 100 8145806 2.014712147
15 2 3 100 67965 2.014725116
11 12 3 100 3632 2.014730200
31 24 3 100 183426 2.014735261
3 30 3 100 4812 2.014748882
26 23 3 100 177291 2.014763219
3 18 3 100 127865 2.014797916
0 22 3 100 137827 2.014818767
24 4 3 100 33654 2.014833933
8 24 3 100 384260 2.014834198
29 16 3 100 8506344 2.014838801
4 6 3 100 4804 2.014901667
22 18 3 100 27891 2.014902052
6 21 3 100 4739 2.014918030
10 25 3 100 50548 2.014930411
8 24 3 100 79232 2.014944824
16 27 3 100 27991 2.014945937
18 24 3 100 7606 2.014992260
8 5 3 100 5639657 2.014993034
0 30 3 100 6226522 2.015002177
2 15 3 100 168027 2.015046856
19 6 3 100 2045817 2.015073917
29 13 3 100 29665 2.015092175
16 19 3 100 1592 2.015104453
2 29 3 100 67914 2.015125245
1 30 3 100 32785 2.015125261
7 4 3 100 74035 2.015132214
24 10 3 100 4588 2.015132671
27 28 3 100 36523 2.015139781
27 25 3 100 44625 2.015148222
27 6 3 100 4269 2.015171001
19 16 3 100 1295734 2.015205552
21 8 3 100 761952 2.015227358
19 24 3 100 78604 2.015237175
1 31 3 100 303987 2.015239098
19 27 3 100 415964 2.015251711
11 15 3 100 28953 2.015255832
0 7 3 100 8036779 2.015260543
29 26 3 100 7810091 2.015292421
10 7 3 100 962524 2.015301628
31 29 3 100 1656553 2.015311117
0 21 3 100 959369 2.015311292
7 31 3 100 441139 2.015324349
20 3 3 100 23742 2.015338253
16 12 3 100 42952 2.015338315
17 30 3 100 4423 2.015346396
20 23 3 100 28725 2.015369606
8 18 3 100 1233669 2.015375972
9 6 3 100 36967 2.015418364
12 11 3 100 19683 2.015421354
7 9 3 100 35032 2.015421459
22 26 3 100 1151192 2.015466268
2 4 3 100 11052782 2.015476632
19 5 3 100 39482 2.015480306
20 3 3 100 1459206 2.015488032
12 2 3 100 486505 2.015502986
17 11 3 100 17878660 2.015504297
3 25 3 100 439922 2.015505965
18 21 3 100 76783 2.015513989
8 21 3 100 13912 2.015546532
4 11 3 100 1221815 2.015589183
17 22 3 100 24939 2.015628172
22 11 3 100 3338051 2.015641486
23 1 3 100 3105 2.015641643
10 2 3 100 39732 2.015644220
7 30 3 100 1310221 2.015661962
21 24 3 100 26545 2.015663410
12 20 3 100 39584 2.015679903
28 1 3 100 75328 2.015687105
13 3 3 100 2254 2.015696904
19 17 3 100 23861 2.015706007
4 19 3 100 1425598 2.015719504
19 13 3 100 9223460 2.015729862
6 10 3 100 28994 2.015807791
29 0 3 100 671724 2.015843464
27 11 3 100 17757 2.015868316
23 1 3 100 68668 2.015869558
17 3 3 100 9178639 2.015908045
17 29 3 100 2910768 2.015912627
10 11 3 100 3355 2.015917402
14 30 3 100 1421495 2.015963702
21 26 3 100 5799596 2.015973452
26 29 3 100 1534297 2.015980536
4 1 3 100 1049895 2.015988505
9 23 3 100 57727 2.016022571
0 19 3 100 66980 2.016034623
10 28 3 100 39006 2.016037832
7 5 3 100 26195848 2.016040262
28 13 3 100 62953 2.016057565
18 7 3 100 2757913 2.016061273
31 9 3 100 1585421 2.016062032
4 10 3 100 1673047 2.016108022
22 27 3 100 1509 2.016114791
10 31 3 100 28549 2.016139194
11 13 3 100 4031423 2.016139700
0 18 3 100 1865311 2.016141637
4 21 3 100 7904667 2.016161167
8 20 3 100 9121442 2.016163730
31 0 3 100 173815 2.016167436
25 30 3 100 4240028 2.016176850
30 31 3 100 4765567 2.016189060
15 16 3 100 51518 2.016196737
31 15 3 100 18947 2.016212065
25 14 3 100 162178 2.016235349
24 30 3 100 9394738 2.016242267
8 10 3 100 39162 2.016244264
26 10 3 100 76284 2.016248754
20 28 3 100 199233 2.016251551
9 8 3 100 3705 2.016264286
26 14 3 100 34 2.016277695
16 7 3 100 2373132 2.016285351
5 17 3 100 1319313 2.016290560
10 24 3 100 20276 2.016296045
11 12 3 100 26864 2.016308723
19 6 3 100 6754 2.016311795
8 21 3 100 22107 2.016317114
26 21 3 100 8546 2.016338896
29 4 3 100 29273927 2.016347268
19 4 3 100 5048296 2.016362500
7 8 3 100 851312 2.016403970
30 26 3 100 8738 2.016430968
3 23 3 100 2155467 2.016432636
1 29 3 100 22198 2.016448633
18 1 3 100 1852862 2.016449127
25 26 3 100 9817 2.016454451
18 27 3 100 2037525 2.016460118
11 17 3 100 4380 2.016481931
5 20 3 100 459301 2.016497311
5 14 3 100 24437 2.016511438
13 26 3 100 25310 2.016550610
15 19 3 100 1113198 2.016552515
24 3 3 100 3714 2.016571380
21 19 3 100 3494 2.016574016
23 28 3 100 68 2.016604329
26 25 3 100 78340 2.016619676
25 9 3 100 53298 2.016626657
18 3 3 100 26111 2.016633626
29 12 3 100 2117 2.016637040
8 12 3 100 79663 2.016644873
31 2 3 100 137080 2.016661709
10 5 3 100 48798 2.016663539
9 10 3 100 12739 2.016677385
29 5 3 100 189323 2.016678888
6 19 3 100 51583 2.016715770
23 31 3 100 8184490 2.016720440
26 13 3 100 3576751 2.016733487
9 26 3 100 1595577 2.016734410
10 26 3 100 40946 2.016737306
6 27 3 100 1179 2.016758528
17 25 3 100 58565 2.016764216
2 12 3 100 41894 2.016768612
9 15 3 100 2022 2.016788269
8 27 3 100 19080 2.016821135
7 22 3 100 78081 2.016838478
22 10 3 100 1935 2.016839514
23 21 3 100 8174 2.016845861
15 2 3 100 523798 2.016848566
8 5 3 100 26088 2.016849388
18 21 3 100 28315 2.016871303
31 19 3 100 59487 2.016881346
12 4 3 100 8621 2.016897714
31 19 3 100 74019 2.016904946
4 7 3 100 2717 2.016933624
12 3 3 100 6716929 2.016964548
29 14 3 100 5119 2.016988257
9 14 3 100 6327726 2.016991685
23 8 3 100 3185746 2.016999508
8 7 3 100 676714 2.017004309
11 19 3 100 1443581 2.017031390
10 1 3 100 987617 2.017033357
1 31 3 100 11931 2.017038995
3 26 3 100 25955069 2.017059709
8 24 3 100 1083 2.017067291
7 21 3 100 987242 2.017072335
0 16 3 100 1573089 2.017087181
24 14 3 100 35156 2.017102972
15 27 3 100 2087868 2.017130344
19 10 3 100 3203 2.017132241
17 9 3 100 6873404 2.017155859
1 17 3 100 1049120 2.017168094
30 20 3 100 56801 2.017193458
24 14 3 100 1301635 2.017244130
29 31 3 100 1752573 2.017252752
20 17 3 100 3842249 2.017256451
14 23 3 100 23915 2.017257084
15 23 3 100 25599 2.017267007
18 15 3 100 29423 2.017269879
26 4 3 100 3823867 2.017274670
14 16 3 100 14007 2.017276175
0 9 3 100 28789 2.017281994
3 5 3 100 35825 2.017299143
10 24 3 100 6146469 2.017299969
19 26 3 100 165376 2.017326911
19 13 3 100 909092 2.017334412
12 11 3 100 920521 2.017353237
9 0 3 100 74169 2.017353651
27 16 3 100 12099 2.017362535
26 16 3 100 611069 2.017364194
13 3 3 100 14714 2.017385425
5 8 3 100 2801559 2.017402116
18 6 3 100 126971 2.017406494
17 28 3 100 14437650 2.017409881
22 17 3 100 1415710 2.017414062
6 13 3 100 23 2.017416301
2 7 3 100 409805 2.017421691
13 20 3 100 521846 2.017436172
10 8 3 100 14247 2.017445949
21 20 3 100 843105 2.017461916
31 26 3 100 25006 2.017483565
22 10 3 100 1925262 2.017484075
0 26 3 100 31372 2.017502357
26 21 3 100 1108379 2.017506396
0 8 3 100 837 2.017509551
31 21 3 100 22204 2.017509881
22 13 3 100 1223264 2.017513892
25 30 3 100 2881 2.017513972
12 11 3 100 1024117 2.017519052
22 23 3 100 49749 2.017523702
3 18 3 100 11040 2.017529946
18 10 3 100 26384 2.017534802
5 10 3 100 23130 2.017552108
9 19 3 100 189462 2.017555917
19 31 3 100 74248 2.017575342
29 9 3 100 1638697 2.017575701
6 20 3 100 1153155 2.017590755
11 16 3 100 38190 2.017605334
25 22 3 100 466491 2.017624468
28 23 3 100 989557 2.017633742
10 1 3 100 1138138 2.017638261
28 31 3 100 577563 2.017660895
8 10 3 100 1492098 2.017680038
2 12 3 100 33682 2.017706484
28 12 3 100 3652909 2.017713041
27 22 3 100 1384967 2.017718507
15 18 3 100 1241078 2.017730986
5 21 3 100 70063 2.017764058
28 0 3 100 24663 2.017769919
4 6 3 100 66511 2.017794080
14 28 3 100 47776 2.017811157
31 12 3 100 851165 2.017832709
31 25 3 100 1333012 2.017841718
4 10 3 100 6720481 2.017861959
10 22 3 100 50143 2.017867334
31 16 3 100 1880471 2.017887020
17 5 3 100 15258869 2.017891565
19 8 3 100 8130 2.017908535
0 21 3 100 1213948 2.017910853
3 18 3 100 3008996 2.017912416
27 3 3 100 8926 2.017921940
20 15 3 100 170680 2.017952665
11 8 3 100 606314 2.017956947
27 26 3 100 37073 2.017959910
16 3 3 100 1346 2.017998670
13 20 3 100 47430 2.018008006
10 11 3 100 6951 2.018046073
0 6 3 100 6168061 2.018067377
27 19 3 100 56809 2.018071945
24 14 3 100 4953 2.018112358
18 24 3 100 113453 2.018114748
13 0 3 100 1803126 2.018155325
22 26 3 100 8861881 2.018225432
31 2 3 100 487371 2.018251402
6 29 3 100 55406 2.018262775
31 12 3 100 46776 2.018274357
29 20 3 100 7879 2.018280436
26 14 3 100 29758 2.018331515
8 3 3 100 22388 2.018337214
7 28 3 100 1555023 2.018347894
8 24 3 100 375275 2.018359773
19 1 3 100 6760886 2.018360011
14 11 3 100 19292 2.018364276
31 25 3 100 189948 2.018365502
21 11 3 100 2167711 2.018381095
11 2 3 100 1185710 2.018396216
8 9 3 100 786503 2.018411287
4 21 3 100 331083 2.018420706
9 25 3 100 153592 2.018428923
15 26 3 100 2214940 2.018432378
22 19 3 100 403735 2.018432824
19 13 3 100 6529175 2.018439994
29 2 3 100 1336900 2.018455101
14 17 3 100 3807075 2.018474602
15 11 3 100 49559 2.018493761
24 13 3 100 5183795 2.018504774
4 31 3 100 1835789 2.018521086
7 15 3 100 9571 2.018528016
28 21 3 100 1727041 2.018587156
3 8 3 100 5378 2.018589997
4 17 3 100 338363 2.018604911
6 15 3 100 3819772 2.018606795
25 18 3 100 9498 2.018624288
30 6 3 100 112799 2.018628628
4 16 3 100 27564 2.018631652
0 29 3 100 41964 2.018631969
27 24 3 100 134483 2.018639695
29 13 3 100 11173 2.018691772
21 3 3 100 38984 2.018712791
23 12 3 100 6322 2.018739198
19 24 3 100 26885371 2.018765409
21 19 3 100 4186282 2.018765557
19 30 3 100 164904 2.018785909
18 12 3 100 5889508 2.018790937
13 16 3 100 25808950 2.018828347
13 2 3 100 23548 2.018832220
29 19 3 100 1329428 2.018849664
19 18 3 100 3796 2.018854733
23 22 3 100 583 2.018895681
3 10 3 100 1316136 2.018896401
22 11 3 100 47369 2.018914938
15 26 3 100 62373 2.018924930
17 12 3 100 8504983 2.018932110
11 13 3 100 50916 2.018995269
25 10 3 100 668985 2.019004949
13 20 3 100 137067 2.019013838
5 27 3 100 1911674 2.019037620
14 31 3 100 8557 2.019055861
5 1 3 100 45606 2.019059534
28 26 3 100 6808446 2.019079111
24 5 3 100 1424336 2.019079821
21 25 3 100 949233 2.019091084
17 18 3 100 3178738 2.019112413
8 7 3 100 1979388 2.019118605
4 16 3 100 8515127 2.019141657
1 21 3 100 1988744 2.019160042
15 21 3 100 48376 2.019183768
27 1 3 100 33411 2.019195396
12 18 3 100 47429 2.019212633
10 16 3 100 24280677 2.019234816
29 31 3 100 66882 2.019242428
29 17 3 100 20852 2.019272006
20 15 3 100 23659 2.019277237
3 15 3 100 5397 2.019282387
21 10 3 100 3614596 2.019283761
17 16 3 100 64618 2.019287897
31 3 3 100 27560 2.019390452
16 24 3 100 1494 2.019392883
4 16 3 100 1434173 2.019398657
9 19 3 100 13015820 2.019399740
19 16 3 100 20069 2.019402220
19 25 3 100 684820 2.019409201
18 26 3 100 1207 2.019414560
12 29 3 100 620 2.019448208
0 22 3 100 10022 2.019477395
31 0 3 100 72561 2.019488208
16 29 3 100 37928 2.019500698
8 13 3 100 74221 2.019539869
8 6 3 100 63120 2.019570228
28 22 3 100 8110 2.019587393
29 5 3 100 96587 2.019606556
6 4 3 100 6405 2.019616095
8 4 3 100 7321090 2.019629463
4 17 3 100 27253167 2.019643401
11 25 3 100 107474 2.019648296
10 21 3 100 415089 2.019662606
27 1 3 100 367303 2.019665394
18 2 3 100 5939049 2.019672068
0 1 3 100 1569498 2.019719547
11 8 3 100 18205047 2.019725463
5 13 3 100 20983 2.019727189
20 14 3 100 9032 2.019731858
11 12 3 100 1045524 2.019733270
29 3 3 100 33809 2.019744918
7 6 3 100 114842 2.019745497
1 20 3 100 54510 2.019770963
8 16 3 100 117635 2.019786566
9 8 3 100 2008 2.019821466
24 29 3 100 19068 2.019821534
0 8 3 100 8424 2.019860343
25 8 3 100 14324 2.019883829
7 30 3 100 7742678 2.019937260
1 28 3 100 42218 2.019956544
13 0 3 100 1651107 2.019959227
16 19 3 100 7622038 2.019989981
5 7 3 100 6802 2.020008602
24 4 3 100 20289 2.020022408
15 20 3 100 75627 2.020037120
6 3 3 100 1215103 2.020037806
26 21 3 100 136117 2.020051869
9 6 3 100 1239 2.020070150
7 25 3 100 1599964 2.020071332
31 8 3 100 59983 2.020172975
31 4 3 100 135716 2.020181775
10 13 3 100 73077 2.020231640
0 29 3 100 1558015 2.020249478
22 4 3 100 4306721 2.020251338
11 13 3 100 53411 2.020263501
0 14 3 100 3970 2.020298214
17 27 3 100 53640 2.020321060
6 8 3 100 1187749 2.020326895
14 4 3 100 15476 2.020370473
28 11 3 100 25292 2.020381786
21 16 3 100 55435 2.020387136
25 29 3 100 31444 2.020402797
26 16 3 100 47811 2.020421180
29 16 3 100 79324 2.020447481
21 9 3 100 3492 2.020457831
10 12 3 100 58071 2.020466285
8 6 3 100 9515170 2.020476558
5 0 3 100 38356 2.020484102
3 20 3 100 1225160 2.020488303
4 24 3 100 8755 2.020490325
26 23 3 100 55766 2.020507114
19 10 3 100 887131 2.020508638
3 18 3 100 369883 2.020526873
18 1 3 100 5184 2.020532955
7 24 3 100 38739 2.020547263
28 16 3 100 3877934 2.020559724
27 3 3 100 4572886 2.020567277
7 13 3 100 7032 2.020585798
0 24 3 100 5184 2.020594720
4 16 3 100 1938546 2.020598700
21 12 3 100 958569 2.020612679
1 2 3 100 27766 2.020622678
26 16 3 100 1225726 2.020632776
22 28 3 100 52334 2.020633480
28 14 3 100 6386381 2.020660972
12 4 3 100 109 2.020677047
3 15 3 100 551346 2.020746462
6 5 3 100 37566 2.020748560
17 7 3 100 3106 2.020756599
0 17 3 100 6391710 2.020777319
16 27 3 100 28335 2.020799231
1 20 3 100 3050892 2.020801695
2 7 3 100 40698 2.020819761
23 13 3 100 40842 2.020833115
4 11 3 100 3652078 2.020849849
25 26 3 100 1115919 2.020862021
18 20 3 100 17305 2.020881668
29 15 3 100 75806 2.020883972
18 16 3 100 22046088 2.020887254
7 26 3 100 172116 2.020893025
0 23 3 100 2410377 2.020947795
16 7 3 100 383464 2.020956392
1 6 3 100 7634 2.020975606
18 26 3 100 1575386 2.020977748
25 29 3 100 7376414 2.020996085
7 22 3 100 1350 2.020999562
2 29 3 100 153933 2.021001428
22 9 3 100 8226 2.021004616
17 19 3 100 29431789 2.021016672
18 0 3 100 6780869 2.021036534
23 9 3 100 1868 2.021043619
4 12 3 100 49387 2.021063129
0 6 3 100 3784748 2.021068450
3 20 3 100 3448350 2.021071800
3 23 3 100 75440 2.021092211
23 24 3 100 197173 2.021097570
12 6 3 100 445 2.021105271
25 12 3 100 2253814 2.021113776
8 1 3 100 3653127 2.021121769
13 16 3 100 9852777 2.021140125
0 31 3 100 74019 2.021154012
1 24 3 100 4608 2.021162258
12 21 3 100 3206311 2.021186569
25 11 3 100 37511 2.021196272
15 10 3 100 4188252 2.021230562
21 13 3 100 9542 2.021269241
0 19 3 100 135093 2.021271615
8 28 3 100 13509 2.021280102
17 7 3 100 52522 2.021282185
6 9 3 100 8544881 2.021285684
12 18 3 100 29566 2.021311974
15 7 3 100 33965 2.021312668
24 1 3 100 4154 2.021316782
4 0 3 100 6317312 2.021329000
17 4 3 100 2027649 2.021333043
8 14 3 100 6226987 2.021371906
28 21 3 100 5314794 2.021373098
26 31 3 100 30068 2.021383249
6 20 3 100 14872 2.021397916
25 27 3 100 45663 2.021407451
26 23 3 100 9924 2.021448661
23 11 3 100 1853520 2.021454079
20 17 3 100 44871 2.021490055
12 13 3 100 1213716 2.021506609
13 22 3 100 373957 2.021507605
27 7 3 100 39391 2.021531947
23 11 3 100 489396 2.021538248
0 5 3 100 27548174 2.021553959
17 9 3 100 3043 2.021595317
10 21 3 100 20421 2.021598904
17 7 3 100 7725854 2.021623135
2 29 3 100 534251 2.021634712
29 16 3 100 45322 2.021646203
4 26 3 100 1299627 2.021670905
20 2 3 100 37475 2.021683185
15 23 3 100 159997 2.021702005
18 23 3 100 2610 2.021722868
24 1 3 100 1358776 2.021808682
28 0 3 100 4660133 2.021811058
31 8 3 100 4404104 2.021882047
4 0 3 100 6526 2.021882909
24 9 3 100 124216 2.021895728
18 19 3 100 88731 2.021904905
29 24 3 100 27707 2.021916701
3 8 3 100 247443 2.021958770
12 2 3 100 9117 2.021970640
4 6 3 100 1453102 2.021982722
27 15 3 100 3524564 2.022019257
28 2 3 100 2780594 2.022022372
25 19 3 100 42352 2.022025431
26 4 3 100 7087 2.022042947
5 29 3 100 513058 2.022092305
14 12 3 100 926014 2.022128752
12 17 3 100 768202 2.022135589
1 19 3 100 162564 2.022176992
4 3 3 100 1328102 2.022212788
4 13 3 100 1935 2.022236211
31 10 3 100 320261 2.022242059
4 7 3 100 3897465 2.022257531
8 23 3 100 3202 2.022263724
24 7 3 100 2564 2.022264126
26 18 3 100 71211 2.022270476
5 21 3 100 981203 2.022275123
7 15 3 100 7750 2.022275479
2 28 3 100 1965235 2.022295346
7 15 3 100 6274829 2.022307990
25 14 3 100 21299 2.022312579
2 8 3 100 53128 2.022358624
9 29 3 100 70361 2.022362838
12 1 3 100 47608 2.022372328
0 30 3 100 33477 2.022376543
7 11 3 100 15499 2.022378984
4 1 3 100 70906 2.022393672
20 19 3 100 7436 2.022398279
14 26 3 100 29704 2.022400142
29 9 3 100 75805 2.022400481
18 22 3 100 52330 2.022425847
0 22 3 100 1762097 2.022436000
1 12 3 100 1899190 2.022481512
14 9 3 100 36624 2.022485637
9 27 3 100 27567 2.022490188
14 20 3 100 6499875 2.022494442
17 5 3 100 47778 2.022509242
7 28 3 100 42779 2.022509342
25 7 3 100 712529 2.022510111
7 26 3 100 535659 2.022518411
9 22 3 100 29894 2.022544258
8 12 3 100 26993066 2.022545064
23 18 3 100 74068 2.022555551
16 29 3 100 1902960 2.022582710
24 22 3 100 2723723 2.022596447
17 9 3 100 142961 2.022627769
29 25 3 100 29926 2.022635869
9 28 3 100 9087 2.022639435
29 25 3 100 77253 2.022657896
6 18 3 100 7978 2.022669533
7 17 3 100 49860 2.022675591
6 10 3 100 1801525 2.022679515
17 1 3 100 3834734 2.022709778
20 8 3 100 7455426 2.022712610
18 22 3 100 75239 2.022717489
31 3 3 100 24613377 2.022728455
26 20 3 100 22006 2.022737891
13 14 3 100 52729 2.022740725
31 1 3 100 40106 2.022744699
23 16 3 100 16510 2.022762480
15 11 3 100 3686052 2.022784043
23 26 3 100 3338658 2.022806528
13 0 3 100 8102727 2.022825659
2 14 3 100 7898042 2.022829774
13 28 3 100 169282 2.022841480
20 29 3 100 9727 2.022852147
27 4 3 100 47725 2.022855253
8 15 3 100 4807 2.022878140
7 14 3 100 1588591 2.022883759
23 0 3 100 1903822 2.022903500
30 23 3 100 62886 2.022909986
29 10 3 100 2254 2.022929042
25 10 3 100 3513431 2.022935915
20 25 3 100 1342134 2.022953641
25 0 3 100 9717427 2.022956908
17 24 3 100 15082 2.022968884
25 3 3 100 1323894 2.022970352
27 23 3 100 8060 2.022972092
30 24 3 100 1538666 2.023054497
6 22 3 100 51794 2.023056731
9 1 3 100 6479 2.023060040
16 28 3 100 71892 2.023061749
19 26 3 100 21433974 2.023065523
5 15 3 100 740399 2.023068961
13 16 3 100 470513 2.023079228
24 13 3 100 1669324 2.023086728
9 24 3 100 1904094 2.023099844
6 26 3 100 6694615 2.023101254
26 27 3 100 428256 2.023108944
24 8 3 100 64245 2.023114534
17 8 3 100 24133 2.023122810
25 27 3 100 3401108 2.023204642
23 30 3 100 735932 2.023221715
21 18 3 100 117969 2.023225083
26 30 3 100 1057947 2.023228078
3 12 3 100 1339 2.023229927
24 29 3 100 8604867 2.023238297
5 2 3 100 27546 2.023238301
14 13 3 100 91065 2.023245427
1 4 3 100 23846 2.023274417
30 12 3 100 35603 2.023280937
4 29 3 100 1468313 2.023284886
30 29 3 100 24769 2.023309807
0 17 3 100 21655 2.023322709
17 28 3 100 31336 2.023345447
13 3 3 100 5448469 2.023347955
15 7 3 100 1621 2.023383566
9 18 3 100 130112 2.023392093
8 5 3 100 1269758 2.023394819
1 12 3 100 9217850 2.023422616
30 5 3 100 53265 2.023424487
13 17 3 100 52451 2.023425083
7 18 3 100 53290 2.023425511
23 31 3 100 148703 2.023427366
0 15 3 100 108259 2.023430071
17 27 3 100 15100 2.023430308
28 31 3 100 31367 2.023435381
17 7 3 100 9230 2.023460452
10 30 3 100 34759 2.023483853
4 6 3 100 1066236 2.023495631
8 22 3 100 179812 2.023515916
11 2 3 100 20518 2.023540400
21 19 3 100 2141018 2.023555881
0 15 3 100 53480 2.023586984
24 15 3 100 25448 2.023601252
7 13 3 100 66124 2.023611055
7 23 3 100 3942101 2.023617666
1 13 3 100 29058013 2.023621769
11 6 3 100 7379 2.023653256
15 29 3 100 9072302 2.023655316
25 26 3 100 80974 2.023686339
3 4 3 100 3483782 2.023694961
12 6 3 100 1748157 2.023697192
5 9 3 100 5374366 2.023716191
19 16 3 100 840133 2.023755913
30 11 3 100 8659 2.023759273
28 20 3 100 1117836 2.023760742
29 7 3 100 730868 2.023764197
4 9 3 100 4503 2.023771154
26 22 3 100 278964 2.023772188
24 10 3 100 45206 2.023791003
11 27 3 100 7190 2.023794744
3 4 3 100 36225 2.023796185
19 21 3 100 185050 2.023825380
15 11 3 100 8521 2.023836445
22 23 3 100 6406 2.023856434
10 28 3 100 1121920 2.023869572
14 20 3 100 197 2.023871024
6 12 3 100 22272 2.023871832
1 26 3 100 1162853 2.023905513
10 14 3 100 52153 2.023910375
30 31 3 100 29138 2.023913448
1 7 3 100 13113712 2.023951642
10 0 3 100 33304 2.023953683
14 23 3 100 76974 2.023960489
25 28 3 100 4313424 2.023964343
17 30 3 100 50668 2.023972878
30 8 3 100 57459 2.023976845
28 20 3 100 1012689 2.023998453
9 16 3 100 1987546 2.024000561
15 7 3 100 6131206 2.024003148
16 10 3 100 77468 2.024010536
24 19 3 100 60449 2.024025594
17 27 3 100 18322 2.024036793
18 15 3 100 4417454 2.024042254
27 17 3 100 9369573 2.024045437
0 6 3 100 1242596 2.024070310
5 1 3 100 57811 2.024089043
6 24 3 100 9988 2.024091394
4 1 3 100 44785 2.024120182
4 7 3 100 9772574 2.024132602
1 13 3 100 8659 2.024135062
19 25 3 100 13583 2.024140268
31 16 3 100 56589 2.024149226
26 29 3 100 24449 2.024155901
8 17 3 100 57105 2.024188166
19 14 3 100 5526 2.024194298
27 6 3 100 8576 2.024200959
26 20 3 100 49904 2.024206759
28 3 3 100 9593408 2.024240187
3 27 3 100 6253 2.024242515
16 24 3 100 47372 2.024263295
30 4 3 100 37479 2.024265181
6 25 3 100 23214 2.024273494
7 23 3 100 94424 2.024274750
21 2 3 100 2796802 2.024294156
8 14 3 100 40388 2.024302998
3 10 3 100 5228 2.024303963
22 14 3 100 7768 2.024308584
15 11 3 100 234727 2.024324521
17 1 3 100 3425268 2.024333173
6 8 3 100 10591540 2.024372105
27 18 3 100 67107 2.024429530
7 16 3 100 78999 2.024462679
0 1 3 100 64697 2.024580093
17 12 3 100 21625887 2.024580296
9 4 3 100 3934 2.024586035
19 14 3 100 43427 2.024589771
26 3 3 100 52289 2.024602606
28 23 3 100 65765 2.024626618
4 10 3 100 890231 2.024644374
7 3 3 100 253404 2.024660762
8 6 3 100 1574439 2.024681817
28 24 3 100 1709197 2.024688301
6 26 3 100 1103021 2.024695957
13 19 3 100 23819 2.024702231
31 23 3 100 24482410 2.024709737
9 22 3 100 1542196 2.024726499
16 19 3 100 35027 2.024727167
0 19 3 100 51029 2.024729522
16 30 3 100 72305 2.024740659
30 4 3 100 19430 2.024746221
3 12 3 100 9762820 2.024753655
21 22 3 100 60715 2.024762050
19 10 3 100 43077 2.024800053
23 10 3 100 43291 2.024803745
1 7 3 100 37275 2.024805782
11 20 3 100 23128 2.024812956
15 16 3 100 56130 2.024815010
10 9 3 100 250833 2.024818826
18 20 3 100 4566095 2.024821222
10 21 3 100 2128 2.024831042
8 16 3 100 3626268 2.024840951
6 29 3 100 24440 2.024854369
27 5 3 100 32194 2.024860289
14 27 3 100 36352 2.024907047
8 18 3 100 69773 2.024930651
25 2 3 100 26431 2.024946983
28 21 3 100 30465 2.024968690
7 11 3 100 22337 2.024972801
16 22 3 100 77013 2.024977288
30 12 3 100 8916 2.025021570
5 24 3 100 18549010 2.025022360
30 24 3 100 6746 2.025029383
17 19 3 100 1511622 2.025065213
31 6 3 100 21195 2.025073016
9 18 3 100 1040161 2.025086730
6 11 3 100 714069 2.025090624
4 10 3 100 84380 2.025104043
22 17 3 100 141406 2.025109203
21 15 3 100 2381674 2.025115064
28 12 3 100 975949 2.025126374
13 5 3 100 73437 2.025153371
11 2 3 100 365167 2.025155627
1 29 3 100 2069649 2.025157860
9 14 3 100 22186 2.025183054
20 0 3 100 24070 2.025187855
6 22 3 100 65063 2.025198624
4 7 3 100 41440 2.025210239
19 23 3 100 24405 2.025218085
25 22 3 100 50575 2.025290090
30 29 3 100 58349 2.025296220
11 10 3 100 41033 2.025305665
26 10 3 100 1244856 2.025327118
19 0 3 100 3382810 2.025340250
15 18 3 100 77680 2.025344123
26 0 3 100 55188 2.025345949
23 10 3 100 28940 2.025359580
25 30 3 100 634693 2.025409429
9 25 3 100 27476 2.025425295
31 22 3 100 27964227 2.025436336
18 25 3 100 50931 2.025440878
0 15 3 100 27459 2.025443466
17 4 3 100 1984 2.025457786
8 25 3 100 2753576 2.025463909
19 23 3 100 20723 2.025514693
9 5 3 100 1222473 2.025524179
8 31 3 100 6297 2.025542168
13 22 3 100 45367 2.025554017
10 28 3 100 38739 2.025557057
8 5 3 100 47449 2.025563857
30 29 3 100 8520234 2.025567887
26 8 3 100 8281403 2.025590615
0 18 3 100 11997102 2.025593895
16 10 3 100 44719 2.025625442
8 26 3 100 58020 2.025626504
21 2 3 100 8941 2.025632701
20 29 3 100 43704 2.025644827
8 14 3 100 118915 2.025654992
7 21 3 100 48279 2.025681358
0 28 3 100 56755 2.025699519
22 16 3 100 24162 2.025722985
8 14 3 100 1585787 2.025733441
6 27 3 100 27619 2.025739082
10 28 3 100 44719 2.025751089
24 12 3 100 29551735 2.025809097
8 17 3 100 7576088 2.025833508
13 19 3 100 18259875 2.025843961
12 17 3 100 8806921 2.025851640
26 3 3 100 20723 2.025860038
29 12 3 100 1536410 2.025861446
29 21 3 100 62321 2.025872604
12 11 3 100 4625159 2.025877534
8 1 3 100 49033 2.025887307
0 15 3 100 43763 2.025888505
30 24 3 100 6023 2.025915903
19 8 3 100 31582 2.025929994
0 16 3 100 666461 2.025935693
18 20 3 100 79899 2.025939689
8 12 3 100 746395 2.025965814
22 6 3 100 162644 2.025977938
10 28 3 100 62361 2.026004428
13 21 3 100 118367 2.026009014
10 7 3 100 54170 2.026024078
29 27 3 100 193343 2.026027455
12 5 3 100 6590 2.026076338
1 8 3 100 1901 2.026139777
9 23 3 100 8061 2.026150707
25 20 3 100 74663 2.026161468
21 20 3 100 78063 2.026174268
11 9 3 100 3821431 2.026192009
4 25 3 100 45004 2.026205080
26 30 3 100 1381598 2.026210633
10 15 3 100 30103 2.026215000
14 15 3 100 70691 2.026223222
24 23 3 100 229628 2.026241863
27 8 3 100 2274997 2.026252133
8 3 3 100 9360754 2.026264730
1 0 3 100 4731867 2.026271030
19 8 3 100 5008180 2.026272934
27 14 3 100 25595 2.026282218
3 25 3 100 9407871 2.026285076
1 7 3 100 542323 2.026285790
8 12 3 100 69424 2.026319125
27 6 3 100 8971 2.026328812
20 4 3 100 54251 2.026391624
6 15 3 100 23558 2.026421066
17 12 3 100 33807 2.026450808
6 0 3 100 154355 2.026466342
18 27 3 100 2236116 2.026495151
29 5 3 100 151361 2.026499361
13 22 3 100 10972 2.026533021
29 0 3 100 69638 2.026535799
5 6 3 100 41796 2.026536115
19 13 3 100 834705 2.026542414
17 31 3 100 167876 2.026578741
19 9 3 100 3537226 2.026581062
6 25 3 100 196976 2.026585837
18 4 3 100 3759830 2.026623839
8 15 3 100 40753 2.026650386
19 30 3 100 737 2.026668214
9 16 3 100 5046517 2.026694609
28 23 3 100 475741 2.026722615
31 26 3 100 57156 2.026739134
9 27 3 100 3119067 2.026793519
12 31 3 100 27958 2.026795354
10 28 3 100 519164 2.026827701
2 15 3 100 3788548 2.026854985
25 7 3 100 54811 2.026859764
2 11 3 100 2371277 2.026900927
21 5 3 100 148016 2.026905463
31 17 3 100 956521 2.026921729
26 31 3 100 26546 2.026923441
1 14 3 100 27499 2.026970181
21 9 3 100 68375 2.027028840
9 15 3 100 1736556 2.027082224
13 28 3 100 5480588 2.027082952
25 9 3 100 333929 2.027092601
4 31 3 100 1128374 2.027099179
13 4 3 100 1199548 2.027106859
23 14 3 100 2266801 2.027114513
23 5 3 100 4163 2.027117398
12 22 3 100 384465 2.027120683
19 4 3 100 26589 2.027122055
7 15 3 100 1151020 2.027123253
27 19 3 100 195297 2.027137083
30 4 3 100 1143869 2.027144358
13 29 3 100 1853056 2.027171474
1 19 3 100 24260 2.027182217
14 1 3 100 9958133 2.027189659
2 18 3 100 1490591 2.027208351
4 24 3 100 191187 2.027211409
12 21 3 100 10853117 2.027219651
9 21 3 100 44326 2.027237167
14 23 3 100 1034549 2.027285402
13 3 3 100 79428 2.027288675
18 31 3 100 6467 2.027293228
26 15 3 100 26937861 2.027294779
0 5 3 100 62151 2.027297050
28 23 3 100 21077 2.027352917
4 31 3 100 62501 2.027360434
29 27 3 100 4772976 2.027382766
31 16 3 100 109575 2.027389445
22 28 3 100 1795960 2.027416745
29 14 3 100 22912 2.027424678
1 24 3 100 44437 2.027431291
2 8 3 100 21700 2.027448797
16 20 3 100 75072 2.027450104
30 20 3 100 22661584 2.027455677
29 10 3 100 15654 2.027480637
7 18 3 100 77995 2.027497075
16 6 3 100 33540 2.027519200
23 20 3 100 7968 2.027526981
8 6 3 100 9311260 2.027544833
17 21 3 100 24198 2.027575720
8 14 3 100 17196 2.027589121
1 20 3 100 153919 2.027592246
28 13 3 100 62670 2.027594068
23 28 3 100 16236 2.027624971
31 19 3 100 30868 2.027650226
16 12 3 100 68470 2.027669023
12 28 3 100 800451 2.027673659
3 31 3 100 28659 2.027699998
7 18 3 100 219043 2.027715017
29 2 3 100 739 2.027718316
30 10 3 100 6729023 2.027722672
23 20 3 100 61349 2.027741227
29 8 3 100 55732 2.027742669
10 20 3 100 3523085 2.027745345
20 13 3 100 4438103 2.027748282
29 27 3 100 756367 2.027774533
0 27 3 100 82651 2.027784779
22 0 3 100 37131 2.027794794
8 4 3 100 14731 2.027810738
5 31 3 100 7999327 2.027827438
15 28 3 100 1736031 2.027837230
25 19 3 100 498064 2.027864796
14 27 3 100 28527 2.027879247
13 4 3 100 56369 2.027903527
20 8 3 100 12077 2.027915809
22 27 3 100 294883 2.027921797
1 12 3 100 63535 2.027940851
9 7 3 100 14452 2.027949164
2 16 3 100 115740 2.027981222
2 27 3 100 1042144 2.027984007
22 12 3 100 27818 2.027989089
16 24 3 100 1689 2.028018030
24 16 3 100 63409 2.028020698
7 24 3 100 62985 2.028031251
18 28 3 100 12946 2.028037092
30 21 3 100 543676 2.028041043
3 18 3 100 3116229 2.028043905
3 0 3 100 7525 2.028043929
10 6 3 100 61253 2.028070351
24 25 3 100 7577 2.028081559
31 17 3 100 1942751 2.028084470
18 7 3 100 1999258 2.028092094
17 25 3 100 5535 2.028096619
3 13 3 100 6772786 2.028140486
26 6 3 100 21936 2.028149211
30 26 3 100 48650 2.028152771
27 3 3 100 224524 2.028184549
26 3 3 100 79383 2.028198828
19 11 3 100 76202 2.028245186
23 30 3 100 22597 2.028263044
20 8 3 100 168858 2.028266214
24 26 3 100 64903 2.028271612
17 19 3 100 41810 2.028284656
28 4 3 100 57791 2.028291795
31 15 3 100 5982079 2.028295367
17 8 3 100 6019038 2.028297754
6 0 3 100 11351 2.028354761
2 29 3 100 26131 2.028376531
21 23 3 100 25145 2.028417727
26 28 3 100 1597834 2.028425222
25 9 3 100 28181 2.028447149
26 7 3 100 5145 2.028463970
10 28 3 100 8326618 2.028475647
13 18 3 100 23637 2.028502662
21 13 3 100 9168454 2.028506516
27 1 3 100 213901 2.028510236
13 19 3 100 42924 2.028516775
25 31 3 100 5487 2.028522825
4 22 3 100 4077459 2.028533127
17 28 3 100 29001 2.028539251
3 20 3 100 4430081 2.028563130
15 31 3 100 1189 2.028581304
10 1 3 100 43935 2.028594164
31 1 3 100 982049 2.028627421
11 8 3 100 117991 2.028644290
31 16 3 100 1960749 2.028647379
22 9 3 100 8866 2.028662967
15 21 3 100 2842 2.028758637
28 0 3 100 1377 2.028776174
20 4 3 100 58602 2.028781914
18 14 3 100 4923222 2.028790431
17 4 3 100 1799539 2.028807090
19 24 3 100 24801 2.028821817
31 11 3 100 164033 2.028860312
13 11 3 100 8951 2.028880273
17 12 3 100 1168 2.028899430
1 11 3 100 315790 2.028903932
20 15 3 100 1001825 2.028905510
5 23 3 100 2464 2.028906388
17 8 3 100 1328394 2.028920079
1 8 3 100 1247179 2.028935699
15 2 3 100 32386 2.028936950
27 28 3 100 36666 2.028940453
31 8 3 100 169583 2.028966752
17 2 3 100 24610 2.028972156
20 28 3 100 74173 2.028972507
15 21 3 100 1664900 2.028996988
4 8 3 100 2706924 2.029060382
25 20 3 100 17954 2.029066361
11 7 3 100 4243279 2.029084801
13 30 3 100 46317 2.029111695
2 25 3 100 146951 2.029158840
13 9 3 100 56310 2.029170305
20 11 3 100 43924 2.029171989
31 23 3 100 5466044 2.029172283
1 16 3 100 18177 2.029180214
12 26 3 100 46214 2.029223260
30 10 3 100 14244 2.029229465
30 19 3 100 3233 2.029269854
9 6 3 100 1213659 2.029303758
20 2 3 100 933051 2.029367961
31 5 3 100 4533834 2.029371353
9 6 3 100 1176 2.029387584
12 15 3 100 77630 2.029430708
18 17 3 100 683056 2.029589419
2 14 3 100 8059 2.029614111
8 30 3 100 580829 2.029619188
29 22 3 100 47033 2.029623896
12 1 3 100 2697143 2.029634808
17 9 3 100 80431 2.029650157
14 3 3 100 1558028 2.029660914
29 7 3 100 1929335 2.029667234
6 31 3 100 21641 2.029673547
15 18 3 100 5383 2.029769574
30 6 3 100 4331265 2.029779742
