2002433856 3 0 1 1
2002439281 3 0 1 0
2002443046 3 0 1 1
2002448660 3 0 1 0
2002452414 3 0 1 1
2002457790 3 0 1 0
2002461540 3 0 1 1
2002462934 0 0 1 1
2002466422 3 0 1 0
2002467584 0 0 1 0
2002470836 3 0 1 1
2002471911 0 0 1 1
2002475220 3 0 1 0
2002475967 0 0 1 0
2002480302 3 0 1 1
2002481041 0 0 1 1
2002484350 3 0 1 0
2002484931 0 0 1 0
2002489100 3 0 1 1
2002489756 0 0 1 1
2002493729 3 0 1 0
2002494476 0 0 1 0
2002498977 3 0 1 1
2002499882 0 0 1 1
2002503108 3 0 1 0
2002503938 0 0 1 0
2002508443 3 0 1 1
2002509178 0 0 1 1
2002513317 3 0 1 0
2002513898 0 0 1 0
2002517731 3 0 1 1
2002518225 0 0 1 1
2002522364 3 0 1 0
2002522945 0 0 1 0
2002526695 3 0 1 1
2002527189 0 0 1 1
2002531411 3 0 1 0
2002531826 0 0 1 0
2002536663 3 0 1 1
2002537149 0 0 1 1
2002540541 3 0 1 0
2002541122 0 0 1 0
2002545959 3 0 1 1
2002549920 3 0 1 0
2002554342 3 0 1 1
2002559050 3 0 1 0
2002563472 3 0 1 1
2002568014 3 0 1 0
2002572353 3 0 1 1
2002576895 3 0 1 0
2002581234 3 0 1 1
2002585776 3 0 1 0
2002590236 3 0 1 1
2002594813 3 0 1 0
2002599399 3 0 1 1
2002604036 3 0 1 0
2002608375 3 0 1 1
2002612336 3 0 1 0
2002617588 3 0 1 1
2002621300 3 0 1 0
2002627390 3 0 1 1
2002631262 3 0 1 0
2002636753 3 0 1 1
2002640390 3 0 1 0
2002656671 3 0 1 1
2002661389 3 0 1 0
2002666060 3 0 1 1
2002670596 3 0 1 0
2002675185 3 0 1 1
2002679566 3 0 1 0
2002684988 3 0 1 1
2002688530 3 0 1 0
2002693616 3 0 1 1
2002697826 3 0 1 0
2002702331 3 0 1 1
2002706809 3 0 1 0
2002711398 3 0 1 1
2002716601 3 0 1 0
2002720522 3 0 1 1
2002725548 3 0 1 0
2002729551 3 0 1 1
2002734512 3 0 1 0
2002739183 3 0 1 1
2002743393 3 0 1 0
2002748147 3 0 1 1
2002752440 3 0 1 0
2002757028 3 0 1 1
2002762234 3 0 1 0
2002766235 3 0 1 1
2002771613 3 0 1 0
2002775533 3 0 1 1
2002780264 3 0 1 0
2002785750 3 0 1 1
2002786796 12 0 1 1
2002789541 3 0 1 0
2002792012 12 0 1 0
2002805325 3 0 1 1
2002809876 3 0 1 0
2002814630 3 0 1 1
2002818342 3 0 1 0
2002824100 3 0 1 1
2002827472 3 0 1 0
2002833837 3 0 1 1
2002838013 3 0 1 0
2002843099 3 0 1 1
2002846977 3 0 1 0
2002852403 3 0 1 1
2002856107 3 0 1 0
2002862472 3 0 1 1
2002865984 3 0 1 0
2002872436 3 0 1 1
2002876276 3 0 1 0
2002881698 3 0 1 1
2002885572 3 0 1 0
2002890828 3 0 1 1
2002894951 3 0 1 0
2002900539 3 0 1 1
2002904257 3 0 1 0
2002909679 3 0 1 1
2002913711 3 0 1 0
2002918967 3 0 1 1
2002923005 3 0 1 0
2002928344 3 0 1 1
2002928617 12 0 1 1
2002932467 3 0 1 0
2002932832 12 0 1 0
2002937806 3 0 1 1
2002937906 12 0 1 1
2002941763 3 0 1 0
2002942165 12 0 1 0
2002947019 3 0 1 1
2002947801 12 0 1 1
2002951834 12 0 1 0
2002955707 3 0 1 0
2002957297 12 0 1 1
2002960635 3 0 1 1
2002961246 12 0 1 0
2002966654 12 0 1 1
2002968406 3 0 1 0
2002970683 12 0 1 0
2002973081 3 0 1 1
2002976250 12 0 1 1
2002980192 12 0 1 0
2002980747 3 0 1 0
2002985336 3 0 1 1
2002985589 12 0 1 1
2002988658 3 0 1 0
2002989448 12 0 1 0
2002993650 3 0 1 1
2002994845 12 0 1 1
2002997539 3 0 1 0
2002998787 12 0 1 0
2003002799 3 0 1 1
2003004358 12 0 1 1
2003007034 3 0 1 0
2003008213 12 0 1 0
2003012764 3 0 1 1
2003013610 12 0 1 1
2003016751 3 0 1 0
2003017552 12 0 1 0
2003022756 3 0 1 1
2003022953 12 0 1 1
2003026835 3 0 1 0
2003026999 12 0 1 0
2003032093 12 0 1 1
2003032425 3 0 1 1
2003036131 12 0 1 0
2003036660 3 0 1 0
2003041735 3 0 1 1
2003041755 12 0 1 1
2003045712 12 0 1 0
2003046054 3 0 1 0
2003050638 3 0 1 1
2003051069 12 0 1 1
2003054891 3 0 1 0
2003055024 12 0 1 0
2003060474 12 0 1 1
2003064512 12 0 1 0
2003070136 12 0 1 1
2003074158 12 0 1 0
2003079560 12 0 1 1
2003083566 12 0 1 0
2003088928 12 0 1 1
2003092902 12 0 1 0
2003098485 12 0 1 1
2003102514 12 0 1 0
2003107907 12 0 1 1
2003111841 12 0 1 0
2003117242 12 0 1 1
2003121263 12 0 1 0
2003126838 12 0 1 1
2003130946 12 0 1 0
2003136339 12 0 1 1
2003140186 12 0 1 0
2003145579 12 0 1 1
2003149513 12 0 1 0
2003159583 12 0 1 1
2003163596 12 0 1 0
2003169056 12 0 1 1
2003173069 12 0 1 0
2003178529 12 0 1 1
2003182496 12 0 1 0
2003188004 12 0 1 1
2003192030 12 0 1 0
2003197452 12 0 1 1
2003201474 12 0 1 0
2003206900 12 0 1 1
2003210930 12 0 1 0
2003216530 12 0 1 1
2003220556 12 0 1 0
2003223621 12 0 1 1
2003231594 12 0 1 0
2006135970 14 0 1 1
2006141115 14 0 1 0
2006145774 14 0 1 1
2006150336 14 0 1 0
2006154995 14 0 1 1
2006159383 14 0 1 0
2006164042 14 0 1 1
2006168513 14 0 1 0
2006173089 14 0 1 1
2006177560 14 0 1 0
2006182302 14 0 1 1
2006186773 14 0 1 0
2006191349 14 0 1 1
2006195820 14 0 1 0
2006200147 14 0 1 1
2006206116 14 0 1 0
2006210028 14 0 1 1
2006214167 14 0 1 0
2006220569 14 0 1 1
2006224376 14 0 1 0
2006230363 14 0 1 1
2006234751 14 0 1 0
2006239410 14 0 1 1
2006243798 14 0 1 0
2006248457 14 0 1 1
2006252845 14 0 1 0
2006257504 14 0 1 1
2006261560 14 0 1 0
2006267713 14 0 1 1
2006271354 14 0 1 0
2006277092 14 0 1 1
2006281065 14 0 1 0
2006286969 14 0 1 1
2006290859 14 0 1 0
2006296680 14 0 1 1
2006300570 14 0 1 0
2006306391 14 0 1 1
2006310293 14 0 1 0
2006316446 14 0 1 1
2006320170 14 0 1 0
2006326157 14 0 1 1
2006330379 14 0 1 0
2006335453 14 0 1 1
2006339758 14 0 1 0
2006344832 14 0 1 1
2006348971 14 0 1 0
2006354045 14 0 1 1
2006358271 14 0 1 0
2006363262 14 0 1 1
2006367484 14 0 1 0
2006372475 14 0 1 1
2006376697 14 0 1 0
2006381688 14 0 1 1
2006385910 14 0 1 0
2006391067 14 0 1 1
2006395289 14 0 1 0
2006400280 14 0 1 1
2006404502 14 0 1 0
2006409493 14 0 1 1
2006413715 14 0 1 0
2006418706 14 0 1 1
2006422928 14 0 1 0
2006428085 14 0 1 1
2006432088 14 0 1 0
2007118388 1 0 1 1
2007122917 1 0 1 0
2021992788 44 1 1 1
2021997050 44 1 1 0
2022001709 44 1 1 1
2022006302 44 1 1 0
2022011005 44 1 1 1
2022015637 44 1 1 0
2022020296 44 1 1 1
2022024802 44 1 1 0
2022029461 44 1 1 1
2022034398 44 1 1 0
2022038725 44 1 1 1
2022043266 44 1 1 0
2022047676 44 1 1 1
2022052877 44 1 1 0
2022056872 44 1 1 1
2022062125 44 1 1 0
2022066203 44 1 1 1
2022070610 44 1 1 0
2022075684 44 1 1 1
2022079464 44 1 1 0
2022085202 44 1 1 1
2022089056 44 1 1 0
2022094794 44 1 1 1
2022098652 44 1 1 0
2022104224 44 1 1 1
2022107991 44 1 1 0
2022113397 44 1 1 1
2022119125 44 1 1 0
2022122788 44 1 1 1
2022128721 44 1 1 0
2022133629 44 1 1 1
2022137886 44 1 1 0
2022144205 44 1 1 1
2022147656 44 1 1 0
2022152813 44 1 1 1
2022157165 44 1 1 0
2022162073 44 1 1 1
2022165990 44 1 1 0
2022171313 44 1 1 1
2022175586 44 1 1 0
2022180577 44 1 1 1
2022184925 44 1 1 0
2027120097 2 0 1 1
2027179172 2 0 1 0
2027185906 2 0 1 1
2027191622 2 0 1 0
2027195451 2 0 1 1
2027201333 2 0 1 0
2027205079 2 0 1 1
2027210795 2 0 1 0
2027214458 2 0 1 1
2027220340 2 0 1 0
2027224169 2 0 1 1
2027230134 2 0 1 0
2027233797 2 0 1 1
2027239596 2 0 1 0
2027243259 2 0 1 1
2027249141 2 0 1 0
2027252970 2 0 1 1
2027258935 2 0 1 0
2027262685 2 0 1 1
2027268654 2 0 1 0
2027272486 2 0 1 1
2027278365 2 0 1 0
2027282028 2 0 1 1
2027287910 2 0 1 0
2027291822 2 0 1 1
2027297372 2 0 1 0
2027301035 2 0 1 1
2027307000 2 0 1 0
2027310829 2 0 1 1
2027316462 2 0 1 0
2027320125 2 0 1 1
2027325758 2 0 1 0
2027329421 2 0 1 1
2027335303 2 0 1 0
2027339132 2 0 1 1
2027344848 2 0 1 0
2027348843 2 0 1 1
2027354227 2 0 1 0
2027358139 2 0 1 1
2027363440 2 0 1 0
2027367518 2 0 1 1
2027372736 2 0 1 0
2027376648 2 0 1 1
2027380632 2 0 1 0
2027387698 2 0 1 1
2027391094 2 0 1 0
2027397994 2 0 1 1
2027401382 2 0 1 0
2027408448 2 0 1 1
2027411840 2 0 1 0
2027418491 2 0 1 1
2027421966 2 0 1 0
2027429032 2 0 1 1
2027432424 2 0 1 0
2027438162 2 0 1 1
2027441720 2 0 1 0
2027448703 2 0 1 1
2027452178 2 0 1 0
2027464615 2 0 1 1
2027468174 2 0 1 0
2027474991 2 0 1 1
2027478506 2 0 1 0
2027485157 2 0 1 1
2027488664 2 0 1 0
2027492527 17 0 1 1
2027495536 17 0 1 0
2027506420 17 0 1 1
2027509314 17 0 1 0
2027519368 17 0 1 1
2027522428 17 0 1 0
2027532648 17 0 1 1
2027535708 17 0 1 0
2027546177 17 0 1 1
2027549237 17 0 1 0
2027559378 17 0 1 1
2027562355 17 0 1 0
2027572243 17 0 1 1
2027574906 17 0 1 0
2086486693 49 1 1 1
2086491675 49 1 1 0
2086494375 49 1 1 1
2086502880 49 1 1 0
2086505600 49 1 1 1
2086514085 49 1 1 0
2086516785 49 1 1 1
2086525290 49 1 1 0
2086527990 49 1 1 1
2086536495 49 1 1 0
2086539195 49 1 1 1
2086547708 49 1 1 0
2086550408 49 1 1 1
2086558933 49 1 1 0
2086561633 49 1 1 1
2086570142 49 1 1 0
2086572842 49 1 1 1
2086581347 49 1 1 0
2086584047 49 1 1 1
2086592469 49 1 1 0
2086595169 49 1 1 1
2086603674 49 1 1 0
2086606374 49 1 1 1
2086612725 49 1 1 0
2087897633 49 1 3 1
2087901898 49 1 3 0
2087905858 49 1 3 1
2087910115 49 1 3 0
2087914075 49 1 3 1
2087918332 49 1 3 0
2087922292 49 1 3 1
2087926549 49 1 3 0
2087930509 49 1 3 1
2087934766 49 1 3 0
2087938726 49 1 3 1
2087942983 49 1 3 0
2087946943 49 1 3 1
2087951200 49 1 3 0
2087955160 49 1 3 1
2087959417 49 1 3 0
2087963377 49 1 3 1
2087967634 49 1 3 0
2087971594 49 1 3 1
2087975851 49 1 3 0
2087979811 49 1 3 1
2087984088 49 1 3 0
2087988028 49 1 3 1
2087992285 49 1 3 0
2087996245 49 1 3 1
2088000502 49 1 3 0
2088004462 49 1 3 1
2088008719 49 1 3 0
2088012679 49 1 3 1
2088016936 49 1 3 0
2088020896 49 1 3 1
2088025153 49 1 3 0
2088029113 49 1 3 1
2088033370 49 1 3 0
2088037330 49 1 3 1
2088041587 49 1 3 0
2088045547 49 1 3 1
2088049804 49 1 3 0
2088053764 49 1 3 1
2088058021 49 1 3 0
2088061981 49 1 3 1
2088066238 49 1 3 0
2088070198 49 1 3 1
2088074455 49 1 3 0
2088078415 49 1 3 1
2088082672 49 1 3 0
2088086632 49 1 3 1
2088090889 49 1 3 0
2088094849 49 1 3 1
2088099106 49 1 3 0
2088103066 49 1 3 1
2088107323 49 1 3 0
2088111283 49 1 3 1
2088115540 49 1 3 0
2088119500 49 1 3 1
2088123757 49 1 3 0
2132998575 48 1 1 1
2133002029 48 1 1 0
2133005969 48 1 1 1
2133010231 48 1 1 0
2133014191 48 1 1 1
2133018448 48 1 1 0
2133022408 48 1 1 1
2133026665 48 1 1 0
2133030625 48 1 1 1
2133034882 48 1 1 0
2133038842 48 1 1 1
2133043099 48 1 1 0
2133047059 48 1 1 1
2133051316 48 1 1 0
2133055276 48 1 1 1
2133059533 48 1 1 0
2133063493 48 1 1 1
2133067750 48 1 1 0
2133071710 48 1 1 1
2133075967 48 1 1 0
2133079927 48 1 1 1
2133084184 48 1 1 0
2133088144 48 1 1 1
2133092401 48 1 1 0
2133096361 48 1 1 1
2133100618 48 1 1 0
2133104578 48 1 1 1
2133108835 48 1 1 0
2133112795 48 1 1 1
2133117052 48 1 1 0
2133121012 48 1 1 1
2133125269 48 1 1 0
2133129229 48 1 1 1
2133133486 48 1 1 0
2133137446 48 1 1 1
2133141703 48 1 1 0
2133145663 48 1 1 1
2133149920 48 1 1 0
2133153880 48 1 1 1
2133158137 48 1 1 0
2133162097 48 1 1 1
2133166354 48 1 1 0
2133170314 48 1 1 1
2133174571 48 1 1 0
2133178531 48 1 1 1
2133182788 48 1 1 0
2133186748 48 1 1 1
2133191005 48 1 1 0
2133194965 48 1 1 1
2133199222 48 1 1 0
2133203182 48 1 1 1
2133207439 48 1 1 0
2133211399 48 1 1 1
2133215656 48 1 1 0
2133219616 48 1 1 1
2133223864 48 1 1 0
2133227824 48 1 1 1
2133232081 48 1 1 0
2133236041 48 1 1 1
2133240298 48 1 1 0
2133244258 48 1 1 1
2133248515 48 1 1 0
2133252475 48 1 1 1
2133256732 48 1 1 0
2133260692 48 1 1 1
2133264949 48 1 1 0
2133268909 48 1 1 1
2133273166 48 1 1 0
2133277126 48 1 1 1
2133281383 48 1 1 0
2133285343 48 1 1 1
2133289600 48 1 1 0
2133293560 48 1 1 1
2133297817 48 1 1 0
2133301777 48 1 1 1
2133306034 48 1 1 0
2133309994 48 1 1 1
2133314251 48 1 1 0
2133318211 48 1 1 1
2133322468 48 1 1 0
2133326428 48 1 1 1
2133330685 48 1 1 0
2133334645 48 1 1 1
2133338902 48 1 1 0
2133342862 48 1 1 1
2133347119 48 1 1 0
2133351079 48 1 1 1
2133355336 48 1 1 0
2133359296 48 1 1 1
2133363553 48 1 1 0
2133367513 48 1 1 1
2133371770 48 1 1 0
2133375730 48 1 1 1
2133379987 48 1 1 0
2133383947 48 1 1 1
2133388204 48 1 1 0
2133392164 48 1 1 1
2133396421 48 1 1 0
2133400381 48 1 1 1
2133404638 48 1 1 0
2133408598 48 1 1 1
2133412855 48 1 1 0
2133416815 48 1 1 1
2133421072 48 1 1 0
2133425032 48 1 1 1
2133429289 48 1 1 0
2133433249 48 1 1 1
2133437506 48 1 1 0
2133441466 48 1 1 1
2133445723 48 1 1 0
2133449683 48 1 1 1
2133453940 48 1 1 0
2133457900 48 1 1 1
2133462157 48 1 1 0
2133466117 48 1 1 1
2133470374 48 1 1 0
2133474334 48 1 1 1
2133478591 48 1 1 0
2133482551 48 1 1 1
2133486808 48 1 1 0
2133490768 48 1 1 1
2133495025 48 1 1 0
2133498985 48 1 1 1
2133503242 48 1 1 0
2133507202 48 1 1 1
2133511459 48 1 1 0
2133515419 48 1 1 1
2133519676 48 1 1 0
2133523635 48 1 1 1
2133527893 48 1 1 0
2133531853 48 1 1 1
2133536110 48 1 1 0
2133540070 48 1 1 1
2133544327 48 1 1 0
2133548287 48 1 1 1
2133552544 48 1 1 0
2133556504 48 1 1 1
2133560761 48 1 1 0
2133564721 48 1 1 1
2133568978 48 1 1 0
2133572938 48 1 1 1
2133577195 48 1 1 0
2133581155 48 1 1 1
2133585412 48 1 1 0
