2002425999 0 0 1 1
2002427472 3 0 1 1
2002431147 0 0 1 0
2002432475 3 0 1 0
2002435640 0 0 1 1
2002436561 3 0 1 1
2002440941 0 0 1 0
2002441522 3 0 1 0
2002445268 0 0 1 1
2002445525 3 0 1 1
2002450320 0 0 1 0
2002450735 3 0 1 0
2002454568 3 0 1 1
2002454647 0 0 1 1
2002459367 3 0 1 0
2002459450 0 0 1 0
2002464204 3 0 1 1
2002464441 0 0 1 1
2002468497 3 0 1 0
2002468580 0 0 1 0
2002473417 3 0 1 1
2002473737 0 0 1 1
2002478623 0 0 1 0
2002478706 3 0 1 0
2002482739 3 0 1 1
2002482784 0 0 1 1
2002486923 0 0 1 0
2002487006 3 0 1 0
2002492096 3 0 1 1
2002492163 0 0 1 1
2002496302 0 0 1 0
2002496385 3 0 1 0
2002500712 0 0 1 1
2002500803 3 0 1 1
2002505598 0 0 1 0
2002505681 3 0 1 0
2002509767 3 0 1 1
2002509842 0 0 1 1
2002514147 3 0 1 0
2002514396 0 0 1 0
2002519063 3 0 1 1
2002519304 0 0 1 1
2002523194 3 0 1 0
2002523443 0 0 1 0
2002528284 3 0 1 1
2002528517 0 0 1 1
2002533320 3 0 1 0
2002533403 0 0 1 0
2002537489 3 0 1 1
2002537564 0 0 1 1
2002542201 3 0 1 0
2002542284 0 0 1 0
2002547623 3 0 1 1
2002551746 3 0 1 0
2002556908 3 0 1 1
2002561374 3 0 1 0
2002565622 3 0 1 1
2002570504 3 0 1 0
2002574756 3 0 1 1
2002579717 3 0 1 0
2002584052 3 0 1 1
2002588598 3 0 1 0
2002593315 3 0 1 1
2002597064 3 0 1 0
2002602814 3 0 1 1
2002606526 3 0 1 0
2002612363 3 0 1 1
2002616237 3 0 1 0
2002621327 3 0 1 1
2002625782 3 0 1 0
2002630615 3 0 1 1
2002635078 3 0 1 0
2002649920 3 0 1 1
2002654417 3 0 1 0
2002659001 3 0 1 1
2002663796 3 0 1 0
2002668380 3 0 1 1
2002673009 3 0 1 0
2002677597 3 0 1 1
2002682305 3 0 1 0
2002686889 3 0 1 1
2002691601 3 0 1 0
2002696189 3 0 1 1
2002700814 3 0 1 0
2002705315 3 0 1 1
2002710027 3 0 1 0
2002714358 3 0 1 1
2002719340 3 0 1 0
2002723759 3 0 1 1
2002728204 3 0 1 0
2002732788 3 0 1 1
2002737334 3 0 1 0
2002741424 3 0 1 1
2002746962 3 0 1 0
2002751131 3 0 1 1
2002755677 3 0 1 0
2002760344 3 0 1 1
2002764937 3 0 1 0
2002769487 3 0 1 1
2002774850 3 0 1 0
2002778604 3 0 1 1
2002783150 3 0 1 0
2002786796 12 0 1 1
2002787817 3 0 1 1
2002792012 12 0 1 0
2002792446 3 0 1 0
2002805712 3 0 1 1
2002810706 3 0 1 0
2002815128 3 0 1 1
2002819255 3 0 1 0
2002824507 3 0 1 1
2002828717 3 0 1 0
2002833886 3 0 1 1
2002838926 3 0 1 0
2002843178 3 0 1 1
2002847973 3 0 1 0
2002852059 3 0 1 1
2002857103 3 0 1 0
2002861355 3 0 1 1
2002866067 3 0 1 0
2002870817 3 0 1 1
2002874370 3 0 1 0
2002880971 3 0 1 1
2002884493 3 0 1 0
2002890745 3 0 1 1
2002894951 3 0 1 0
2002900203 3 0 1 1
2002904247 3 0 1 0
2002909416 3 0 1 1
2002913460 3 0 1 0
2002919131 3 0 1 1
2002922673 3 0 1 0
2002928617 12 0 1 1
2002929423 3 0 1 1
2002932832 12 0 1 0
2002933297 3 0 1 0
2002937906 12 0 1 1
2002939130 3 0 1 1
2002942169 12 0 1 0
2002943008 3 0 1 0
2002947813 12 0 1 1
2002948596 3 0 1 1
2002951767 12 0 1 0
2002951972 3 0 1 0
2002956892 3 0 1 1
2002957230 12 0 1 1
2002960661 3 0 1 0
2002961266 12 0 1 0
2002966670 12 0 1 1
2002967748 3 0 1 1
2002970699 12 0 1 0
2002972008 3 0 1 0
2002976274 12 0 1 1
2002977008 3 0 1 1
2002980390 12 0 1 0
2002981105 3 0 1 0
2002985791 12 0 1 1
2002986399 3 0 1 1
2002989820 12 0 1 0
2002990650 3 0 1 0
2002995399 12 0 1 1
2002995736 3 0 1 1
2002999428 12 0 1 0
2003000195 3 0 1 0
2003004829 12 0 1 1
2003005232 3 0 1 1
2003008860 12 0 1 0
2003009449 3 0 1 0
2003014176 12 0 1 1
2003014847 3 0 1 1
2003018205 12 0 1 0
2003018917 3 0 1 0
2003023804 12 0 1 1
2003024453 3 0 1 1
2003027854 12 0 1 0
2003028437 3 0 1 0
2003032952 12 0 1 1
2003033749 3 0 1 1
2003036914 12 0 1 0
2003037794 3 0 1 0
2003042274 12 0 1 1
2003043045 3 0 1 1
2003046233 12 0 1 0
2003047029 3 0 1 0
2003051857 12 0 1 1
2003052314 3 0 1 1
2003055883 12 0 1 0
2003056808 3 0 1 0
2003061348 12 0 1 1
2003065318 12 0 1 0
2003070731 12 0 1 1
2003074827 12 0 1 0
2003080461 12 0 1 1
2003084390 12 0 1 0
2003089764 12 0 1 1
2003093690 12 0 1 0
2003099067 12 0 1 1
2003102993 12 0 1 0
2003108623 12 0 1 1
2003112632 12 0 1 0
2003118084 12 0 1 1
2003122089 12 0 1 0
2003127553 12 0 1 1
2003131554 12 0 1 0
2003137180 12 0 1 1
2003141185 12 0 1 0
2003146641 12 0 1 1
2003150642 12 0 1 0
2003160526 12 0 1 1
2003164618 12 0 1 0
2003170244 12 0 1 1
2003174249 12 0 1 0
2003179701 12 0 1 1
2003183687 12 0 1 0
2003189275 12 0 1 1
2003193289 12 0 1 0
2003198612 12 0 1 1
2003202630 12 0 1 0
2003208044 12 0 1 1
2003212062 12 0 1 0
2003217650 12 0 1 1
2003226742 12 0 1 0
2006130632 14 0 1 1
2006134824 14 0 1 0
2006139815 14 0 1 1
2006144037 14 0 1 0
2006149028 14 0 1 1
2006153250 14 0 1 0
2006158075 14 0 1 1
2006162297 14 0 1 0
2006167122 14 0 1 1
2006171593 14 0 1 0
2006176667 14 0 1 1
2006181138 14 0 1 0
2006185880 14 0 1 1
2006190517 14 0 1 0
2006195093 14 0 1 1
2006200228 14 0 1 0
2006203891 14 0 1 1
2006209287 14 0 1 0
2006213863 14 0 1 1
2006217880 14 0 1 0
2006224282 14 0 1 1
2006227852 14 0 1 0
2006234254 14 0 1 1
2006237895 14 0 1 0
2006242970 14 0 1 1
2006247274 14 0 1 0
2006252265 14 0 1 1
2006256487 14 0 1 0
2006260814 14 0 1 1
2006265036 14 0 1 0
2006270027 14 0 1 1
2006274249 14 0 1 0
2006279240 14 0 1 1
2006283545 14 0 1 0
2006288453 14 0 1 1
2006292758 14 0 1 0
2006297832 14 0 1 1
2006302137 14 0 1 0
2006306547 14 0 1 1
2006311516 14 0 1 0
2006315843 14 0 1 1
2006320401 14 0 1 0
2006325311 14 0 1 1
2006329563 14 0 1 0
2006334471 14 0 1 1
2006338701 14 0 1 0
2006343775 14 0 1 1
2006347997 14 0 1 0
2006353071 14 0 1 1
2006357293 14 0 1 0
2006362201 14 0 1 1
2006366423 14 0 1 0
2006371331 14 0 1 1
2006375553 14 0 1 0
2006380461 14 0 1 1
2006385015 14 0 1 0
2006389757 14 0 1 1
2006394145 14 0 1 0
2006400215 14 0 1 1
2006403939 14 0 1 0
2006410009 14 0 1 1
2006413591 14 0 1 0
2006419412 14 0 1 1
2006422971 14 0 1 0
2006428958 14 0 1 1
2006432464 14 0 1 0
2021070995 46 1 1 1
2021078469 46 1 1 0
2021081492 46 1 1 1
2021089970 46 1 1 0
2021093080 46 1 1 1
2021101977 46 1 1 0
2021105170 46 1 1 1
2021113818 46 1 1 0
2021117090 46 1 1 1
2021126078 46 1 1 0
2021129271 46 1 1 1
2021137753 46 1 1 0
2021140946 46 1 1 1
2021149428 46 1 1 0
2021152617 46 1 1 1
2021160933 46 1 1 0
2021164126 46 1 1 1
2021172355 46 1 1 0
2021175635 46 1 1 1
2021184121 46 1 1 0
2021187393 46 1 1 1
2021195709 46 1 1 0
2021198902 46 1 1 1
2021206795 46 1 1 0
2021209988 46 1 1 1
2021218134 46 1 1 0
2021221414 46 1 1 1
2021229982 46 1 1 0
2021233077 46 1 1 1
2021242782 46 1 1 0
2021245789 46 1 1 1
2021255319 46 1 1 0
2021258268 46 1 1 1
2021268075 46 1 1 0
2021271102 46 1 1 1
2021281191 46 1 1 0
2021284190 46 1 1 1
2021290665 46 1 1 0
2021294460 46 1 1 1
2021300146 46 1 1 0
2021303809 46 1 1 1
2021309962 46 1 1 0
2021313693 46 1 1 1
2021320084 46 1 1 0
2021323819 46 1 1 1
2021330044 46 1 1 0
2021333510 46 1 1 1
2021339597 46 1 1 0
2021343087 46 1 1 1
2021352025 46 1 1 0
2021355197 46 1 1 1
2021364991 46 1 1 0
2021368224 46 1 1 1
2021374457 46 1 1 0
2021378141 46 1 1 1
2021384164 46 1 1 0
2021387676 46 1 1 1
2021393955 46 1 1 0
2021397448 46 1 1 1
2021402892 46 1 1 0
2021405085 18 0 1 1
2021407109 46 1 1 1
2021411803 46 1 1 0
2021416164 46 1 1 1
2021418481 18 0 1 0
2021422925 46 1 1 0
2021426747 46 1 1 1
2021432055 46 1 1 0
2021436387 46 1 1 1
2021441434 46 1 1 0
2021445778 46 1 1 1
2021450809 46 1 1 0
2021455208 46 1 1 1
2021460113 46 1 1 0
2021464366 46 1 1 1
2021469489 46 1 1 0
2021473970 46 1 1 1
2021478954 46 1 1 0
2021483351 46 1 1 1
2021488325 46 1 1 0
2021492459 46 1 1 1
2021497732 46 1 1 0
2021502065 46 1 1 1
2021507018 46 1 1 0
2021511432 46 1 1 1
2021516227 46 1 1 0
2021520392 46 1 1 1
2021525421 46 1 1 0
2021529760 46 1 1 1
2021534661 46 1 1 0
2021538775 46 1 1 1
2021543621 46 1 1 0
2021547964 46 1 1 1
2021552999 46 1 1 0
2021557490 46 1 1 1
2021562599 46 1 1 0
2021571357 46 1 1 1
2021574293 46 1 1 0
2021583025 46 1 1 1
2021586235 46 1 1 0
2021592852 46 1 1 1
2021597240 46 1 1 0
2021602239 46 1 1 1
2021606801 46 1 1 0
2021612103 46 1 1 1
2021616766 46 1 1 0
2021624035 46 1 1 1
2021627540 46 1 1 0
2021897869 46 1 1 1
2021899687 46 1 1 0
2021916571 46 1 1 1
2021920651 46 1 1 0
2021939535 46 1 1 1
2021943765 46 1 1 0
2021951979 46 1 1 1
2021955109 46 1 1 0
2021964106 46 1 1 1
2021966640 46 1 1 0
2023533098 31 0 1 1
2023536510 31 0 1 0
2023543161 31 0 1 1
2023546636 31 0 1 0
2023553453 31 0 1 1
2023557011 31 0 1 0
2023563662 31 0 1 1
2023567141 31 0 1 0
2023573626 31 0 1 1
2023577344 31 0 1 0
2023583580 31 0 1 1
2023587181 31 0 1 0
2023593417 31 0 1 1
2023597097 31 0 1 0
2023603250 31 0 1 1
2023606772 31 0 1 0
2023612842 31 0 1 1
2023616455 31 0 1 0
2023622608 31 0 1 1
2023626130 31 0 1 0
2023632117 31 0 1 1
2023635627 31 0 1 0
2023641946 31 0 1 1
2023645567 31 0 1 0
2023651388 31 0 1 1
2023655063 31 0 1 0
2023661050 31 0 1 1
2023664717 31 0 1 0
2023670455 31 0 1 1
2023674197 31 0 1 0
2023680267 31 0 1 1
2023684140 31 0 1 0
2023690210 31 0 1 1
2023693893 31 0 1 0
2023699631 31 0 1 1
2023703282 31 0 1 0
2023709269 31 0 1 1
2023713019 31 0 1 0
2023719172 31 0 1 1
2023722922 31 0 1 0
2023728992 31 0 1 1
2023732801 31 0 1 0
2023738788 31 0 1 1
2023742375 31 0 1 0
2023748528 31 0 1 1
2023752156 31 0 1 0
2023758558 31 0 1 1
2023762107 31 0 1 0
2023767181 31 0 1 1
2023771374 31 0 1 0
2023776199 31 0 1 1
2023780388 31 0 1 0
2023785296 31 0 1 1
2023789192 31 0 1 0
2023794460 31 0 1 1
2023798750 31 0 1 0
2023803990 31 0 1 1
2023808206 31 0 1 0
2023813114 31 0 1 1
2023817334 31 0 1 0
2023822159 31 0 1 1
2023826371 31 0 1 0
2023831362 31 0 1 1
2023835637 31 0 1 0
2023840711 31 0 1 1
2023845038 31 0 1 0
2023850112 31 0 1 1
2023854332 31 0 1 0
2023859655 31 0 1 1
2023863203 31 0 1 0
2023869605 31 0 1 1
2023873003 31 0 1 0
2023879571 31 0 1 1
2023882973 31 0 1 0
2023889956 31 0 1 1
2023893358 31 0 1 0
2023900258 31 0 1 1
2023903747 31 0 1 0
2023910564 31 0 1 1
2023914057 31 0 1 0
2023921409 31 0 1 1
2023925039 31 0 1 0
2023932022 31 0 1 1
2023935515 31 0 1 0
2023942332 31 0 1 1
2023945734 31 0 1 0
2023952385 31 0 1 1
2023955787 31 0 1 0
2023959782 31 0 1 1
2023963223 31 0 1 0
2023969708 31 0 1 1
2023974288 31 0 1 0
2023981022 31 0 1 1
2023986146 31 0 1 0
2023992714 31 0 1 1
2023997302 31 0 1 0
2024003040 31 0 1 1
2024008845 31 0 1 0
2024014002 31 0 1 1
2024019672 31 0 1 0
2024024829 31 0 1 1
2024030665 31 0 1 0
2024035739 31 0 1 1
2024041405 31 0 1 0
2024046313 31 0 1 1
2024051896 31 0 1 0
2024056887 31 0 1 1
2024062300 31 0 1 0
2024067125 31 0 1 1
2024072625 31 0 1 0
2024077699 31 0 1 1
2024083369 31 0 1 0
2024088194 31 0 1 1
2024092607 31 0 1 0
2024098594 31 0 1 1
2024103102 31 0 1 0
2024108840 31 0 1 1
2024113174 31 0 1 0
2024119161 31 0 1 1
2024123669 31 0 1 0
2024129739 31 0 1 1
2024134247 31 0 1 0
2024140068 31 0 1 1
2024144236 31 0 1 0
2024150140 31 0 1 1
2024154561 31 0 1 0
2024160631 31 0 1 1
2024165511 31 0 1 0
2024171133 31 0 1 1
2024176409 31 0 1 0
2024181981 31 0 1 1
2024187078 31 0 1 0
2024192733 31 0 1 1
2024197834 31 0 1 0
2024203987 31 0 1 1
2024212323 31 0 1 0
2024216318 31 0 1 1
2024226879 31 0 1 0
2024231123 31 0 1 1
2024242040 31 0 1 0
2024246284 31 0 1 1
2024251744 31 0 1 0
2024254826 31 0 1 1
2024264046 31 0 1 0
2024268041 31 0 1 1
2024279559 31 0 1 0
2024283554 31 0 1 1
2024289002 31 0 1 0
2024291752 31 0 1 1
2024300525 31 0 1 0
2024304354 31 0 1 1
2024314733 31 0 1 0
2024319475 31 0 1 1
2024324607 31 0 1 0
2024327108 31 0 1 1
2024335453 31 0 1 0
2024339365 31 0 1 1
2024349650 31 0 1 0
2024353977 31 0 1 1
2024359257 31 0 1 0
2024362007 31 0 1 1
2024370552 31 0 1 0
2024374464 31 0 1 1
2024384832 31 0 1 0
2024389325 31 0 1 1
2024392809 31 0 1 0
2024396887 31 0 1 1
2024400459 31 0 1 0
2024405533 31 0 1 1
2024409386 31 0 1 0
2024415871 31 0 1 1
2024420689 31 0 1 0
2024427506 31 0 1 1
2024432249 31 0 1 0
2024438817 31 0 1 1
2024443639 31 0 1 0
2024450207 31 0 1 1
2024455029 31 0 1 0
2024461680 31 0 1 1
2024466672 31 0 1 0
2024473821 31 0 1 1
2024478825 31 0 1 0
2024485476 31 0 1 1
2024490207 31 0 1 0
2024496111 31 0 1 1
2024501771 31 0 1 0
2024506098 31 0 1 1
2024511038 31 0 1 0
2024516112 31 0 1 1
2024521589 31 0 1 0
2024527576 31 0 1 1
2024533357 31 0 1 0
2024539427 31 0 1 1
2024544872 31 0 1 0
2024549199 31 0 1 1
2024553924 31 0 1 0
2024556923 31 0 1 1
2024567821 31 0 1 0
2024573559 31 0 1 1
2024586081 31 0 1 0
2024592068 31 0 1 1
2024604843 31 0 1 0
2024610996 31 0 1 1
2024615633 31 0 1 0
2024618715 31 0 1 1
2024629328 31 0 1 0
2024634568 31 0 1 1
2024647173 31 0 1 0
2024651500 31 0 1 1
2024664271 31 0 1 0
2024669179 31 0 1 1
2024674480 31 0 1 0
2024677479 31 0 1 1
2024687541 29 0 1 1
2024688258 31 0 1 0
2024692325 29 0 1 0
2024692585 31 0 1 1
2024701800 29 0 1 1
2024705024 29 0 1 0
2024705107 31 0 1 0
2024711217 29 0 1 1
2024711841 31 0 1 1
2024712751 29 0 1 0
2024715295 31 0 1 0
2024905180 31 0 1 1
2024907485 31 0 1 0
2024931815 31 0 1 1
2024933429 31 0 1 0
2024956265 31 0 1 1
2024959827 31 0 1 0
2024965980 31 0 1 1
2024969455 31 0 1 0
2024973948 31 0 1 1
2024977423 31 0 1 0
2024982248 31 0 1 1
2024985889 31 0 1 0
2024992374 31 0 1 1
2024997177 31 0 1 0
2025004077 31 0 1 1
2025008963 31 0 1 0
2025015531 31 0 1 1
2025020500 31 0 1 0
2025026985 31 0 1 1
2025032037 31 0 1 0
2025038605 31 0 1 1
2025043574 31 0 1 0
2025050557 31 0 1 1
2025055858 31 0 1 0
2025062592 31 0 1 1
2025067644 31 0 1 0
2025073548 31 0 1 1
2025078102 31 0 1 0
2025085934 31 0 1 1
2025089307 31 0 1 0
2025092887 31 0 1 1
2025096694 31 0 1 0
2025102681 31 0 1 1
2025107650 31 0 1 0
2025113720 31 0 1 1
2025118772 31 0 1 0
2025123265 31 0 1 1
2025127155 31 0 1 0
2025130320 31 0 1 1
2025135621 31 0 1 0
2025141608 31 0 1 1
2025149233 31 0 1 0
2025155469 31 0 1 1
2025163426 31 0 1 0
2025169828 31 0 1 1
2025174465 31 0 1 0
2025177713 31 0 1 1
2025185425 31 0 1 0
2025190333 31 0 1 1
2025200513 31 0 1 0
2025206002 31 0 1 1
2025213378 31 0 1 0
2025218452 31 0 1 1
2025222840 31 0 1 0
2025226005 31 0 1 1
2025230642 31 0 1 0
2025235052 31 0 1 1
2025240021 31 0 1 0
2025245676 31 0 1 1
2025250479 31 0 1 0
2025255636 31 0 1 1
2025259858 31 0 1 0
2025264766 31 0 1 1
2025269154 31 0 1 0
2025274228 31 0 1 1
2025278450 31 0 1 0
2025283441 31 0 1 1
2025287829 31 0 1 0
2025292737 31 0 1 1
2025296959 31 0 1 0
2025301867 31 0 1 1
2025306172 31 0 1 0
2025311163 31 0 1 1
2025315385 31 0 1 0
2025320127 31 0 1 1
2025324349 31 0 1 0
2025329340 31 0 1 1
2025333728 31 0 1 0
2025338885 31 0 1 1
2025343107 31 0 1 0
2025348015 31 0 1 1
2025352403 31 0 1 0
2025357560 31 0 1 1
2025361782 31 0 1 0
2025366773 31 0 1 1
2025371161 31 0 1 0
2025376152 31 0 1 1
2025380295 31 0 1 0
2025385286 31 0 1 1
2025389674 31 0 1 0
2025394665 31 0 1 1
2025398887 31 0 1 0
2025403795 31 0 1 1
2025408100 31 0 1 0
2025413174 31 0 1 1
2025417654 31 0 1 0
2025422396 31 0 1 1
2025427675 31 0 1 0
2025432334 31 0 1 1
2025436826 31 0 1 0
2025441651 31 0 1 1
2025446068 31 0 1 0
2025450063 31 0 1 1
2025454614 31 0 1 0
2025459356 31 0 1 1
2025463682 31 0 1 0
2025469669 31 0 1 1
2025474550 31 0 1 0
2025481865 31 0 1 1
2025486585 31 0 1 0
2025491327 31 0 1 1
2025494885 31 0 1 0
2025499627 31 0 1 1
2025503351 31 0 1 0
2025509753 31 0 1 1
2025514390 31 0 1 0
2025521124 31 0 1 1
2025526010 31 0 1 0
2025532578 31 0 1 1
2025537547 31 0 1 0
2025544032 31 0 1 1
2025549566 31 0 1 0
2025556134 31 0 1 1
2025561103 31 0 1 0
2025568086 31 0 1 1
2025573312 31 0 1 0
2025580046 31 0 1 1
2025585098 31 0 1 0
2025590836 31 0 1 1
2025595888 31 0 1 0
2025602207 31 0 1 1
2025606429 31 0 1 0
2025610590 31 0 1 1
2025613899 31 0 1 0
2025619388 31 0 1 1
2025623776 31 0 1 0
2025629929 31 0 1 1
2025634483 31 0 1 0
2025639225 31 0 1 1
2025642700 31 0 1 0
2025646114 31 0 1 1
2025649506 31 0 1 0
2025655244 31 0 1 1
2025661043 31 0 1 0
2025667777 31 0 1 1
2025673327 31 0 1 0
2025680227 31 0 1 1
2025684615 31 0 1 0
2025688278 31 0 1 1
2025692500 31 0 1 0
2025697823 31 0 1 1
2025703539 31 0 1 0
2025709692 31 0 1 1
2025714661 31 0 1 0
2025720316 31 0 1 1
2025724040 31 0 1 0
2025728035 31 0 1 1
2025731178 31 0 1 0
2025735588 31 0 1 1
2025739063 31 0 1 0
2025745133 31 0 1 1
2025749189 31 0 1 0
2025754678 31 0 1 1
2025758319 31 0 1 0
2025763808 31 0 1 1
2025767283 31 0 1 0
2025772689 31 0 1 1
2025776247 31 0 1 0
2025781736 31 0 1 1
2025785294 31 0 1 0
2025790617 31 0 1 1
2025794092 31 0 1 0
2025799415 31 0 1 1
2025802973 31 0 1 0
2025808379 31 0 1 1
2025811854 31 0 1 0
2025817146 31 0 1 1
2025820403 31 0 1 0
2025825892 31 0 1 1
2025829616 31 0 1 0
2025835105 31 0 1 1
2025838746 31 0 1 0
2025844069 31 0 1 1
2025847544 31 0 1 0
2025853116 31 0 1 1
2025856757 31 0 1 0
2025862163 31 0 1 1
2025865638 31 0 1 0
2025871127 31 0 1 1
2025874769 31 0 1 0
2025880175 31 0 1 1
2025883845 31 0 1 0
2025889251 31 0 1 1
2025893008 31 0 1 0
2025898331 31 0 1 1
2025901918 31 0 1 0
2025907490 31 0 1 1
2025911338 31 0 1 0
2025916412 31 0 1 1
2025920331 31 0 1 0
2025925488 31 0 1 1
2025929158 31 0 1 0
2025934398 31 0 1 1
2025937993 31 0 1 0
2025942486 31 0 1 1
2025945899 31 0 1 0
2025974130 31 0 1 1
2025976942 31 0 1 0
2026002932 31 0 1 1
2026005127 31 0 1 0
2026036180 31 0 1 1
2026039826 31 0 1 0
2026083274 31 0 1 1
2026086676 31 0 1 0
2026297567 0 0 1 1
2026300074 0 0 1 0
2026320658 0 0 1 1
2026323193 0 0 1 0
2026344653 0 0 1 1
2026347052 0 0 1 0
2026370043 0 0 1 1
2026372450 0 0 1 0
2026391291 1 0 1 1
2026395471 1 0 1 0
2026397972 0 0 1 1
2026400466 0 0 1 0
2026401209 1 0 1 1
2026402662 3 0 1 1
2026404518 1 0 1 0
2026406981 3 0 1 0
2026409829 0 0 1 1
2026413126 3 0 1 1
2026413565 0 0 1 0
2026416619 3 0 1 0
2026419442 0 0 1 1
2026422515 3 0 1 1
2026423110 0 0 1 0
2026425838 3 0 1 0
2026428082 0 0 1 1
2026432587 0 0 1 0
2026434473 3 0 1 1
2026438132 3 0 1 0
2026438808 0 0 1 1
2026441796 0 0 1 0
2026447431 3 0 1 1
2026450511 0 0 1 1
2026450671 3 0 1 0
2026453171 0 0 1 0
2026460887 3 0 1 1
2026461818 0 0 1 1
2026463795 3 0 1 0
2026464557 0 0 1 0
2026470533 0 0 1 1
2026473773 0 0 1 0
2026476248 3 0 1 1
2026479745 3 0 1 0
2026481910 0 0 1 1
2026485233 0 0 1 0
2026488733 3 0 1 1
2026492228 3 0 1 0
2026494536 0 0 1 1
2026497725 0 0 1 0
2026500304 3 0 1 1
2026503448 3 0 1 0
2026507605 0 0 1 1
2026511924 0 0 1 0
2026515232 3 0 1 1
2026518412 3 0 1 0
2026522721 0 0 1 1
2026525629 0 0 1 0
2026527160 3 0 1 1
2026529986 3 0 1 0
2026536754 0 0 1 1
2026538397 3 0 1 1
2026539662 0 0 1 0
2026541344 3 0 1 0
2026549926 3 0 1 1
2026551119 0 0 1 1
2026553059 3 0 1 0
2026554608 0 0 1 0
2026562994 0 0 1 1
2026564590 3 0 1 1
2026565985 0 0 1 0
2026567419 3 0 1 0
2026575768 3 0 1 1
2026577031 0 0 1 1
2026578858 3 0 1 0
2026579856 0 0 1 0
2026587522 3 0 1 1
2026589906 0 0 1 1
2026590615 3 0 1 0
2026592482 0 0 1 0
2026600429 3 0 1 1
2026602030 0 0 1 1
2026602762 3 0 1 0
2026605270 0 0 1 0
2026609485 3 0 1 1
2026613442 3 0 1 0
2026618885 0 0 1 1
2026622361 3 0 1 1
2026622429 0 0 1 0
2026626104 3 0 1 0
2026631808 0 0 1 1
2026634547 0 0 1 0
2026634599 3 0 1 1
2026637622 3 0 1 0
2026642183 0 0 1 1
2026645171 0 0 1 0
2026648787 3 0 1 1
2026651157 3 0 1 0
2026657289 0 0 1 1
2026660281 0 0 1 0
2026661153 3 0 1 1
2026664271 3 0 1 0
2026672561 0 0 1 1
2026674018 3 0 1 1
2026675549 0 0 1 0
2026677385 3 0 1 0
2026686725 3 0 1 1
2026687345 3 0 1 0
2026687418 0 0 1 1
2026691070 0 0 1 0
2026693071 3 0 1 1
2026697471 3 0 1 0
2026704018 0 0 1 1
2026706757 0 0 1 0
2026707733 3 0 1 1
2026711576 3 0 1 0
2026717962 0 0 1 1
2026720286 0 0 1 0
2026721078 3 0 1 1
2026724031 3 0 1 0
2026729665 0 0 1 1
2026733151 0 0 1 0
2026737426 3 0 1 1
2026740783 3 0 1 0
2026746103 0 0 1 1
2026749257 0 0 1 0
2026751328 3 0 1 1
2026754326 3 0 1 0
2026762367 0 0 1 1
2026763867 3 0 1 1
2026764774 0 0 1 0
2026766610 3 0 1 0
2026776570 3 0 1 1
2026777556 0 0 1 1
2026779226 3 0 1 0
2026780793 0 0 1 0
2026790526 3 0 1 1
2026791085 0 0 1 1
2026793502 3 0 1 0
2026793907 0 0 1 0
2026804553 3 0 1 1
2026806689 0 0 1 1
2026807764 3 0 1 0
2026809677 0 0 1 0
2026819068 3 0 1 1
2026821421 0 0 1 1
2026821791 3 0 1 0
2026824129 0 0 1 0
2026834013 3 0 1 1
2026835428 0 0 1 1
2026836081 3 0 1 0
2026838391 0 0 1 0
2026845208 3 0 1 1
2026848232 3 0 1 0
2026853766 0 0 1 1
2026857232 0 0 1 0
2026859616 3 0 1 1
2026862378 3 0 1 0
2026866124 0 0 1 1
2026870014 0 0 1 0
2026870832 3 0 1 1
2026874081 3 0 1 0
2026878823 0 0 1 1
2026883460 0 0 1 0
2026886108 3 0 1 1
2026889685 3 0 1 0
2026894427 0 0 1 1
2026899147 0 0 1 0
2026900870 3 0 1 1
2026904652 3 0 1 0
2026908869 0 0 1 1
2026912012 0 0 1 0
2026916324 3 0 1 1
2026918912 0 0 1 1
2026920146 3 0 1 0
2026921806 0 0 1 0
2026930034 0 0 1 1
2026931706 3 0 1 1
2026932783 3 0 1 0
2026934173 0 0 1 0
2026938687 3 0 1 1
2026944071 3 0 1 0
2026945057 0 0 1 1
2026948698 0 0 1 0
2026952610 0 0 1 1
2026956117 3 0 1 1
2026956251 0 0 1 0
2026960401 3 0 1 0
2026965724 0 0 1 1
2026967633 3 0 1 1
2026968120 3 0 1 0
2026970299 0 0 1 0
2026971617 3 0 1 1
2026975030 3 0 1 0
2026982179 0 0 1 1
2026985488 0 0 1 0
2027001850 0 0 1 1
2027005657 0 0 1 0
2027007411 3 0 1 1
2027010388 3 0 1 0
2027026667 0 0 1 1
2027029395 0 0 1 0
2027033228 3 0 1 1
2027035786 3 0 1 0
2027043184 0 0 1 1
2027046104 0 0 1 0
2027055192 3 0 1 1
2027057698 3 0 1 0
2027062964 0 0 1 1
2027066247 0 0 1 0
2027078210 3 0 1 1
2027081187 3 0 1 0
2027092569 0 0 1 1
2027094118 2 0 1 1
2027094233 3 0 1 1
2027094770 0 0 1 0
2027096795 3 0 1 0
2027120544 3 0 1 1
2027123023 3 0 1 0
2027126758 2 0 1 0
2027129342 2 0 1 1
2027134560 2 0 1 0
2027138140 2 0 1 1
2027138472 3 0 1 1
2027142445 2 0 1 0
2027142744 3 0 1 0
2027146324 0 0 1 1
2027146938 2 0 1 1
2027149218 0 0 1 0
2027149976 3 0 1 1
2027152239 2 0 1 0
2027152787 3 0 1 0
2027156898 2 0 1 1
2027158193 0 0 1 1
2027161618 2 0 1 0
2027162116 0 0 1 0
2027163343 3 0 1 1
2027167439 2 0 1 1
2027168258 3 0 1 0
2027172906 2 0 1 0
2027175988 3 0 1 1
2027176486 2 0 1 1
2027178932 3 0 1 0
2027179225 0 0 1 1
2027180874 2 0 1 0
2027182584 0 0 1 0
2027185865 2 0 1 1
2027186579 0 0 1 1
2027189307 0 0 1 0
2027190751 2 0 1 0
2027195410 2 0 1 1
2027199466 2 0 1 0
2027203295 2 0 1 1
2027208574 0 0 1 1
2027208928 2 0 1 0
2027213669 0 0 1 0
2027214168 2 0 1 1
2027218058 2 0 1 0
2027218909 0 0 1 1
2027221793 0 0 1 0
2027222219 2 0 1 1
2027226026 2 0 1 0
2027230851 2 0 1 1
2027236484 2 0 1 0
2027240064 0 0 1 1
2027240479 2 0 1 1
2027244452 2 0 1 0
2027244462 0 0 1 0
2027248696 2 0 1 1
2027254744 2 0 1 0
2027259901 2 0 1 1
2027259911 0 0 1 1
2027263127 2 0 1 0
2027263967 0 0 1 0
2027267288 2 0 1 1
2027273087 2 0 1 0
2027276750 2 0 1 1
2027279665 0 0 1 1
2027282383 0 0 1 0
2027282549 2 0 1 0
2027288287 2 0 1 1
2027288536 0 0 1 1
2027291357 0 0 1 0
2027292509 2 0 1 0
2027296338 2 0 1 1
2027301888 2 0 1 0
2027307212 2 0 1 1
2027311581 3 0 1 1
2027312017 2 0 1 0
2027314006 3 0 1 0
2027314359 0 0 1 1
2027317340 2 0 1 1
2027317668 0 0 1 0
2027321974 2 0 1 0
2027325720 2 0 1 1
2027327971 0 0 1 1
2027330610 2 0 1 0
2027331280 0 0 1 0
2027336348 2 0 1 1
2027336852 0 0 1 1
2027339165 0 0 1 0
2027340321 2 0 1 0
2027344482 2 0 1 1
2027350198 2 0 1 0
2027353203 0 0 1 1
2027353944 2 0 1 1
2027357674 0 0 1 0
2027357834 2 0 1 0
2027363074 2 0 1 1
2027365321 0 0 1 1
2027367711 2 0 1 0
2027368132 0 0 1 0
2027372702 2 0 1 1
2027378667 2 0 1 0
2027382065 3 0 1 1
2027382413 2 0 1 1
2027384975 3 0 1 0
2027387714 2 0 1 0
2027390968 0 0 1 1
2027392705 2 0 1 1
2027394769 0 0 1 0
2027397342 2 0 1 0
2027401088 2 0 1 1
2027405404 0 0 1 1
2027406970 2 0 1 0
2027408049 0 0 1 0
2027411214 2 0 1 1
2027416111 0 0 1 1
2027417096 2 0 1 0
2027418694 0 0 1 0
2027421257 2 0 1 1
2027426724 2 0 1 0
2027430636 2 0 1 1
2027433728 0 0 1 1
2027435771 2 0 1 0
2027438448 0 0 1 0
2027441177 2 0 1 1
2027446063 2 0 1 0
2027450888 2 0 1 1
2027451158 0 0 1 1
2027454446 0 0 1 0
2027455774 2 0 1 0
2027461654 2 0 1 1
2027465153 2 0 1 0
2027469646 2 0 1 1
2027474532 2 0 1 0
2027478658 2 0 1 1
2027483745 2 0 1 0
2027487740 2 0 1 1
2027491879 2 0 1 0
2153160610 49 1 3 1
2153169111 49 1 3 0
2153171811 49 1 3 1
2153180316 49 1 3 0
2153183016 49 1 3 1
2153191521 49 1 3 0
2153194221 49 1 3 1
2153202726 49 1 3 0
2153205426 49 1 3 1
2153213931 49 1 3 0
2153216631 49 1 3 1
2153225136 49 1 3 0
2153227836 49 1 3 1
2153236341 49 1 3 0
2153239041 49 1 3 1
2153247546 49 1 3 0
2153250246 49 1 3 1
2153258751 49 1 3 0
2153261451 49 1 3 1
2153264478 49 1 3 0
