184550657 184553985 10000 100 75385 2000093974 1025141 1018687 22
184551169 184555265 10000 100 1315562 2000037346 1160304 1122663 9
184552961 184555265 10000 100 68165 2000210226 1025470 1018083 46
184552705 184553473 10000 100 67689 2000228341 1023539 1018041 49
184550913 184556289 10000 100 852957 2000150060 1215037 1083877 36
184552961 184556545 10000 100 4676 2000347864 1018462 1012758 79
184551425 184554497 10000 100 4856 2000461404 1013646 1012772 100
184549377 184556801 10000 100 548517 2000284156 1268784 1058354 65
184551937 184553985 10000 100 68451 2000598684 1031906 1018106 128
184551937 184554241 10000 100 1839007 2000485018 1300809 1166551 106
184552961 184557057 10000 100 42321 2001039244 1026980 1015915 227
184550913 184555521 10000 100 6960 2001122662 1014565 1012948 247
184550657 184554497 10000 100 7035 2001124069 1013325 1012958 249
184553217 184553985 10000 100 1736126 2000991978 1207328 1157925 215
184551425 184555777 10000 100 1671089 2000855465 1352049 1152472 184
184550657 184555009 10000 100 2460 2001303985 1012780 1012573 278
184549377 184555777 10000 100 743869 2000716659 1607063 1074731 157
184552961 184553729 10000 100 5205 2001340445 1014296 1012804 286
184551425 184555265 10000 100 658099 2001243447 1150818 1067543 270
184549377 184557313 10000 100 55626 2001340775 1060444 1017030 287
184550657 184555265 10000 100 67549 2001483606 1064432 1018030 314
184552193 184554753 10000 100 122859 2001450354 1123077 1022666 307
184550145 184555265 10001 100 2379 2001569953 1013790 1012566 329
184551169 184553729 10000 100 152859 2001505053 1097657 1025181 316
184549377 184553985 10000 100 905569 2000941802 1674208 1088289 203
184549889 184555777 10000 100 107811 2001547087 1083999 1021404 323
184552449 184556545 10000 100 41904 2001700098 1022117 1015878 357
184553217 184553985 10001 100 16050 2001860377 1016763 1013714 394
184552961 184555265 10001 100 2707 2001881388 1058686 1012593 399
184550145 184553729 10000 100 18524 2001931686 1028342 1013919 412
184551681 184553985 10000 100 4508587 2000396750 2604679 1390366 88
184553217 184554753 10000 100 19326 2002047736 1014671 1013987 434
184550657 184556545 10000 100 6279 2002064791 1024715 1012894 438
184552961 184555521 10000 100 25642 2002091923 1025557 1014516 445
184549889 184555265 10000 100 1607049 2001311102 1925309 1147103 279
184551681 184555265 10000 100 2395 2002251875 1020088 1012568 488
184552449 184556289 10000 100 40221 2002347231 1016475 1015740 504
184552705 184555009 10000 100 27958 2002361635 1015192 1014709 507
184550913 184554497 10000 100 19883 2002362654 1018518 1014032 508
184552193 184556289 10000 100 25386 2002397792 1042900 1014495 519
184553217 184557313 10000 100 2287 2002427207 1023439 1012559 528
184552193 184556033 10000 100 34534 2002408110 1048698 1015262 522
184551937 184554497 10000 100 58873 2002418526 1047138 1017301 525
184551169 184553473 10000 100 31632 2002371582 1094960 1015018 511
184553217 184555521 10000 100 140606 2002424110 1052423 1024154 526
184551169 184555265 10001 100 724 2002473364 1012916 1012426 543
184552961 184556289 10000 100 3373 2002474657 1013807 1012650 544
184551937 184553985 10001 100 9457 2002514452 1015638 1013159 556
184550913 184555009 10000 100 27093 2002535298 1020648 1014639 561
184550913 184556801 10000 100 95 2002527363 1052115 1012376 560
184552449 184557057 10000 100 39265 2002564292 1016003 1015659 568
184551169 184555777 10000 100 62687 2002541115 1069041 1017621 564
184552449 184557057 10001 100 9843 2002698397 1022115 1013190 601
184551425 184557313 10000 100 24782 2002661355 1115625 1014443 590
184549633 184554241 10000 100 68770 2002798998 1044722 1018131 619
184550657 184553985 10001 100 27167 2002956227 1020998 1014645 645
184551169 184554497 10000 100 4101253 2000177383 3822523 1356216 41
184549377 184553985 10001 100 171859 2002935866 1077409 1026774 643
184550401 184555265 10000 100 25504 2003030477 1019474 1014505 664
184551169 184555265 10002 100 7617 2003073200 1018063 1013005 674
184549889 184554241 10000 100 64026 2003080381 1026262 1017736 677
184551937 184556801 10000 100 75440 2003125851 1022797 1018692 686
184553217 184553473 10000 100 2660831 2001615209 2568002 1235449 345
184550657 184556033 10000 100 18630 2003182470 1022520 1013928 698
184553217 184553473 10001 100 109391 2003236422 1035792 1021538 712
184551937 184556289 10000 100 67363 2003327232 1038157 1018015 726
184551681 184553729 10001 100 5266 2003374936 1013087 1012809 735
184551425 184553729 10000 100 12534 2003386748 1016054 1013417 741
184549889 184556545 10000 100 71035 2003409475 1074909 1018324 745
184550145 184555265 10000 100 6976855 2000084510 4428579 1597305 19
184551681 184553473 10000 100 43479 2003543962 1025687 1016012 767
184551937 184556801 10001 100 31610 2003581102 1023942 1015016 777
184551681 184553729 10000 100 1156854 2002413610 2206364 1109356 523
184551169 184554497 10001 100 5152895 2000253746 4371881 1444384 56
184550145 184555009 10000 100 699180 2003191945 1495015 1070987 702
184551937 184553473 10000 100 1932813 2002200820 2552334 1174412 472
184550913 184555777 10000 100 664 2003749439 1013130 1012421 809
184551681 184556801 10000 100 783257 2003690264 1162146 1078036 801
184553217 184557313 10001 100 30482 2003690671 1164872 1014922 802
184552449 184553729 10000 100 29057 2003768827 1181424 1014804 815
184549633 184556289 10000 100 4045 2003781152 1170193 1012707 821
184550913 184553473 10000 100 2714 2003948255 1014220 1012593 859
184549889 184555009 10000 100 69985 2003960744 1043781 1018232 864
184550657 184556545 10001 100 33182 2004020284 1030664 1015150 889
184551425 184556545 10000 100 42472 2004216406 1048623 1015927 920
184553217 184554753 10001 100 781828 2004103440 1166365 1077914 905
184550913 184556545 10000 100 2187 2004368288 1015360 1012551 952
184550401 184554241 10000 100 1994251 2002271690 3126228 1179565 489
184550913 184554753 10000 100 10403 2004408000 1024449 1013239 962
184551937 184555521 10000 100 64313 2004510433 1043268 1017759 994
184550657 184557057 10000 100 15092 2004541501 1019319 1013633 999
184551681 184554497 10000 100 60366 2004543899 1025622 1017428 1000
184551169 184553729 10001 100 24563 2004562818 1043308 1014426 1003
184553217 184554753 10002 100 788032 2004343788 1295319 1078437 948
184549633 184553729 10000 100 1403 2004655710 1012676 1012484 1022
184551425 184554753 10000 100 4789 2004699448 1013294 1012767 1038
184549889 184555009 10001 100 24002 2004715916 1023242 1014381 1043
184551169 184557313 10000 100 62067 2004655532 1094128 1017572 1021
184550401 184555777 10000 100 67135 2004683441 1071344 1017996 1032
184549633 184557313 10000 100 34770 2004767307 1026792 1015281 1056
184550657 184557313 10000 100 2280206 2003782413 2110852 1203540 822
184550913 184553473 10001 100 78196 2004796621 1114830 1018924 1064
184549377 184557313 10001 100 8436 2004927117 1016874 1013074 1091
184550401 184553729 10000 100 7076 2004962765 1017393 1012961 1100
184549377 184555521 10000 100 3349907 2002445278 3627796 1293221 532
184553217 184556033 10000 100 835765 2004842566 1252118 1082436 1077
184552961 184555521 10001 100 70808 2005209144 1033615 1018302 1158
184551425 184553473 10000 100 89063 2005294366 1032266 1019835 1176
184551681 184554753 10001 100 5317 2005320574 1013506 1012813 1184
184552961 184556801 10000 100 7535 2005340388 1013724 1012998 1188
184549377 184555521 10001 100 2149 2005459168 1012882 1012548 1227
184553217 184555009 10000 100 41185 2005502256 1040993 1015821 1239
184550657 184556801 10000 100 23667 2005599387 1023742 1014350 1257
184550913 184556033 10000 100 36055 2005603946 1072097 1015391 1260
184549889 184553473 10000 100 1113400 2004174767 2638499 1105714 915
184550657 184556801 10001 100 48281 2005795136 1030602 1016415 1301
184551681 184554497 10001 100 1283162 2005503028 1364077 1119948 1240
184552705 184556801 10000 100 1592492 2005111111 1784053 1145881 1138
184549633 184554497 10000 100 61485 2005843206 1068117 1017521 1311
184551425 184553729 10001 100 34446 2005903618 1040469 1015255 1328
184549377 184555265 10001 100 54343 2005924439 1028809 1016923 1332
184549377 184557057 10000 100 44603 2005960110 1026856 1016106 1345
184550401 184554753 10000 100 95772 2005988154 1065235 1020395 1351
184552193 184555009 10000 100 70962 2006022429 1044915 1018314 1355
184550145 184556801 10000 100 1956 2006061270 1012731 1012529 1367
184552449 184555009 10000 100 119802 2006035987 1069151 1022409 1363
184551937 184556033 10000 100 9058404 2003856912 3320304 1771823 836
184553217 184556801 10000 100 77339 2006109952 1100332 1018851 1379
184551425 184554497 10001 100 18144 2006238095 1017491 1013889 1401
184550657 184553985 10002 100 134494 2006294045 1070962 1023642 1415
184549633 184556801 10000 100 188552 2006341719 1123163 1028174 1427
184552961 184557313 10000 100 53903 2006608035 1021819 1016884 1480
184551937 184556289 10001 100 27657 2006614671 1023409 1014685 1482
184552449 184554497 10000 100 20431 2006653726 1014130 1014080 1495
184549633 184556545 10000 100 19868 2006655405 1015646 1014031 1496
184551681 184555521 10000 100 86734 2006663548 1029972 1019637 1499
184552193 184555777 10000 100 127836 2006657385 1036337 1023083 1497
184551937 184557313 10000 100 7691 2006691009 1013246 1013011 1507
184550401 184554497 10000 100 59667 2006673122 1080623 1017368 1504
184551169 184555521 10000 100 159107 2006684914 1078789 1025707 1506
184550401 184556801 10001 100 43935 2006765477 1045393 1016048 1521
184552961 184555777 10000 100 30664 2006827075 1052470 1014937 1527
184552193 184553473 10000 100 137205 2006422564 1490830 1023871 1439
184551681 184553729 10003 100 34681 2006903932 1025592 1015273 1542
184552705 184556033 10000 100 962278 2005424074 2588564 1093045 1217
184551681 184553729 10002 100 74816 2006551433 1492334 1018638 1465
184551681 184555777 10000 100 25334 2006667980 1463332 1014491 1501
184551937 184554497 10001 100 48694 2007131294 1054301 1016448 1597
184552449 184555265 10000 100 5191 2007261401 1013079 1012803 1625
184551681 184554497 10002 100 1216289 2006960462 1345663 1114341 1556
184552705 184556289 10000 100 4387050 2004754182 3553810 1380178 1050
184553217 184553473 10002 100 68100 2007227261 1081318 1018077 1619
184551937 184556801 10002 100 32996 2007475893 1022329 1015131 1663
184551169 184555265 10003 100 4566 2007511168 1029943 1012749 1670
184550145 184555521 10000 100 38237 2007648405 1056293 1015573 1701
184553217 184557057 10000 100 1609304 2005788519 2927963 1147291 1295
184550145 184553473 10000 100 82544 2007654093 1116341 1019287 1704
184552193 184554241 10000 100 22835 2007961288 1030955 1014280 1769
184552193 184557313 10000 100 1368 2007669987 1385638 1012482 1711
184549889 184556289 10000 100 4245588 2004708057 4357628 1368316 1042
184551681 184557057 10000 100 856592 2007580421 1532734 1084183 1686
184552705 184553473 10001 100 29984 2008056537 1072491 1014878 1789
184552705 184553729 10000 100 631821 2008185258 1131694 1065337 1817
184549889 184553985 10002 100 3690 2008300382 1018014 1012675 1847
184550657 184554753 10000 100 164265 2008125063 1200111 1026139 1798
184550657 184557313 10001 100 2801252 2006585960 2767502 1247224 1475
184550657 184556033 10001 100 2737389 2006445974 2940139 1241870 1448
184552705 184556801 10001 100 29629 2008469138 1019335 1014850 1877
184551937 184555265 10000 100 8108 2008525376 1015838 1013048 1887
184553217 184555009 10001 100 24567 2008561457 1018113 1014426 1893
184550913 184554753 10001 100 2860388 2006692913 3047573 1252182 1508
184551681 184555265 10001 100 2300 2008734591 1012748 1012560 1922
184552705 184554497 10000 100 6744 2008939097 1013569 1012931 1967
184552193 184554497 10000 100 5846012 2001008618 8990816 1502498 219
184552961 184553729 10001 100 15006 2009048450 1016378 1013626 1994
184550913 184555521 10001 100 20405 2009070610 1020053 1014078 2001
184549377 184554497 10000 100 2597938 2008532175 1562449 1230176 1889
184551937 184553985 10002 100 5280 2009083026 1017037 1012810 2003
184549377 184553985 10002 100 15469 2009083200 1018640 1013663 2004
184550401 184556289 10000 100 111390 2008411419 1749529 1021706 1870
184552705 184556289 10001 100 27220 2009137512 1024371 1014650 2010
184550145 184557313 10000 100 7906 2009186800 1016703 1013028 2024
184551937 184557313 10001 100 2972 2009360669 1013935 1012614 2074
184550657 184557313 10002 100 38760 2009360098 1031371 1015615 2073
184552193 184555265 10000 100 22681 2009290315 1106222 1014267 2059
184552449 184554497 10001 100 69048 2009380450 1050016 1018157 2079
184549377 184553729 10000 100 82432 2009341229 1104547 1019278 2070
184551425 184553729 10002 100 1319565 2008253482 2267933 1122999 1833
184551169 184555777 10001 100 60622 2008742450 1915091 1017449 1923
184549633 184554753 10000 100 877362 2009476315 1359650 1085925 2103
184550913 184553985 10000 100 47919 2009143934 1816042 1016382 2011
184551681 184554497 10003 100 7629 2009960770 1017571 1013006 2211
184552961 184553985 10000 100 24144 2010056309 1027026 1014392 2236
184553217 184554497 10000 100 1020241 2009985047 1130447 1097904 2217
184552193 184556033 10001 100 26710 2010125202 1018142 1014605 2255
184551681 184555265 10002 100 7594 2010126737 1031275 1013003 2256
184551169 184556289 10000 100 57146 2010131443 1058893 1017159 2257
184550913 184553985 10001 100 49920 2010062426 1174976 1016550 2239
184550913 184556033 10001 100 68105 2010066944 1189159 1018078 2240
184550401 184555265 10001 100 20177 2009766678 1563407 1014059 2169
184551937 184555521 10002 100 71416 2010302837 1099936 1018354 2293
184549633 184555521 10000 100 79574 2010104681 1401053 1019038 2249
184552705 184556545 10000 100 7696 2009861132 1656100 1013011 2191
184553217 184557057 10001 100 5426 2010581645 1015303 1012822 2370
184549633 184553473 10000 100 66529 2010445724 1226344 1017944 2338
184551681 184554241 10000 100 225022 2010581220 1116341 1031234 2368
184550401 184553729 10001 100 3962531 2006207927 5525041 1344585 1396
184550401 184554753 10001 100 1388732 2008641819 3167980 1128797 1909
184552705 184556289 10002 100 8931 2010336262 1567882 1013114 2305
184551425 184556545 10001 100 5109 2010950762 1019949 1012796 2446
184551425 184556289 10001 100 1998367 2008315275 3746781 1179910 1853
184551937 184556033 10002 100 1245732 2010253678 1871712 1116808 2282
184551681 184556545 10000 100 929027 2009946782 2364723 1090258 2205
184552449 184553985 10000 100 23513 2011316947 1023542 1014338 2533
184552449 184553985 10001 100 37602 2011360958 1030607 1015519 2543
184549889 184555265 10001 100 104281 2011351181 1203491 1021110 2539
184551425 184556289 10000 100 18586010 2003437703 9338505 2570619 749
184552193 184556289 10001 100 28690 2011693945 1110036 1014771 2618
184550401 184554753 10002 100 18253 2012179258 1132923 1013898 2729
184551425 184554497 10002 100 749 2012378400 1012427 1012428 2788
184551937 184554497 10002 100 41429 2012332366 1116487 1015840 2777
184550913 184553473 10002 100 74058 2011375689 2159103 1018577 2548
184551681 184554497 10004 100 43182 2012598285 1037330 1015988 2845
184551425 184555265 10001 100 75122 2012576172 1067161 1018666 2838
184550913 184555265 10001 100 336548 2011164425 2511425 1040582 2503
184550401 184554497 10001 100 99456 2012455200 1268044 1020705 2814
184551169 184557057 10000 100 26933 2012653688 1070056 1014623 2858
184551169 184554241 10000 100 799659 2009571923 4201033 1079409 2120
184552193 184556545 10000 100 852037 2010911748 3047159 1083803 2439
184552961 184554497 10001 100 76771 2012936040 1052388 1018802 2930
184550401 184557057 10000 100 1741332 2008984641 5011707 1158360 1979
184550913 184556801 10001 100 132 2012975518 1044032 1012379 2942
184550657 184554241 10000 100 17019 2012975780 1070187 1013795 2943
184549633 184553985 10000 100 1971024 2011074695 3092434 1177619 2478
184550145 184557057 10000 100 43214 2013105921 1081197 1015991 2975
184552705 184556033 10001 100 4047 2013242999 1018098 1012707 2999
184551169 184554497 10002 100 23611 2013213785 1058487 1014346 2995
184551681 184554497 10005 100 61098 2013243194 1037964 1017490 3000
184550657 184556289 10000 100 71260 2013209303 1142287 1018342 2993
184551425 184553473 10001 100 41635 2013426948 1030839 1015857 3050
184551937 184555521 10001 100 4793508 2006994564 7502060 1414254 1568
184551937 184556033 10003 100 1944765 2012878306 1652469 1175415 2915
184550657 184555265 10001 100 1464634 2011118066 3539178 1135161 2489
184550145 184556801 10001 100 4848283 2008584121 6083740 1418847 1897
184550657 184556033 10002 100 79955 2012456581 2296036 1019068 2817
184551937 184553985 10003 100 170614 2013806326 1128784 1026670 3126
184549889 184557057 10000 100 59497 2013938804 1076130 1017355 3144
184553217 184554497 10001 100 949806 2011596872 3537025 1091997 2595
184552449 184556801 10000 100 22283 2014278975 1029858 1014235 3219
184552705 184554753 10000 100 45525 2014405984 1041451 1016183 3246
184549377 184557313 10002 100 60733 2014407960 1105207 1017457 3247
184549633 184555521 10001 100 27076 2014195654 1491556 1014638 3201
184551681 184553985 10001 100 16753 2014676512 1043328 1013770 3298
184550913 184553473 10003 100 6340 2014739195 1027055 1012899 3313
184550145 184553985 10000 100 1918197 2012875160 2984200 1173189 2911
184552449 184553473 10000 100 64133 2014981625 1044534 1017745 3358
184550913 184556545 10001 100 56688 2014874509 1151963 1017118 3337
184551937 184555777 10000 100 42131 2015104922 1084350 1015900 3391
184549889 184556289 10001 100 3474470 2011642386 4576553 1303666 2605
184550913 184555265 10000 100 6490790 2004074809 12341033 1556553 899
184550145 184556801 10002 100 1486093 2012435603 4005297 1136962 2809
184549633 184553729 10001 100 1520555 2013058066 3425247 1139850 2963
184549889 184556801 10000 100 2572478 2012374925 4193095 1228043 2786
184552193 184556033 10002 100 318741 2014913910 1682465 1039089 3343
184549377 184556033 10000 100 515729 2015441422 1170712 1055604 3467
184551425 184553473 10002 100 4472 2015673699 1013713 1012741 3522
184549633 184554497 10001 100 1870660 2013279096 3499438 1169202 3004
184550145 184554497 10000 100 2572146 2010681227 6226075 1228017 2391
184553217 184554753 10003 100 1610208 2013854014 3067411 1147367 3133
184553217 184553729 10000 100 979011 2014364431 2582109 1094449 3237
184549377 184556289 10000 100 85308 2015896217 1126814 1019519 3571
184551681 184553473 10001 100 46756 2016028008 1048550 1016285 3602
184550913 184555009 10001 100 8956002 2002911543 14383594 1763240 636
184550913 184555265 10002 100 66012 2016194005 1154461 1017903 3631
184552449 184553473 10001 100 36296 2015032365 2317798 1015410 3370
184552961 184554497 10000 100 3437482 2010285603 7091265 1300565 2291
184549889 184556545 10001 100 905556 2013292439 4104421 1088288 3008
184553217 184553729 10001 100 7908 2015226694 2208204 1013028 3421
184552449 184553473 10002 100 34540 2016408066 1063247 1015262 3671
184551937 184554241 10001 100 1490880 2014066045 3447816 1137360 3176
184550913 184557313 10000 100 3836961 2006974319 10668255 1334055 1560
184552449 184555009 10001 100 65735 2016556753 1096650 1017877 3708
184552193 184556033 10003 100 9630 2016558750 1100240 1013173 3709
184550401 184555777 10002 100 3982052 2008751885 8928792 1346223 1924
184552193 184554241 10001 100 39905 2016670732 1045796 1015711 3734
184550913 184557057 10001 100 525240 2016192612 1859396 1056404 3629
184552193 184554753 10001 100 85252 2017085357 1023950 1019515 3830
184550145 184555777 10000 100 106190 2017072257 1097455 1021271 3824
184551937 184557313 10002 100 25886 2017182646 1025591 1014535 3852
184551169 184555521 10001 100 66525 2017237187 1051647 1017944 3868
184552961 184554241 10000 100 74728 2017226201 1126369 1018631 3865
184549633 184553729 10002 100 195281 2017071989 1305461 1028740 3823
184551169 184555009 10000 100 6666618 2007475144 10953405 1571295 1662
184552449 184556033 10000 100 8093272 2011183592 7399143 1690907 2507
184552705 184556289 10003 100 56886 2016655786 1956639 1017134 3731
184550401 184555777 10003 100 2274646 2011722906 6891797 1203072 2626
184549889 184553729 10001 100 1475 2016919189 1701282 1012490 3789
184551937 184553985 10004 100 664784 2016160290 2464632 1068101 3623
184552449 184553985 10002 100 73651 2017599844 1037125 1018541 3943
184552193 184557313 10001 100 1220176 2015429193 3219505 1114667 3465
184551169 184553473 10001 100 175 2017649669 1012745 1012382 3959
184549377 184553729 10002 100 1007263 2015917756 2778730 1096816 3577
184552449 184555521 10000 100 41431 2017018311 1728782 1015840 3814
184550401 184556801 10003 100 950146 2016657590 2133894 1092028 3732
184549889 184553985 10003 100 65931 2017164043 1679379 1017892 3846
184550657 184554497 10003 100 3879 2017902706 1033266 1012690 4011
184551937 184557057 10000 100 3485429 2013284603 5722890 1304585 3007
184551937 184553985 10005 100 37295 2017999960 1046014 1015494 4030
184552193 184556801 10000 100 10344392 2007807726 11265111 1879641 1741
184550913 184554497 10001 100 2446865 2011644704 7481412 1217510 2607
184549889 184557313 10000 100 4986781 2015563386 3615643 1430457 3492
184551425 184555009 10000 100 55334 2018083319 1100206 1017006 4052
184550401 184556801 10004 100 26112 2018151668 1047850 1014557 4071
184550913 184556545 10002 100 72060 2018132449 1133207 1018410 4063
184551425 184555009 10001 100 23149 2018213593 1053044 1014309 4084
184553217 184556801 10001 100 3850430 2011648875 7788230 1335187 2608
184550657 184554497 10001 100 1673183 2014988580 4534162 1152647 3363
184551425 184556801 10001 100 38414 2018298429 1248701 1015587 4102
184549889 184557057 10001 100 64030 2018496786 1072120 1017737 4148
184551169 184556801 10000 100 19534 2018594145 1029558 1014004 4165
184552705 184555521 10001 100 1713614 2016955351 2784630 1156035 3800
184550401 184555777 10001 100 2662560 2008204029 11565498 1235595 1822
184552193 184553473 10001 100 736344 2014656583 5130172 1074102 3293
184552961 184555265 10002 100 29180 2018734643 1074062 1014814 4200
184550657 184553985 10004 100 1135687 2016682181 3183530 1107582 3738
184552193 184556545 10002 100 69767 2018869051 1075660 1018215 4232
184551425 184556801 10002 100 124707 2018764480 1195962 1022821 4206
184552705 184556545 10001 100 400405 2018343407 1620912 1045937 4120
184550657 184554497 10004 100 22429 2018913162 1067044 1014247 4240
184552193 184554753 10002 100 15739 2018984743 1026594 1013685 4260
184553217 184556801 10002 100 30540 2019000606 1063951 1014927 4262
184550401 184553729 10002 100 1487912 2015638588 4432721 1137111 3515
184552705 184557313 10000 100 394945 2018695607 1428438 1045477 4188
184549889 184557313 10001 100 7927 2019104808 1031825 1013029 4280
184552705 184555009 10001 100 33063 2019274414 1044655 1015140 4327
184553217 184555265 10000 100 51047 2019221546 1141161 1016648 4313
184549377 184556545 10000 100 35963 2018623031 1810802 1015380 4169
184550401 184557313 10000 100 4967130 2011083338 9431742 1428812 2480
184553217 184556289 10000 100 1651674 2017177078 3354508 1150842 3850
184551681 184554497 10006 100 160544 2019512445 1144548 1025826 4378
184552705 184556033 10002 100 17509 2019677295 1053319 1013834 4429
184550145 184556289 10000 100 704 2018953001 1812519 1012425 4256
184551681 184553985 10002 100 1417227 2016581925 4215622 1131188 3716
184550401 184555009 10000 100 851 2019811085 1012943 1012436 4458
184550657 184555009 10001 100 1303 2019881359 1017115 1012476 4474
184552449 184557057 10004 100 98625 2019833671 1078741 1020635 4465
184550401 184557313 10001 100 2028469 2015644006 5284034 1182433 3518
184551681 184556289 10000 100 3419601 2014078334 6874757 1299065 3182
184551169 184556545 10002 100 57534 2019965347 1069168 1017190 4491
184550401 184557313 10002 100 538452 2019150824 1897920 1057510 4286
184553217 184555521 10001 100 718895 2019391398 1679059 1072637 4351
184552961 184555521 10002 100 98448 2019994098 1146173 1020621 4494
184552193 184557313 10003 100 27891 2020016268 1152452 1014703 4497
184549633 184555265 10000 100 5935 2020166059 1021150 1012862 4529
184551425 184557057 10000 100 27710 2020165709 1037642 1014689 4528
184552193 184553473 10002 100 1830833 2017752903 3450886 1165862 3979
184553217 184554497 10003 100 976570 2019815307 1427672 1094242 4460
184550145 184556289 10001 100 57781 2019465405 1803255 1017210 4372
184549889 184554497 10000 100 71904 2020273018 1044385 1018393 4549
184552961 184555777 10001 100 4125 2020305040 1014283 1012714 4553
184553217 184557313 10002 100 22941 2020325605 1032738 1014288 4561
184549633 184555009 10000 100 5162604 2014729282 6735976 1445199 3310
184552705 184555777 10001 100 8656 2020495438 1035164 1013092 4595
184552961 184553473 10000 100 68174 2020516586 1071097 1018083 4605
184552705 184557313 10001 100 64598 2020504562 1085821 1017782 4601
184552449 184553985 10003 100 125327 2020503906 1090625 1022875 4600
184549377 184556801 10001 100 1921595 2018094529 3516224 1173473 4055
184552449 184556033 10001 100 218679 2020242323 1458174 1030700 4545
184551425 184556801 10000 100 3996844 2016122143 5672307 1347461 3614
184553217 184553729 10002 100 3287 2020791712 1023288 1012643 4676
184551169 184553473 10002 100 10939 2020791995 1023383 1013282 4677
184552193 184554753 10003 100 82489 2020761040 1080574 1019282 4667
184550145 184557313 10001 100 6117 2021013919 1016179 1012881 4733
184552705 184556033 10003 100 7440 2021066011 1019320 1012990 4746
184552705 184556289 10004 100 43856 2021251164 1019720 1016042 4781
184550913 184555009 10002 100 72366 2021162213 1116492 1018434 4770
184550401 184553985 10000 100 777830 2020418269 2088989 1077578 4573
184550913 184556801 10003 100 4241928 2016205054 6386038 1368008 3637
184552449 184555265 10001 100 798392 2020219562 2430579 1079304 4538
184549889 184556545 10002 100 1654 2021634122 1016084 1012505 4871
184551169 184553985 10000 100 19989 2021681512 1040044 1014040 4881
184550145 184556289 10002 100 20456 2021682633 1058423 1014082 4883
184549889 184556545 10003 100 26121 2021725443 1026510 1014558 4890
184552705 184556033 10004 100 9683 2021858534 1022447 1013178 4920
184552705 184553473 10002 100 72764 2021681785 1300916 1018466 4882
184549889 184553729 10000 100 4490885 2011419547 11571172 1388881 2553
184552449 184554241 10000 100 141263 2021918703 1118394 1024211 4936
184549633 184556033 10000 100 1990121 2014411673 8663279 1179220 3248
184552193 184557313 10004 100 127959 2022002206 1082957 1023093 4953
184549377 184554497 10001 100 848267 2021704124 1410019 1083486 4886
184552961 184556033 10000 100 2207928 2020187685 3109546 1197477 4532
184549377 184554497 10002 100 1698 2022437904 1014054 1012508 5051
184551681 184557057 10001 100 152588 2022302278 1272369 1025159 5019
184552961 184556545 10001 100 52023 2022525697 1066574 1016730 5071
184553217 184553985 10002 100 7187 2022617958 1060080 1012970 5090
184552449 184557057 10003 100 4846663 2015534683 8158692 1418710 3486
184551169 184555009 10001 100 9646458 2014262013 9617592 1821126 3214
184549633 184554497 10002 100 23730 2022851746 1044074 1014355 5146
184552705 184555521 10000 100 4524029 2013536417 10360524 1391663 3073
184551937 184555777 10001 100 15403 2022821261 1184598 1013658 5135
184550145 184554241 10000 100 71638 2022769663 1253511 1018372 5122
184550657 184556801 10002 100 72015 2022805668 1242735 1018406 5130
184550657 184554753 10001 100 1184585 2021754662 2337390 1111682 4894
184552705 184556545 10002 100 30393 2022752940 1345053 1014915 5118
184549889 184556801 10001 100 1935504 2021487057 2700131 1174639 4831
184550401 184553729 10003 100 302561 2022584810 1631280 1037733 5082
184551425 184555521 10000 100 260255 2022772618 1471761 1034187 5123
184550145 184555009 10001 100 41894 2023223208 1062418 1015877 5224
184551425 184557313 10001 100 507 2023335642 1012424 1012409 5244
184552449 184557057 10002 100 3811184 2013658374 10694868 1331897 3097
184551425 184556545 10003 100 25067 2023363032 1023132 1014470 5254
184550401 184554753 10003 100 8503 2023359906 1067583 1013079 5252
184551169 184555009 10002 100 7518 2023376716 1055666 1012997 5260
184550913 184553473 10004 100 11753 2023371868 1062182 1013351 5258
184551937 184553473 10002 100 9393 2023461922 1014294 1013154 5282
184551425 184557313 10002 100 41157 2023400597 1118415 1015818 5266
184550401 184556801 10005 100 40070 2023461852 1060707 1015728 5281
184552961 184556801 10001 100 2673 2023532470 1014296 1012590 5298
184552705 184555777 10000 100 4236575 2018796731 5755111 1367561 4216
184552449 184555265 10002 100 266546 2023082544 1590511 1034713 5196
184549377 184553729 10001 100 7848990 2013695156 10982804 1670424 3104
184549633 184556545 10001 100 6053 2023683850 1015205 1012876 5329
184553217 184556289 10001 100 26451 2023647137 1057913 1014584 5321
184550913 184553985 10002 100 75717 2023521670 1186823 1018714 5294
184551169 184557057 10001 100 162 2023716161 1012191 1012381 5333
184552961 184554497 10002 100 29655 2023845661 1031731 1014852 5369
184549889 184553985 10004 100 111403 2023842784 1061508 1021707 5367
184552705 184553729 10002 100 24046 2023930774 1038292 1014384 5389
184550657 184554241 10002 100 1819 2023977372 1050544 1012518 5397
184552193 184555777 10002 100 945 2024186366 1013551 1012444 5438
184550401 184555009 10001 100 24938 2024224148 1075247 1014456 5444
184551681 184554241 10002 100 22636 2024264579 1060873 1014264 5456
184552193 184553985 10000 100 3867887 2014997602 10449371 1336649 3365
184552705 184557313 10002 100 12708 2024443633 1028682 1013431 5500
184552449 184556033 10002 100 26842 2024400670 1085437 1014616 5488
184552705 184555265 10000 100 165094 2024342653 1148536 1026209 5472
184549633 184555009 10001 100 31719 2024510709 1079832 1015025 5511
184552449 184555521 10002 100 25749 2024593182 1040229 1014524 5532
184549377 184555521 10002 100 71886 2024419922 1220743 1018392 5495
184553217 184555521 10002 100 123200 2024517267 1216230 1022697 5513
184551681 184555009 10000 100 29455 2024673942 1069131 1014836 5553
184551425 184553729 10003 100 3510 2024599702 1208776 1012661 5535
184552961 184557057 10001 100 463076 2024502828 1325374 1051192 5509
184550145 184554753 10000 100 16962 2024827112 1016211 1013787 5587
184552193 184557057 10000 100 8601 2024849177 1039299 1013087 5596
184552705 184555777 10002 100 75493 2024831999 1062872 1018696 5591
184549889 184553729 10002 100 20150 2024899978 1018725 1014057 5609
184551681 184553473 10002 100 59697 2024827492 1125245 1017371 5588
184553217 184556033 10001 100 28221 2024397282 1579326 1014734 5486
184549377 184554497 10003 100 67227 2024662369 1350885 1018004 5552
184551937 184553729 10000 100 142830 2024922725 1118321 1024340 5611
184552961 184554497 10003 100 568873 2024694354 1420901 1060059 5562
184553217 184556033 10002 100 33080 2024563510 1588818 1015141 5526
184550145 184556289 10003 100 5000 2025258260 1016651 1012784 5691
184551937 184553985 10006 100 1464190 2023158659 3118088 1135125 5212
184551937 184556801 10003 100 78586 2025263734 1038431 1018955 5694
184550401 184553473 10000 100 77689 2025133159 1178099 1018879 5659
184551681 184553985 10003 100 154485 2025155679 1175866 1025319 5665
184552449 184555009 10002 100 58268 2025239019 1133633 1017253 5686
184550145 184555521 10001 100 74982 2025296490 1084797 1018651 5701
184550913 184555777 10001 100 942892 2023350359 3111161 1091417 5247
184550913 184553729 10001 100 687513 2023200204 3277720 1070007 5220
184552961 184554241 10001 100 5089519 2021673550 4811707 1439072 4879
184552449 184554497 10002 100 1611999 2022844210 3675712 1147515 5142
184553217 184555265 10001 100 2209 2025002274 1577091 1012553 5632
184553217 184554497 10002 100 4063327 2016433376 10202303 1353036 3681
184550145 184556033 10000 100 98059 2025696527 1052335 1020589 5771
184551169 184553729 10002 100 22250774 2007997421 18753774 2877870 1778
184550657 184553985 10003 100 6928895 2014130127 12643660 1593283 3189
184551425 184556289 10002 100 3648420 2011582980 15200789 1318250 2594
184550145 184555009 10002 100 2868481 2023729751 3073538 1252860 5335
184550657 184556289 10001 100 7407603 2014125763 12723143 1633419 3187
184549633 184555521 10002 100 112908 2025825139 1059879 1021831 5798
184550145 184553985 10001 100 57413 2025881163 1025418 1017180 5810
184553217 184555009 10002 100 120310 2025162782 1776683 1022454 5667
184553217 184557313 10003 100 163 2025377575 1571794 1012381 5724
184550401 184553473 10001 100 77842 2025783282 1184246 1018891 5793
184553217 184555777 10000 100 7503 2026003065 1027545 1012995 5838
184552705 184557057 10000 100 15449 2026044741 1024909 1013662 5849
184552705 184555777 10003 100 404 2026037651 1039091 1012401 5846
184552961 184555265 10003 100 4991557 2021955730 5121858 1430858 4945
184552705 184555265 10002 100 49054 2026040753 1049484 1016481 5847
184550913 184555265 10003 100 28590 2026066049 1087524 1014763 5855
184550145 184556033 10001 100 75687 2026124197 1169210 1018711 5872
184552705 184555009 10002 100 42590 2026310705 1061068 1015937 5913
184553217 184553985 10003 100 4980 2026388277 1023125 1012782 5927
184550657 184554241 10001 100 6144798 2016544656 10874661 1527545 3707
184549889 184553473 10001 100 3153 2026720174 1016075 1012632 5994
184552449 184556033 10003 100 13703 2026722899 1022946 1013515 5995
184552449 184554241 10001 100 1257089 2025357903 2481218 1117762 5717
184553217 184554753 10004 100 4032095 2017409735 10463516 1350419 3904
184552449 184555521 10001 100 6380485 2022002607 5903285 1547306 4954
184551169 184555777 10002 100 3811 2026967548 1014305 1012685 6046
184552193 184554497 10001 100 67552 2026934258 1055972 1018030 6041
184550657 184554497 10002 100 7086612 2016689234 11335991 1606508 3740
184553217 184554241 10000 100 4594005 2017864199 10181099 1397530 4000
184552961 184556289 10001 100 76915 2026991687 1058748 1018813 6053
184549633 184556801 10002 100 74446 2026854021 1214260 1018608 6023
184549889 184557057 10002 100 16128 2027023226 1047368 1013720 6066
184550913 184556033 10002 100 1910739 2023169799 4997557 1172562 5215
184550401 184555265 10002 100 4815741 2020100102 8117655 1416117 4510
184551681 184556545 10002 100 11549 2027087748 1141339 1013335 6075
184551681 184553473 10003 100 3528 2027109369 1137301 1012662 6083
184550913 184556801 10002 100 8504195 2014640653 13671871 1725359 3286
184550657 184557057 10001 100 1094667 2026367287 1984716 1104143 5921
184552705 184553729 10003 100 8441 2027396755 1014115 1013074 6150
184552193 184555521 10000 100 3394 2027502924 1017545 1012651 6176
184550401 184555265 10003 100 9774 2027489520 1033633 1013185 6170
184552961 184556033 10001 100 36247 2027604723 1072821 1015406 6190
184552705 184556033 10005 100 10399 2027621191 1061550 1013239 6197
184551169 184553473 10003 100 108184 2027615197 1090354 1021438 6194
184550913 184556289 10001 100 3560287 2021260509 7465654 1310862 4783
184552705 184556289 10005 100 59046 2027694239 1056100 1017319 6216
184549377 184553473 10000 100 22301 2027815157 1052786 1014237 6239
184551169 184554753 10000 100 3580257 2026066107 2831769 1312536 5856
184552193 184555265 10001 100 36294 2027874098 1037560 1015410 6256
184551169 184555265 10004 100 70013 2027867413 1070524 1018238 6254
184551681 184556033 10000 100 31566 2027930172 1104231 1015013 6269
184551937 184557313 10003 100 14238 2028030314 1023264 1013561 6285
184549889 184554241 10001 100 5846 2027735078 1352147 1012855 6222
184550657 184553729 10001 100 25015 2028038455 1058473 1014466 6287
184551681 184557057 10002 100 1806911 2022693459 6419342 1163856 5104
184549377 184557057 10001 100 18877 2028151884 1025226 1013948 6306
184551169 184553473 10004 100 22079 2028159324 1045396 1014219 6308
184552193 184555777 10001 100 2385841 2023554235 5695104 1212394 5301
184553217 184554497 10004 100 64455 2028169436 1183476 1017771 6309
184553217 184554241 10001 100 28242 2028316634 1079464 1014735 6348
184552961 184555777 10002 100 2249 2028467920 1015789 1012556 6386
184550913 184557057 10002 100 23245 2028447930 1056558 1014316 6381
184550913 184553729 10003 100 5381 2028492871 1041483 1012818 6392
184549377 184556289 10001 100 45545 2028638214 1044215 1016185 6421
184552961 184553729 10002 100 28594 2028738505 1046985 1014763 6444
184549633 184553473 10001 100 30893 2028819445 1042516 1014955 6460
184551425 184556289 10004 100 72173 2028779629 1141620 1018419 6453
184549633 184556033 10001 100 1810200 2028022608 2004841 1164135 6282
184550145 184553729 10001 100 2849 2028880857 1154298 1012604 6478
184550657 184555009 10002 100 24592 2029032325 1028261 1014428 6506
184550657 184553729 10000 100 7438729 2018756302 11368470 1636029 4205
184551937 184556545 10000 100 65044 2028978351 1152847 1017821 6495
184549377 184556289 10002 100 3371 2029121885 1052489 1012650 6530
184552705 184556033 10006 100 26080 2029083786 1124409 1014555 6523
184552449 184556033 10004 100 77304 2029130460 1084563 1018848 6534
184552961 184555009 10000 100 1898527 2027476511 2792101 1171539 6167
184551425 184554753 10001 100 122782 2029216513 1127903 1022659 6549
184551937 184555521 10003 100 25452 2029342375 1055243 1014501 6572
184551937 184556289 10002 100 70977 2029366723 1078410 1018315 6580
184552961 184554753 10000 100 4961 2029491930 1043573 1012781 6601
184550145 184556033 10002 100 8367 2029548623 1013997 1013068 6615
184550657 184553985 10005 100 28544 2029563881 1036684 1014759 6619
184552705 184553473 10003 100 2888674 2026923802 3851978 1254552 6038
184552193 184556801 10001 100 5343670 2017867637 13001051 1460379 4002
184549377 184556545 10001 100 702392 2029520081 1374248 1071255 6606
184551681 184554241 10003 100 1855235 2027219155 3767678 1167910 6105
184550401 184556289 10001 100 5002269 2023323883 7814264 1431758 5242
184552449 184555009 10003 100 1278157 2029216975 2403405 1119528 6550
184553217 184555265 10002 100 1827795 2027583867 4264165 1165608 6188
184551937 184556033 10001 100 5074018 2007416248 24460565 1437774 1652
184549889 184555265 10002 100 3638651 2026368351 5996164 1317430 5922
184550913 184553729 10000 100 4891483 2021802166 10637834 1422468 4905
184549633 184555265 10001 100 1831870 2029531326 3263697 1165949 6611
184550657 184555265 10002 100 7529704 2026898628 6020144 1643656 6034
184550913 184553729 10002 100 4199972 2025658764 7450499 1364490 5767
184551681 184556289 10001 100 1871898 2026193854 6972040 1169305 5888
184551681 184555521 10002 100 4496852 2018328426 15058156 1389381 4114
184551681 184556545 10001 100 5072090 2019820263 14040775 1437612 4462
184551425 184555009 10002 100 4302558 2026641055 7306067 1373093 5978
184550913 184553473 10005 100 4739739 2023884563 10952260 1409745 5378
184552449 184556289 10001 100 5735057 2029930461 4966061 1493195 6689
184549377 184555265 10000 100 8998676 2005911821 28992718 1766815 1331
184553217 184554753 10005 100 4848222 2028006013 7080344 1418842 6278
184550913 184557313 10001 100 9544060 2023533249 11890971 1812542 5299
184551425 184553729 10004 100 7484165 2026326302 9768603 1639840 5916
184551169 184556545 10001 100 24232010 2018014405 18154104 3043980 4032
184551681 184555265 10004 100 9111925 2025241904 11267259 1776309 5689
184552449 184554497 10003 100 7974444 2024758193 12058824 1680944 5574
184552193 184557313 10002 100 9462115 2016571225 20772663 1805672 3712
184551169 184556545 10000 100 17711440 2007183659 30754035 2497294 1610
184552705 184555265 10001 100 11276945 2025133276 13024713 1957824 5660
184550401 184555777 10004 100 14670880 2024788785 13405865 2242372 5578
184550913 184554753 10002 100 9315310 2028191902 10178162 1793363 6316
184550401 184556801 10000 100 29321731 2006403482 31967457 3470699 1438
184551681 184555521 10001 100 27984908 2009402764 30888420 3358620 2088
184552193 184557313 10005 100 4458020 2028845405 11737849 1386129 6465
184551681 184555265 10003 100 5963831 2019809546 21551799 1512373 4457
184552705 184553729 10001 100 5760649 2022291078 19223251 1495339 5016
184551425 184556545 10002 100 15051510 2019903953 21785396 2274285 4481
184549889 184553985 10001 100 9412008 2004221225 38755909 1801471 921
184552193 184553985 10001 100 8312582 2022207397 21392439 1709293 4995
184551937 184555265 10001 100 7587919 2028959423 15743815 1648536 6491
184551681 184554241 10001 100 7251708 2020223180 25918066 1620349 4540
184552193 184554753 10004 100 5078417 2022847158 23457111 1438141 5144
184549633 184554753 10001 100 4341815 2016495833 31300214 1376383 3693
184551425 184556033 10001 100 4666509 2024347607 23560799 1403607 5473
184550401 184556801 10002 100 23128758 2010151539 37968529 2951481 2262
184549633 184556801 10001 100 7894954 2023735641 25799344 1674278 5337
184549889 184556545 10004 100 28339466 2027638765 22223062 3388347 6201
184551425 184553985 10000 100 6534508 2021636218 29995071 1560220 4872
184551681 184554497 10007 100 8496543 2019863561 33916956 1724716 4470
184551937 184553473 10001 100 7831998 2014466162 41491091 1668999 3259
184551681 184554753 10000 100 9155122 2001533681 56225280 1779933 322
184551425 184557057 10001 100 19233600 2024849886 33081843 2624911 5597
184551425 184556289 10003 100 8811681 2021828870 37373643 1751137 4910
184551681 184554753 10002 100 23612021 2021833296 41827264 2992000 4911
184550913 184557057 10000 100 26639565 2004964200 60039113 3245827 1102
184552193 184556545 10001 100 24879004 2010938122 55039484 3098224 2443
184551425 184555777 10001 100 9791202 2004376619 63379386 1833262 953
184549889 184553985 10000 100 24410201 2001556526 74482988 3058919 325
184551425 184556033 10000 100 23253328 2006059664 84834606 2961926 1366
Average intra_dc ratio: 2.762311271468795
