0b000f01 0b001b01 10000 100 580305 2000164981 48132 48655 8
0b000b01 0b001501 10000 100 390288 2000227654 32343 32724 12
0b000d01 0b001501 10000 100 828530 2000288907 86968 69465 17
0b000f01 0b001501 10000 100 204711 2000439950 16939 17164 25
0b000701 0b001301 10000 100 58510 2000709644 9616 4907 41
0b000801 0b001001 10000 100 402742 2000819717 98753 33766 47
0b000a01 0b001701 10000 100 697171 2000914331 116196 58454 52
0b000801 0b001801 10000 100 941660 2000986317 149934 78950 55
0b000001 0b001801 10000 100 2750 2001203525 927 231 68
0b000401 0b001f01 10000 100 873065 2001201977 75234 73201 67
0b000a01 0b001d01 10000 100 1612448 2001230393 198609 135189 70
0b000101 0b001101 10000 100 177166 2001449109 21532 14856 81
0b000701 0b001101 10000 100 976897 2002056318 83524 81903 114
0b000401 0b001701 10000 100 287165 2002690485 49200 24079 137
0b000201 0b001401 10000 100 201670 2002722217 26151 16909 139
0b000e01 0b001901 10000 100 899689 2002600716 241609 75431 135
0b000601 0b001e01 10000 100 5618472 2002165342 792758 471054 117
0b000d01 0b001501 10001 100 987111 2002810107 182468 82762 146
0b000f01 0b001201 10000 100 1229 2003113971 112 106 163
0b000b01 0b001701 10001 100 231074 2003107591 28923 19376 162
0b000001 0b001401 10000 100 95569 2003262727 36858 8014 173
0b000001 0b001d01 10000 100 9069450 2000828879 2516192 760384 48
0b000701 0b001d01 10000 100 964880 2003299838 87070 80896 177
0b000c01 0b001701 10000 100 163289 2003564042 18565 13692 193
0b000e01 0b001d01 10000 100 87545 2003644673 127702 7341 199
0b000401 0b001301 10000 100 801764 2003586749 352887 67220 195
0b000401 0b001501 10000 100 4924429 2002897555 1233028 412866 148
0b000d01 0b001901 10000 100 2549016 2003916275 385539 213713 220
0b000601 0b001301 10000 100 474244 2004319875 43298 39763 244
0b000701 0b001401 10000 100 754970 2004275101 127017 63296 240
0b000401 0b001001 10000 100 40894 2004601808 12618 3428 259
0b000901 0b001701 10000 100 4270288 2001513467 3137530 358023 89
0b000b01 0b001601 10000 100 826128 2004743089 95021 69265 265
0b000601 0b001901 10000 100 68736 2004955237 8655 5763 280
0b000c01 0b001e01 10000 100 916317 2004843154 156925 76826 273
0b000f01 0b001901 10000 100 604540 2005090342 162026 50686 285
0b000701 0b001f01 10000 100 177334 2005237832 15379 14870 296
0b000a01 0b001501 10000 100 1890047 2003860497 1425954 158465 215
0b000d01 0b001601 10000 100 285528 2005333613 29707 23940 305
0b000b01 0b001701 10000 100 6661151 2001437537 4021134 558474 80
0b000401 0b001501 10001 100 541278 2005538459 199499 45383 315
0b000601 0b001b01 10000 100 830306 2005640501 97665 69615 320
0b000601 0b001901 10001 100 713601 2005931329 61883 59829 337
0b000301 0b001b01 10000 100 879579 2005830789 372188 73745 333
0b000b01 0b001e01 10000 100 618792 2006212026 52608 51880 348
0b000001 0b001901 10000 100 1445560 2006032271 286876 121197 342
0b000401 0b001801 10000 100 5009679 2005037912 1493288 420012 283
0b000901 0b001e01 10000 100 392912 2006567405 65036 32942 369
0b000d01 0b001f01 10000 100 283014 2006670286 79496 23731 376
0b000d01 0b001e01 10000 100 1925256 2006533806 216415 161416 367
0b000f01 0b001501 10001 100 19012669 2000931763 5932326 1594023 53
0b000b01 0b001701 10002 100 474556 2006880154 78761 39788 387
0b000701 0b001201 10000 100 898747 2007158240 130479 75351 399
0b000201 0b001401 10001 100 833542 2006317031 1095871 69885 356
0b000501 0b001d01 10000 100 655925 2007292570 121659 54993 408
0b000101 0b001401 10000 100 5658974 2003960161 3528928 474448 222
0b000401 0b001701 10001 100 12352795 2002944857 4572382 1035659 151
0b000f01 0b001d01 10000 100 2641554 2007162727 524211 221469 400
0b000f01 0b001501 10002 100 355184 2007730582 42688 29781 426
0b000301 0b001601 10000 100 323444 2007963697 165817 27119 440
0b000d01 0b001401 10000 100 1338612 2008041203 185302 112230 445
0b000a01 0b001701 10001 100 130809 2008360297 19823 10967 472
0b000201 0b001a01 10000 100 233558 2008390867 46141 19583 477
0b000c01 0b001f01 10000 100 1035594 2007378944 1062753 86825 411
0b000701 0b001301 10001 100 476563 2008414157 41311 39956 478
0b000401 0b001801 10001 100 3103685 2006809492 1666456 260214 382
0b000401 0b001d01 10000 100 893599 2008324325 232756 74920 468
0b000301 0b001d01 10000 100 63306 2008566118 32812 5310 485
0b000d01 0b001e01 10001 100 766943 2008563486 101382 64300 484
0b000a01 0b001e01 10000 100 28336 2008710735 5573 2378 497
0b000d01 0b001501 10002 100 769 2008922800 0 65 504
0b000601 0b001601 10000 100 716953 2009034955 65681 60109 512
0b000d01 0b001401 10001 100 152837 2009177450 15484 12814 521
0b000201 0b001101 10000 100 98560 2009312528 9583 8264 528
0b000301 0b001601 10001 100 442805 2009294661 214523 37125 527
0b000f01 0b001001 10000 100 963002 2009477287 195315 80741 536
0b000f01 0b001d01 10001 100 226199 2009794181 23114 18967 546
0b000f01 0b001201 10001 100 258832 2009920376 26824 21701 555
0b000e01 0b001701 10000 100 14368495 2004517365 5834999 1204656 252
0b000901 0b001b01 10000 100 273656 2010507351 32902 22944 596
0b000001 0b001801 10001 100 216237 2010648794 68099 18132 606
0b000e01 0b001a01 10000 100 6848784 2007529395 3188291 574202 417
0b000d01 0b001901 10001 100 1100575 2009734145 1100150 92273 542
0b000101 0b001001 10000 100 442444 2010822833 87634 37096 614
0b000501 0b001a01 10000 100 1146177 2010122911 1293701 96098 566
0b000c01 0b001201 10000 100 98891 2011415089 28902 8291 635
0b000001 0b001401 10001 100 853411 2011642082 146997 71552 651
0b000401 0b001601 10000 100 619423 2010562415 1246366 51934 599
0b000e01 0b001801 10000 100 109827 2011841875 27547 9208 662
0b000301 0b001401 10000 100 1029 2011887617 351 90 665
0b000e01 0b001101 10000 100 4957244 2010025988 1952956 415618 559
0b000601 0b001401 10000 100 42285 2012033481 7593 3547 680
0b000301 0b001f01 10000 100 1048001 2011672200 381781 87868 654
0b000301 0b001801 10000 100 4798934 2007818086 4296872 402342 431
0b000c01 0b001b01 10000 100 584753 2012040112 122255 49026 682
0b000901 0b001c01 10000 100 1062028 2012082981 158836 89044 683
0b000301 0b001c01 10000 100 9621893 2008473319 3872261 806699 481
0b000401 0b001d01 10001 100 6265928 2009376083 2973231 525335 531
0b000d01 0b001901 10002 100 998128 2012207885 229034 83686 692
0b000b01 0b001801 10000 100 21438112 2007235502 5271732 1797374 403
0b000701 0b001101 10001 100 884179 2012372701 168759 74132 703
0b000c01 0b001701 10001 100 575823 2012803368 180265 48277 725
0b000501 0b001201 10001 100 995520 2012808473 420365 83466 726
0b000501 0b001201 10000 100 1620705 2011725138 1535708 135881 655
0b000901 0b001701 10001 100 227794 2013224574 105985 19099 750
0b000601 0b001e01 10001 100 644039 2013368115 278343 53999 759
0b000601 0b001601 10001 100 8607852 2009096487 4680614 721682 517
0b000201 0b001c01 10000 100 958776 2013690852 96006 80384 768
0b000601 0b001601 10002 100 1604164 2013244021 565118 134496 751
0b000f01 0b001401 10000 100 2857956 2013649983 297885 239611 765
0b000601 0b001f01 10000 100 421844 2013810895 148589 35368 782
0b000d01 0b001701 10000 100 1592050 2013881639 186115 133481 785
0b000501 0b001001 10000 100 126053 2014079662 30643 10571 793
0b000601 0b001201 10000 100 6540 2014146121 2634 550 799
0b000301 0b001801 10001 100 226906 2014671834 42139 19024 829
0b000201 0b001101 10001 100 7048524 2011999127 2755088 590950 674
0b000501 0b001d01 10001 100 1666384 2014614471 195669 139712 824
0b000b01 0b001101 10000 100 224715 2014928110 46455 18841 847
0b000601 0b001401 10001 100 206817 2014912559 69995 17340 843
0b000101 0b001301 10000 100 242534 2014937306 45557 20335 848
0b000101 0b001601 10000 100 941251 2014001023 1121247 78917 789
0b000601 0b001901 10002 100 767355 2015012880 167181 64337 850
0b000001 0b001f01 10000 100 1411167 2014033391 1173525 118315 791
0b000f01 0b001801 10001 100 397930 2015163602 52432 33362 857
0b000201 0b001c01 10001 100 416681 2015083562 146601 34935 854
0b000201 0b001f01 10000 100 202833 2015298211 31392 17006 862
0b000301 0b001101 10000 100 950221 2015032829 305414 79669 851
0b000f01 0b001101 10000 100 214252 2015494105 56408 17965 872
0b000901 0b001101 10000 100 852402 2015418738 268442 71467 867
0b000901 0b001c01 10001 100 695645 2015580394 274391 58324 877
0b000201 0b001701 10000 100 781104 2015913996 65935 65491 896
0b000e01 0b001a01 10001 100 7090537 2014310554 1697474 594472 805
0b000c01 0b001101 10000 100 4593851 2014538835 1547650 385149 818
0b000801 0b001c01 10000 100 34247 2016210141 3255 2874 914
0b000e01 0b001f01 10000 100 145310 2016295582 16533 12185 921
0b000f01 0b001001 10001 100 535845 2016221016 106404 44925 915
0b000c01 0b001701 10002 100 273786 2016579456 32526 22955 938
0b000201 0b001201 10000 100 4984618 2016131813 588710 417911 908
0b000601 0b001001 10000 100 6973221 2010932096 5827654 584637 623
0b000201 0b001401 10002 100 483995 2016843771 115519 40578 952
0b000201 0b001001 10000 100 5671678 2015300826 1777785 475514 863
0b000301 0b001e01 10000 100 18118308 2012675997 4432564 1519041 718
0b000701 0b001c01 10000 100 422410 2017079287 302064 35417 964
0b000e01 0b001801 10001 100 1170720 2016309421 1121214 98154 922
0b000201 0b001201 10001 100 787341 2017342327 111869 66013 978
0b000e01 0b001401 10000 100 93693 2017486235 64963 7856 985
0b000701 0b001701 10000 100 249397 2017407546 162246 20911 980
0b000b01 0b001b01 10000 100 539375 2017529865 95393 45223 988
0b000001 0b001101 10000 100 1853627 2017471769 182447 155409 982
0b000601 0b001c01 10000 100 447210 2017661277 72046 37497 996
0b000701 0b001601 10000 100 3818749 2015472067 2289328 320164 870
0b000d01 0b001501 10003 100 2388305 2017482520 532357 200238 983
0b000901 0b001901 10000 100 304617 2018043725 30928 25540 1023
0b000b01 0b001601 10001 100 15022 2018216481 1861 1263 1030
0b000901 0b001901 10001 100 2480819 2018288887 263717 207992 1035
0b000001 0b001501 10000 100 2502667 2018394487 240679 209824 1039
0b000301 0b001501 10001 100 475833 2018940098 53054 39894 1080
0b000701 0b001d01 10001 100 823956 2018979673 90885 69080 1081
0b000b01 0b001401 10000 100 5517885 2016427635 2725831 462619 929
0b000001 0b001101 10001 100 398374 2019152282 34131 33402 1094
0b000a01 0b001601 10000 100 2289 2019208840 696 194 1098
0b000801 0b001701 10000 100 33230 2019284252 47018 2788 1102
0b000f01 0b001f01 10000 100 29889 2019343892 9898 2506 1108
0b000101 0b001b01 10000 100 999928 2019385402 167952 83834 1113
0b000501 0b001101 10000 100 1287437 2019553891 141123 107940 1125
0b000201 0b001a01 10001 100 817698 2019788280 98864 68556 1135
0b000a01 0b001201 10000 100 834629 2019659685 335694 69976 1130
0b000801 0b001e01 10000 100 751000 2019950650 132172 62963 1145
0b000a01 0b001b01 10000 100 4034187 2019026811 1118482 338229 1082
0b000801 0b001601 10000 100 1707531 2019855930 293166 143161 1138
0b000c01 0b001b01 10001 100 842292 2019932145 222232 70620 1141
0b000f01 0b001801 10000 100 27478962 2011949808 8341098 2303836 669
0b000901 0b001a01 10000 100 661927 2020240363 121706 55496 1155
0b000801 0b001601 10001 100 55935 2020466557 7243 4689 1167
0b000001 0b001101 10002 100 15486 2020521165 1637 1300 1172
0b000101 0b001301 10001 100 1846247 2020425390 212701 154792 1163
0b000e01 0b001501 10000 100 992567 2020568722 169400 83218 1176
0b000901 0b001901 10002 100 866200 2020629535 162519 72625 1180
0b000401 0b001f01 10001 100 2095628 2020609690 304417 175698 1179
0b000a01 0b001e01 10001 100 96053 2021048414 9006 8056 1207
0b000f01 0b001301 10001 100 307667 2021050691 127605 25796 1208
0b000c01 0b001801 10000 100 890233 2020883172 485882 74640 1194
0b000301 0b001801 10002 100 832293 2021343211 103834 69782 1219
0b000301 0b001501 10000 100 4737459 2018294329 3197084 397190 1036
0b000b01 0b001801 10001 100 1052557 2020439832 1163631 88248 1165
0b000901 0b001101 10001 100 133711 2021678345 16983 11211 1235
0b000701 0b001601 10001 100 3375836 2020911197 796343 283030 1195
0b000901 0b001501 10000 100 546373 2021731475 45716 45810 1238
0b000b01 0b001401 10001 100 75177 2021794655 10890 6306 1243
0b000301 0b001401 10001 100 2727805 2020757815 1354193 228699 1189
0b000601 0b001b01 10001 100 144437 2022098157 15782 12111 1258
0b000901 0b001f01 10000 100 3268705 2018169105 3959142 274049 1028
0b000001 0b001f01 10001 100 47757 2022136956 16527 4004 1260
0b000d01 0b001601 10001 100 842672 2021930202 230280 70650 1250
0b000d01 0b001b01 10000 100 860633 2020960018 1278545 72156 1199
0b000501 0b001a01 10001 100 59718 2022244687 6552 5007 1264
0b000c01 0b001601 10000 100 90892 2022268303 61771 7620 1268
0b000701 0b001801 10000 100 202773 2022333617 30213 17001 1269
0b000c01 0b001001 10000 100 704672 2022482952 358038 59080 1277
0b000601 0b001101 10000 100 675174 2022848175 116234 56609 1298
0b000c01 0b001e01 10001 100 5497739 2020591266 2412318 460931 1178
0b000801 0b001301 10000 100 886586 2023091019 240799 74332 1312
0b000001 0b001c01 10000 100 914132 2023161656 242461 76644 1317
0b000001 0b001701 10000 100 7847919 2019941235 3466104 657969 1143
0b000c01 0b001901 10000 100 854286 2023162082 276933 71626 1318
0b000601 0b001f01 10001 100 1242578 2023265895 179759 104179 1325
0b000501 0b001301 10000 100 839382 2023462080 99885 70376 1338
0b000501 0b001901 10000 100 5064 2023733620 1820 428 1354
0b000601 0b001f01 10002 100 451532 2023690137 106686 37858 1352
0b000401 0b001b01 10000 100 1807000 2023438435 362195 151498 1336
0b000b01 0b001901 10000 100 367308 2023919332 37051 30797 1364
0b000801 0b001901 10000 100 71273 2024057117 11882 5978 1370
0b000e01 0b001301 10000 100 1720603 2022985042 1123438 144256 1306
0b000401 0b001c01 10000 100 826820 2023990281 177564 69321 1366
0b000a01 0b001c01 10001 100 862341 2023409014 773200 72301 1334
0b000c01 0b001a01 10000 100 953839 2024075476 129874 79970 1371
0b000101 0b001201 10000 100 6304871 2021309539 2917932 528600 1218
0b000201 0b001701 10001 100 220208 2024242618 45185 18465 1387
0b000001 0b001801 10002 100 727341 2024269551 108000 60982 1389
0b000401 0b001701 10002 100 26355196 2016931555 7783863 2209622 957
0b000c01 0b001a01 10001 100 374504 2024620623 134860 31400 1406
0b000b01 0b001501 10001 100 574779 2024681267 118301 48190 1411
0b000101 0b001d01 10000 100 294075 2023871364 1092752 24658 1363
0b000c01 0b001201 10001 100 1874396 2023592747 1392214 157151 1347
0b000601 0b001d01 10000 100 3858980 2023797247 1319560 323536 1359
0b000501 0b001e01 10000 100 1539784 2024183287 1148054 129096 1380
0b000f01 0b001601 10000 100 1990175 2025131351 240001 166859 1427
0b000c01 0b001d01 10000 100 29839410 2016293718 9176831 2501738 920
0b000901 0b001101 10002 100 954599 2025314645 162996 80035 1437
0b000c01 0b001101 10001 100 44833 2025484642 7820 3759 1447
0b000c01 0b001501 10000 100 2971707 2023043541 2529710 249149 1310
0b000301 0b001101 10001 100 841182 2024638437 1128718 70527 1409
0b000b01 0b001301 10000 100 55917 2025814781 10434 4688 1462
0b000601 0b001601 10003 100 1714134 2025577177 347317 143716 1452
0b000201 0b001001 10001 100 29740 2026023259 3264 2494 1473
0b000301 0b001801 10003 100 8107452 2022653655 3456850 679730 1289
0b000101 0b001601 10001 100 8043769 2022648020 3515879 674390 1288
0b000a01 0b001001 10000 100 981466 2024724335 1636332 82288 1413
0b000001 0b001b01 10000 100 4534457 2026132751 459255 380170 1479
0b000501 0b001201 10002 100 178230 2026594906 24149 14945 1500
0b000201 0b001201 10002 100 223777 2026604873 25051 18762 1501
0b000201 0b001b01 10000 100 220636 2026639765 25476 18499 1504
0b000301 0b001f01 10002 100 93244 2026674176 17297 7820 1506
0b000b01 0b001401 10002 100 53108 2026721735 6657 4456 1510
0b000301 0b001f01 10001 100 871887 2026615458 122190 73099 1502
0b000701 0b001b01 10000 100 343414 2027107757 28908 28794 1535
0b000f01 0b001001 10002 100 241434 2027393233 27965 20244 1545
0b000e01 0b001101 10001 100 978648 2026322270 1177690 82051 1487
0b000d01 0b001601 10002 100 12009 2027487760 25096 1010 1553
0b000a01 0b001c01 10000 100 8925396 2023049827 4512022 748307 1311
0b000e01 0b001e01 10000 100 159972 2027601891 40198 13412 1563
0b000b01 0b001a01 10000 100 297668 2027585859 73628 24957 1561
0b000f01 0b001901 10001 100 171408 2027634184 46211 14373 1567
0b000301 0b001301 10000 100 3954586 2027170882 622149 331554 1536
0b000c01 0b001401 10000 100 918273 2027415723 407124 76990 1548
0b000301 0b001001 10000 100 1215056 2027479141 359979 101873 1552
0b000a01 0b001301 10000 100 858238 2026965877 985178 71957 1525
0b000301 0b001601 10002 100 2860800 2027366494 617316 239850 1542
0b000801 0b001f01 10000 100 1072115 2026814348 1204280 89889 1515
0b000c01 0b001b01 10002 100 985688 2027478152 558588 82641 1551
0b000601 0b001801 10000 100 301718 2027957482 135215 25297 1593
0b000a01 0b001501 10001 100 4117323 2025410744 2682275 345198 1443
0b000b01 0b001001 10000 100 765703 2028238781 87277 64197 1608
0b000101 0b001a01 10000 100 408548 2028294530 41410 34254 1615
0b000701 0b001901 10000 100 1334863 2027208592 1135168 111915 1538
0b000c01 0b001501 10001 100 63154 2028331887 33979 5298 1616
0b000801 0b001e01 10001 100 2283552 2027017231 1487651 191454 1528
0b000201 0b001701 10002 100 95601 2028529053 23606 8016 1631
0b000801 0b001d01 10000 100 17162810 2020733535 8026728 1438930 1186
0b000001 0b001f01 10002 100 1230773 2028622771 159089 103188 1637
0b000f01 0b001501 10003 100 814852 2028512144 302864 68317 1630
0b000001 0b001601 10000 100 8961374 2025526950 3493576 751324 1450
0b000c01 0b001001 10001 100 3519974 2028018362 1078779 295114 1598
0b000d01 0b001001 10000 100 6816 2029145280 1436 572 1660
0b000601 0b001f01 10003 100 320238 2029622284 52818 26851 1684
0b000f01 0b001301 10000 100 21803144 2015484000 14819325 1827978 871
0b000d01 0b001401 10003 100 913439 2029599115 1120351 76584 1682
0b000701 0b001e01 10000 100 9911210 2027785086 2984890 830958 1578
0b000e01 0b001401 10001 100 2871428 2028848163 2649654 240742 1645
0b000d01 0b001401 10002 100 16300345 2025936729 6564605 1366623 1467
0b000f01 0b001d01 10002 100 21562581 2028334898 10365062 1807808 1618
0b000e01 0b001701 10001 100 25450291 2029077416 10331336 2133755 1654
Average intra_dc ratio: 4.297411323611949
