0b000801 0b000d01 10000 100 25695 2000055268 4102 2155 2
0b000a01 0b000f01 10000 100 598174 2000062320 52039 50154 3
0b000b01 0b000601 10000 100 325252 2000106029 26943 27272 6
0b000901 0b000201 10000 100 90071 2000154401 8043 7555 7
0b000201 0b000901 10000 100 1692677 2000045480 143198 141915 1
0b000401 0b000001 10000 100 99836 2000198646 8674 8370 9
0b000c01 0b000e01 10000 100 1537649 2000083864 130277 128917 4
0b000e01 0b000d01 10000 100 202067 2000205509 17617 16944 10
0b000401 0b000901 10000 100 378547 2000216852 32117 31739 11
0b000a01 0b000101 10000 100 90419 2000260014 8448 7582 15
0b000b01 0b000f01 10000 100 273100 2000275685 30777 22900 16
0b000f01 0b000501 10000 100 920055 2000234473 77442 77141 14
0b000d01 0b000c01 10000 100 863521 2000234332 88665 72399 13
0b000301 0b000e01 10000 100 888536 2000291677 82381 74496 18
0b000101 0b000501 10000 100 376879 2000344855 31989 31598 19
0b000e01 0b000701 10000 100 736451 2000104555 292855 61746 5
0b000b01 0b000d01 10000 100 574585 2000347568 71784 48174 20
0b000001 0b000a01 10000 100 806391 2000365248 68993 67610 22
0b000501 0b000101 10000 100 970227 2000357923 84319 81346 21
0b000a01 0b000501 10000 100 258594 2000438471 21782 21682 24
0b000e01 0b000501 10000 100 72216 2000483444 11893 6057 27
0b000501 0b000701 10000 100 481174 2000499808 39871 40344 28
0b000101 0b000c01 10000 100 29135 2000546268 2366 2446 31
0b000801 0b000401 10001 100 414072 2000513758 80176 34719 29
0b000a01 0b000601 10000 100 995016 2000481210 124063 83425 26
0b000501 0b000a01 10000 100 224377 2000650985 28105 18814 38
0b000201 0b000001 10000 100 969448 2000624131 82265 81280 36
0b000301 0b000201 10000 100 1749064 2000517727 199230 146645 30
0b000c01 0b000e01 10001 100 444911 2000744034 38270 37301 42
0b000601 0b000f01 10000 100 356724 2000787111 46668 29908 45
0b000301 0b000501 10000 100 844986 2000689740 150800 70843 40
0b000701 0b000101 10000 100 4960825 2000577005 421285 415916 32
0b000a01 0b000601 10001 100 997677 2000777085 223104 83646 44
0b000a01 0b000701 10000 100 1258125 2000811679 199470 105484 46
0b000c01 0b000d01 10000 100 1154178 2000913377 148602 96769 51
0b000601 0b000801 10000 100 824976 2000840504 221653 69166 49
0b000001 0b000c01 10000 100 826275 2000872483 218730 69277 50
0b000801 0b000901 10000 100 4245338 2000600164 504495 355931 33
0b000601 0b000b01 10000 100 962246 2001001513 119126 80677 56
0b000501 0b000801 10000 100 644643 2001087508 109414 54048 60
0b000801 0b000001 10000 100 56846 2001192393 9572 4766 63
0b000001 0b000f01 10000 100 78709 2001201015 26440 6600 66
0b000b01 0b000101 10000 100 354407 2001198277 40237 29715 65
0b000d01 0b000501 10001 100 52034 2001256634 4404 4366 71
0b000901 0b000201 10001 100 936307 2001194071 95039 78502 64
0b000101 0b000401 10000 100 861909 2001205415 95722 72262 69
0b000601 0b000c01 10000 100 337391 2001276752 28709 28289 74
0b000501 0b000901 10000 100 190096 2001291173 21374 15941 75
0b000001 0b000801 10000 100 3295062 2000746303 653633 276261 43
0b000a01 0b000901 10000 100 797730 2001315179 115837 66882 76
0b000f01 0b000601 10000 100 877936 2001157125 279526 73606 62
0b000301 0b000501 10001 100 425716 2001418920 63371 35693 79
0b000f01 0b000801 10000 100 732921 2001268404 240080 61448 73
0b000501 0b000401 10000 100 293284 2001511194 28596 24591 88
0b000f01 0b000101 10000 100 1517215 2001123515 427054 127206 61
0b000f01 0b000b01 10000 100 3383089 2000671582 928617 283641 39
0b000101 0b000f01 10000 100 928872 2001457467 167185 77877 83
0b000501 0b000001 10000 100 820711 2001562004 73052 68809 90
0b000b01 0b000e01 10000 100 973875 2000604710 1035387 81650 34
0b000801 0b000901 10001 100 622594 2001480985 168771 52199 84
0b000101 0b000e01 10000 100 1214783 2001485559 194450 101848 86
0b000a01 0b000601 10002 100 69338 2001648161 40690 5815 94
0b000301 0b000801 10001 100 508685 2001652211 134959 42649 96
0b000f01 0b000601 10001 100 929634 2001650531 180479 77941 95
0b000a01 0b000601 10003 100 934248 2001657230 178419 78330 97
0b000101 0b000501 10001 100 959185 2001818737 92441 80421 103
0b000201 0b000d01 10000 100 339768 2001857910 84967 28487 105
0b000501 0b000801 10001 100 894815 2001840953 117951 75022 104
0b000401 0b000b01 10000 100 607666 2001923188 62877 50948 108
0b000301 0b000a01 10000 100 4194423 2000617903 1443941 351662 35
0b000801 0b000601 10000 100 905389 2001500297 611886 75910 87
0b000801 0b000c01 10000 100 673916 2001793929 318432 56501 102
0b000901 0b000601 10000 100 392491 2002016789 97591 32908 112
0b000e01 0b000801 10000 100 826615 2001952655 181481 69304 110
0b000801 0b000d01 10001 100 1961376 2001483363 674765 164444 85
0b000d01 0b000501 10000 100 1506949 2001005546 1169251 126342 57
0b000901 0b000201 10003 100 346707 2002123790 62842 29069 115
0b000901 0b000d01 10000 100 4519652 2000366759 1828294 378928 23
0b000901 0b000201 10002 100 861080 2002010850 227449 72196 111
0b000801 0b000d01 10002 100 674201 2001932715 320229 56528 109
0b000301 0b000c01 10000 100 3355211 2001624559 631977 281303 92
0b000b01 0b000e01 10001 100 2375036 2001779496 487158 199126 101
0b000d01 0b000501 10002 100 830756 2001657948 609427 69651 98
0b000001 0b000f01 10001 100 2084769 2001859994 434679 174787 106
0b000401 0b000d01 10000 100 51729 2002300980 8456 4338 122
0b000b01 0b000201 10000 100 139296 2002288881 28156 11681 121
0b000d01 0b000f01 10000 100 590370 2002266920 137398 49499 120
0b000301 0b000f01 10000 100 33538 2002437934 3967 2813 129
0b000c01 0b000e01 10002 100 75411 2002474448 28272 6324 130
0b000201 0b000401 10000 100 823528 2002423038 91706 69046 126
0b000b01 0b000f01 10001 100 6554032 2000627064 1889596 549493 37
0b000b01 0b000001 10000 100 811962 2002305772 228735 68075 123
0b000e01 0b000701 10001 100 974707 2001388464 1146898 81720 78
0b000001 0b000801 10001 100 152941 2002559939 32933 12822 133
0b000b01 0b000501 10000 100 2142085 2001315436 1290127 179595 77
0b000601 0b000901 10001 100 826595 2002424561 211094 69303 127
0b000001 0b000c01 10001 100 267721 2002571078 66124 22446 134
0b000b01 0b000e01 10002 100 831943 2002338459 312664 69750 125
0b000801 0b000b01 10000 100 3730923 2001682188 982709 312800 99
0b000101 0b000501 10002 100 1598919 2002436040 249464 134053 128
0b000201 0b000a01 10000 100 318580 2002674309 27964 26711 136
0b000f01 0b000501 10001 100 950899 2002500445 211892 79723 131
0b000701 0b000501 10000 100 1806400 2001628520 1104338 151450 93
0b000e01 0b000601 10000 100 124342 2002705415 58409 10427 138
0b000e01 0b000301 10000 100 252194 2002744498 59789 21147 144
0b000301 0b000401 10000 100 395810 2002742444 66628 33185 143
0b000101 0b000801 10000 100 473001 2002734203 114996 39660 141
0b000d01 0b000801 10000 100 972708 2002731020 144582 81552 140
0b000901 0b000201 10004 100 913091 2002824984 77143 76557 147
0b000801 0b000301 10000 100 885430 2002773173 164231 74236 145
0b000801 0b000201 10000 100 73952 2002962114 19822 6200 152
0b000101 0b000601 10001 100 257110 2002917740 64292 21559 149
0b000e01 0b000401 10000 100 208016 2003024903 39615 17443 156
0b000d01 0b000b01 10000 100 196380 2003044929 44176 16466 159
0b000201 0b000901 10001 100 244431 2003042347 57988 20495 158
0b000a01 0b000601 10004 100 942118 2002993532 110793 78990 153
0b000001 0b000e01 10002 100 392680 2003024196 82238 32923 155
0b000801 0b000b01 10001 100 891566 2002942132 181617 74750 150
0b000401 0b000801 10000 100 338948 2003016994 123200 28417 154
0b000601 0b000501 10000 100 540316 2003054863 91631 45302 161
0b000e01 0b000b01 10000 100 2181895 2002040631 1120230 182930 113
0b000601 0b000801 10001 100 499980 2003042050 119229 41918 157
0b000701 0b000201 10000 100 26797 2003174145 4414 2247 165
0b000601 0b000901 10000 100 3239230 2002315966 910548 271580 124
0b000501 0b000c01 10000 100 210690 2003191068 36607 17665 167
0b000f01 0b000d01 10000 100 5399882 2001721172 1523838 452726 100
0b000201 0b000a01 10001 100 120551 2003249278 12630 10108 170
0b000701 0b000101 10001 100 858901 2003157528 110941 72010 164
0b000101 0b000a01 10000 100 967703 2003047220 275193 81133 160
0b000201 0b000a01 10003 100 19044 2003342475 26795 1600 179
0b000501 0b000a01 10001 100 44316 2003375306 6966 3718 184
0b000e01 0b000f01 10000 100 953925 2003254570 154949 79977 171
0b000d01 0b000401 10000 100 940679 2003233139 178610 78867 169
0b000001 0b000e01 10000 100 4465600 2001038948 2376342 374397 59
0b000001 0b000b01 10002 100 13033 2003363016 57965 1096 180
0b000d01 0b000101 10000 100 330891 2003373727 78568 27742 183
0b000001 0b000101 10000 100 825149 2003174958 289522 69183 166
0b000901 0b000601 10001 100 556532 2003426731 70160 46661 187
0b000701 0b000301 10000 100 117 2003536895 0 13 191
0b000601 0b000701 10000 100 293294 2003541183 35261 24592 192
0b000101 0b000701 10000 100 532264 2003373702 200030 44627 182
0b000301 0b000401 10002 100 60920 2003578467 16846 5107 194
0b000101 0b000601 10000 100 7698051 2001010330 2599917 645408 58
0b000d01 0b000601 10000 100 2201030 2002186516 1432365 184538 119
0b000701 0b000501 10001 100 65651 2003628754 6801 5505 198
0b000501 0b000b01 10000 100 236126 2003594339 65654 19800 196
0b000001 0b000a01 10001 100 584070 2003408256 251804 48972 185
0b000501 0b000601 10000 100 47676 2003671427 4029 3998 202
0b000901 0b000b01 10000 100 355150 2003602320 85447 29779 197
0b000d01 0b000301 10000 100 245427 2003526587 166025 20578 189
0b000601 0b000501 10001 100 24523 2003706414 5175 2057 206
0b000801 0b000e01 10000 100 4517612 2001261974 2504878 378758 72
0b000301 0b000501 10002 100 406054 2003669015 100984 34047 201
0b000c01 0b000f01 10000 100 175461 2003765625 29406 14712 210
0b000d01 0b000f01 10001 100 597171 2003723719 81628 50070 207
0b000a01 0b000e01 10001 100 7965 2003831196 1720 667 213
0b000a01 0b000d01 10000 100 1484352 2002538964 1296260 124450 132
0b000f01 0b000601 10002 100 1546379 2003734312 177429 129650 208
0b000201 0b000401 10001 100 321707 2003871197 78298 26973 216
0b000401 0b000001 10001 100 423725 2003763118 207783 35526 209
0b000e01 0b000d01 10002 100 785414 2003905821 94000 65851 219
0b000c01 0b000701 10000 100 901767 2003697269 312011 75605 204
0b000001 0b000d01 10000 100 74855 2004003228 23659 6276 225
0b000d01 0b000e01 10000 100 4849474 2002172897 1863018 406581 118
0b000a01 0b000801 10001 100 705465 2003881330 187089 59148 217
0b000d01 0b000301 10001 100 60600 2004070497 15770 5082 231
0b000c01 0b000d01 10001 100 901864 2004023748 97467 75612 227
0b000e01 0b000c01 10000 100 723007 2004048195 84953 60620 230
0b000101 0b000a01 10001 100 480997 2003971629 186315 40326 224
0b000001 0b000b01 10000 100 4764074 2002133145 2041194 399423 116
0b000101 0b000801 10001 100 587097 2003960334 239755 49225 223
0b000901 0b000301 10000 100 838005 2004099862 122254 70262 233
0b000701 0b000e01 10000 100 205511 2004201350 26949 17231 237
0b000a01 0b000d01 10001 100 58117 2004163140 78313 4875 235
0b000801 0b000101 10000 100 2292945 2003926451 320973 192240 221
0b000a01 0b000801 10000 100 3130695 2003806342 471599 262478 211
0b000701 0b000501 10002 100 973673 2003852425 445376 81634 214
0b000401 0b000301 10001 100 93861 2004303598 30736 7869 242
0b000201 0b000501 10000 100 1182425 2004147483 210600 99136 234
0b000801 0b000a01 10000 100 618035 2004338316 58837 51819 245
0b000101 0b000801 10002 100 421233 2004217281 180484 35319 238
0b000d01 0b000501 10003 100 1461971 2004045538 375631 122571 229
0b000001 0b000101 10001 100 61163 2004434294 12320 5131 248
0b000101 0b000c01 10001 100 919890 2004071945 372788 77124 232
0b000f01 0b000b01 10001 100 71767 2004465009 7640 6017 250
0b000101 0b000b01 10001 100 541922 2003288895 1195481 45435 175
0b000c01 0b000801 10000 100 81768 2004586735 13571 6856 257
0b000b01 0b000d01 10001 100 27609 2004601363 5429 2316 258
0b000a01 0b000301 10000 100 737827 2004435967 222843 61860 249
0b000601 0b000701 10001 100 1474034 2004552506 143791 123586 256
0b000a01 0b000901 10001 100 984363 2004423148 275284 82531 247
0b000e01 0b000901 10000 100 102309 2004676222 24696 8580 260
0b000c01 0b000f01 10001 100 137615 2004686432 22949 11539 261
0b000b01 0b000301 10000 100 94069 2004698615 13254 7890 262
0b000d01 0b000701 10000 100 58595 2004716828 10081 4914 263
0b000d01 0b000201 10000 100 773351 2003430133 1315756 64840 188
0b000401 0b000301 10000 100 4287832 2003660227 1108919 359492 200
0b000e01 0b000101 10000 100 4692404 2001453532 3320103 393413 82
0b000701 0b000201 10001 100 99153 2004771963 26965 8316 268
0b000f01 0b000901 10000 100 224917 2004800629 35808 18857 271
0b000501 0b000c01 10001 100 191364 2004884742 36288 16046 276
0b000801 0b000401 10000 100 16723160 2000016361 4918985 1402072 0
0b000b01 0b000201 10001 100 620631 2004858701 84829 52035 274
0b000801 0b000501 10000 100 2416642 2003699448 1247278 202612 205
0b000d01 0b000401 10001 100 683451 2003527130 1458070 57302 190
0b000a01 0b000c01 10000 100 981608 2004736246 254454 82299 264
0b000501 0b000201 10000 100 408185 2004950012 70050 34225 279
0b000a01 0b000f01 10001 100 1956005 2004522328 501340 163995 254
0b000901 0b000701 10000 100 914226 2003828726 1199564 76651 212
0b000501 0b000b01 10001 100 734613 2004887325 162072 61591 277
0b000701 0b000401 10000 100 3258378 2004406452 649572 273184 246
0b000201 0b000801 10000 100 977522 2004790319 297505 81957 269
0b000a01 0b000201 10000 100 210357 2005060982 34208 17638 284
0b000501 0b000301 10000 100 86272 2005107917 7790 7235 287
0b000001 0b000b01 10001 100 3756017 2003296527 1849337 314908 176
0b000e01 0b000901 10001 100 1390929 2004756333 397324 116615 266
0b000301 0b000701 10000 100 2338894 2003672683 1502333 196093 203
0b000601 0b000501 10002 100 915847 2005096115 95383 76785 286
0b000f01 0b000c01 10000 100 1560368 2004982256 245080 130823 281
0b000f01 0b000d01 10001 100 264023 2005196369 54705 22139 294
0b000b01 0b000601 10001 100 225577 2005175329 71935 18914 291
0b000701 0b000001 10000 100 6171332 2004218942 1032231 517407 239
0b000c01 0b000901 10000 100 409194 2005193945 60202 34309 293
0b000101 0b000b01 10002 100 298381 2005165680 108260 25018 289
0b000301 0b000401 10003 100 45330 2005277787 16100 3803 299
0b000a01 0b000801 10002 100 312227 2005282874 40758 26180 300
0b000301 0b000a01 10002 100 492419 2005171232 152633 41286 290
0b000801 0b000001 10001 100 1389725 2004019260 1336735 116515 226
0b000701 0b000101 10003 100 768999 2005288028 88920 64472 301
0b000901 0b000801 10000 100 656999 2005323730 68305 55082 303
0b000001 0b000701 10000 100 4541992 2003371270 2036938 380800 181
0b000201 0b000701 10000 100 320067 2005308589 102178 26838 302
0b000001 0b000601 10000 100 924665 2005255780 165411 77525 298
0b000e01 0b000101 10001 100 876993 2005121845 305560 73527 288
0b000901 0b000501 10000 100 208195 2005422128 22035 17458 310
0b000701 0b000301 10001 100 618273 2005342042 118395 51838 306
0b000101 0b000401 10001 100 289371 2005356243 127881 24263 307
0b000801 0b000001 10002 100 1199838 2005385782 136517 100595 309
0b000301 0b000b01 10000 100 838792 2005328438 229934 70325 304
0b000201 0b000a01 10002 100 6350833 2003331439 2234207 532454 178
0b000b01 0b000901 10000 100 741185 2005519308 76462 62144 314
0b000101 0b000201 10000 100 6423157 2003895302 1716176 538520 218
0b000d01 0b000b01 10001 100 80896 2005643683 9322 6782 321
0b000a01 0b000c01 10001 100 114411 2005650897 24058 9594 323
0b000b01 0b000301 10001 100 246493 2005658315 32443 20667 324
0b000001 0b000501 10000 100 492364 2005589066 103446 41282 319
0b000101 0b000201 10002 100 81496 2005664374 37519 6834 326
0b000c01 0b000f01 10002 100 549956 2005661669 60385 46108 325
0b000b01 0b000001 10001 100 36283 2005724654 9145 3044 328
0b000601 0b000301 10000 100 98960 2005834726 10122 8296 334
0b000e01 0b000a01 10000 100 79663 2005818994 27609 6680 332
0b000b01 0b000e01 10003 100 1892945 2004465887 1387667 158704 251
0b000b01 0b000101 10001 100 1563048 2005709357 183952 131049 327
0b000001 0b000801 10002 100 868525 2004758047 1182669 72818 267
0b000d01 0b000901 10000 100 21467 2005972015 2335 1801 340
0b000701 0b000601 10000 100 593368 2005949737 78543 49750 339
0b000001 0b000601 10001 100 1821235 2005745888 279546 152695 330
0b000201 0b000d01 10001 100 5656484 2004181183 1861962 474241 236
0b000201 0b000f01 10000 100 1604059 2004829957 1289571 134487 272
0b000701 0b000c01 10000 100 14224 2006174323 2412 1195 347
0b000301 0b000001 10000 100 710710 2005875704 312923 59587 335
0b000001 0b000501 10001 100 59972 2006230293 22378 5028 350
0b000101 0b000201 10003 100 24011 2006261314 21360 2016 352
0b000501 0b000001 10001 100 253376 2006246851 38700 21245 351
0b000a01 0b000e01 10000 100 9850399 2003260640 3027543 825859 172
0b000e01 0b000801 10001 100 691073 2006173082 146968 57943 346
0b000401 0b000701 10000 100 4987973 2004859231 1487460 418191 275
0b000a01 0b000c01 10002 100 526427 2006312353 51818 44137 355
0b000001 0b000b01 10003 100 2744337 2004907962 1460483 230087 278
0b000301 0b000c01 10001 100 22933 2006409169 10120 1922 360
0b000e01 0b000d01 10001 100 20233978 2000937404 5499769 1696416 54
0b000801 0b000501 10001 100 958126 2005203005 1235869 80332 295
0b000001 0b000a01 10002 100 924563 2006283058 161378 77517 353
0b000801 0b000301 10001 100 4541125 2004028522 2425265 380731 228
0b000601 0b000a01 10000 100 40201 2006466961 5163 3373 362
0b000301 0b000701 10001 100 2387720 2005765053 726335 200187 331
0b000101 0b000e01 10001 100 2357850 2004280102 2244907 197682 241
0b000101 0b000201 10001 100 1892008 2005444101 1111059 158629 311
0b000101 0b000f01 10001 100 886787 2005191895 1361012 74349 292
0b000101 0b000b01 10000 100 7431503 2002737575 3863175 623059 142
0b000e01 0b000301 10001 100 47842 2006600768 13253 4011 372
0b000301 0b000801 10002 100 299360 2006527037 95557 25100 365
0b000101 0b000c01 10003 100 286282 2006407049 228725 24004 359
0b000c01 0b000401 10000 100 942784 2006451649 187973 79043 361
0b000401 0b000501 10000 100 9937562 2003276225 3377345 833166 174
0b000201 0b000901 10003 100 387409 2006588677 90193 32482 370
0b000301 0b000001 10001 100 104600 2006651256 36475 8771 375
0b000801 0b000301 10002 100 652506 2006611110 73182 54708 373
0b000201 0b000f01 10001 100 3622790 2005367965 1323972 303735 308
0b000c01 0b000e01 10003 100 822212 2006518203 184702 68937 364
0b000101 0b000701 10001 100 894013 2006050720 653659 74957 343
0b000601 0b000e01 10000 100 341756 2006532961 174326 28653 366
0b000001 0b000c01 10002 100 932296 2005644388 1081190 78166 322
0b000f01 0b000801 10001 100 820417 2005562068 1177684 68786 317
0b000e01 0b000101 10002 100 406094 2006647012 101788 34050 374
0b000401 0b000101 10000 100 85991 2006762838 37652 7209 378
0b000601 0b000b01 10001 100 306531 2006729938 91617 25701 377
0b000701 0b000201 10002 100 57333 2006855019 5667 4809 385
0b000601 0b000801 10002 100 1833531 2005547179 1314009 153725 316
0b000101 0b000c01 10002 100 2400189 2005446445 1427374 201234 312
0b000a01 0b000c01 10003 100 927898 2006564861 314990 77795 368
0b000601 0b000a01 10001 100 1203858 2006594617 293223 100932 371
0b000001 0b000101 10002 100 373985 2006805733 93595 31354 381
0b000501 0b000801 10002 100 193013 2006911337 20547 16186 388
0b000a01 0b000801 10003 100 44409 2006976133 6934 3725 390
0b000101 0b000e01 10002 100 452309 2006814374 217174 37924 384
0b000601 0b000f01 10001 100 4297162 2005242516 1874684 360277 297
0b000301 0b000a01 10001 100 8824874 2004534712 2593012 739877 255
0b000601 0b000b01 10002 100 331958 2007105252 38430 27831 394
0b000c01 0b000801 10001 100 2462996 2005912094 1242452 206497 336
0b000401 0b000d01 10001 100 941894 2007064289 100648 78968 392
0b000101 0b000d01 10000 100 7968403 2003227487 4032409 668073 168
0b000301 0b000101 10000 100 259054 2007149332 127880 21722 398
0b000e01 0b000a01 10001 100 19533 2007280399 5450 1639 406
0b000101 0b000501 10003 100 3698609 2004315370 2983201 310092 243
0b000801 0b000201 10001 100 280820 2007265944 43476 23544 405
0b000c01 0b000301 10000 100 1095471 2006065447 1245813 91846 344
0b000c01 0b000d01 10002 100 32194 2007331783 3207 2702 409
0b000301 0b000f01 10001 100 692727 2007114368 294601 58079 395
0b000301 0b000001 10002 100 599446 2007167624 281704 50259 401
0b000801 0b000e01 10001 100 440613 2007412081 57731 36942 413
0b000f01 0b000501 10002 100 1574043 2006002478 1478000 131971 341
0b000301 0b000c01 10002 100 218087 2007407853 112176 18287 412
0b000701 0b000101 10002 100 6639717 2004790853 2764984 556674 270
0b000d01 0b000801 10002 100 925438 2007333614 257772 77590 410
0b000d01 0b000801 10001 100 1792516 2007074202 517255 150286 393
0b000101 0b000801 10003 100 1895019 2006970106 626492 158882 389
0b000901 0b000701 10001 100 266757 2007579445 35008 22365 420
0b000b01 0b000e01 10004 100 424788 2007530898 89678 35615 418
0b000301 0b000b01 10002 100 237289 2007522073 118467 19897 416
0b000101 0b000d01 10001 100 16546 2007716095 6891 1388 424
0b000401 0b000301 10002 100 2260510 2006212402 1610908 189523 349
0b000101 0b000201 10004 100 1404790 2007562260 328793 117778 419
0b000401 0b000b01 10001 100 1264861 2007746753 146272 106046 429
0b000a01 0b000301 10001 100 566624 2007848435 50557 47507 432
0b000501 0b000701 10001 100 106973 2007902957 14071 8968 433
0b000701 0b000501 10003 100 3270285 2005577584 2341716 274183 318
0b000001 0b000d01 10001 100 129360 2007908228 20218 10848 434
0b000101 0b000801 10004 100 868449 2007686103 262175 72812 423
0b000f01 0b000501 10003 100 6931 2007954610 703 581 439
0b000d01 0b000e01 10001 100 287638 2007933548 26462 24116 438
0b000301 0b000201 10002 100 318649 2007783670 182672 26716 430
0b000301 0b000b01 10001 100 958270 2007513454 477151 80344 415
0b000401 0b000501 10001 100 44032 2008012506 6160 3695 441
0b000c01 0b000f01 10003 100 1084038 2007928918 101200 90889 436
0b000e01 0b000801 10002 100 811599 2007723160 305373 68046 425
0b000701 0b000c01 10001 100 117693 2008031615 13987 9868 442
0b000601 0b000201 10000 100 14296 2008081255 2573 1201 450
0b000001 0b000501 10002 100 94598 2008067537 19126 7932 449
0b000f01 0b000601 10003 100 346500 2008040730 71312 29052 444
0b000801 0b000901 10002 100 4107098 2006359075 1791446 344342 357
0b000f01 0b000301 10000 100 510331 2008103460 55403 42788 451
0b000e01 0b000f01 10001 100 24242 2008154887 10568 2035 455
0b000301 0b000501 10003 100 2079409 2006286692 1880862 174339 354
0b000601 0b000201 10001 100 235860 2008184269 26392 19775 457
0b000801 0b000b01 10002 100 406340 2008041481 181339 34070 446
0b000101 0b000601 10002 100 6792590 2006170164 2103675 569492 345
0b000201 0b000c01 10002 100 94706 2008280527 31274 7941 462
0b000901 0b000801 10001 100 851643 2008216872 111217 71403 460
0b000d01 0b000101 10001 100 841358 2007051681 1275274 70541 391
0b000a01 0b000401 10000 100 633483 2008214489 147196 53113 459
0b000101 0b000501 10004 100 273722 2008285375 77625 22949 463
0b000401 0b000901 10001 100 65540 2008356816 26258 5496 471
0b000101 0b000c01 10004 100 189805 2008364123 39472 15914 473
0b000101 0b000c01 10005 100 349724 2008373697 71289 29321 475
0b000f01 0b000301 10001 100 851375 2008329155 116456 71381 469
0b000d01 0b000101 10002 100 796799 2007174496 1343390 66804 402
0b000801 0b000c01 10001 100 987804 2008104388 423262 82818 452
0b000d01 0b000101 10003 100 945534 2008353916 179618 79275 470
0b000a01 0b000601 10005 100 130760 2008515921 27512 10963 482
0b000401 0b000601 10000 100 1206404 2008296579 265501 101147 464
0b000301 0b000601 10000 100 391907 2008386577 182467 32857 476
0b000401 0b000b01 10002 100 894748 2008320439 259054 75016 467
0b000e01 0b000301 10002 100 982364 2007139784 1465735 82363 397
0b000901 0b000c01 10000 100 232877 2008591907 36600 19524 486
0b000f01 0b000901 10001 100 44203 2008622136 32992 3709 491
0b000d01 0b000501 10004 100 904525 2008445170 230841 75837 480
0b000201 0b000901 10002 100 4740252 2006499371 2206334 397425 363
0b000501 0b000801 10003 100 950338 2008615792 130078 79678 490
0b000f01 0b000401 10000 100 993851 2008602102 149224 83325 489
0b000a01 0b000501 10002 100 234599 2008630268 123621 19670 492
0b000701 0b000601 10001 100 90455 2008745203 14277 7585 498
0b000e01 0b000501 10001 100 100417 2008644145 133024 8421 493
0b000f01 0b000a01 10000 100 944435 2008648362 152689 79183 494
0b000801 0b000101 10001 100 2716791 2007911919 925433 227776 435
0b000201 0b000c01 10001 100 781964 2007745101 1111302 65560 428
0b000e01 0b000901 10002 100 746973 2007588693 1318605 62626 421
0b000001 0b000e01 10003 100 45205 2008932762 23552 3793 505
0b000a01 0b000b01 10001 100 29918 2008943094 21845 2508 506
0b000801 0b000001 10003 100 16797 2008884445 85033 1409 503
0b000201 0b000801 10001 100 909936 2008859107 138928 76289 501
0b000501 0b000601 10001 100 419611 2008972422 36900 35181 508
0b000201 0b000d01 10002 100 868041 2008158578 865179 72780 456
0b000d01 0b000701 10001 100 78355 2009022741 20676 6571 511
0b000301 0b000201 10003 100 334659 2008863870 194437 28059 502
0b000601 0b000001 10000 100 836200 2008751473 307578 70110 499
0b000b01 0b000901 10001 100 7247755 2006798620 2334151 607652 380
0b000f01 0b000701 10000 100 26526 2009091429 41966 2225 515
0b000301 0b000401 10001 100 10324979 2003418942 5747117 865646 186
0b000901 0b000601 10002 100 42464 2009182709 9553 3562 522
0b000401 0b000701 10001 100 32582 2009204249 4274 2733 525
0b000701 0b000901 10001 100 1332444 2008968262 252971 111714 507
0b000701 0b000f01 10000 100 871135 2009017125 228659 73039 510
0b000801 0b000f01 10000 100 607372 2009190122 120464 50924 523
0b000101 0b000c01 10006 100 272744 2009196322 126185 22867 524
0b000301 0b000401 10004 100 1510854 2008593852 741924 126670 488
0b000501 0b000601 10002 100 316783 2009327450 64828 26559 530
0b000f01 0b000201 10000 100 155615 2009408087 16581 13048 533
0b000701 0b000001 10002 100 36653 2009428193 4177 3074 534
0b000d01 0b000b01 10002 100 1139097 2008044664 1435287 95505 447
0b000801 0b000a01 10001 100 9811976 2006787673 2698026 822636 379
0b000e01 0b000701 10002 100 1284446 2008146657 1342668 107690 454
0b000601 0b000801 10003 100 1558840 2008033012 1517828 130693 443
0b000101 0b000e01 10003 100 981398 2009401702 153117 82282 532
0b000901 0b000401 10000 100 141479 2009536161 24876 11863 537
0b000801 0b000501 10002 100 738205 2008046509 1566388 61894 448
0b000f01 0b000501 10004 100 218820 2009569769 83910 18346 539
0b000001 0b000901 10000 100 98268 2009664256 16487 8241 540
0b000101 0b000601 10003 100 4806882 2007737104 1960856 403009 427
0b000e01 0b000401 10001 100 10183326 2005517053 4187117 853772 313
0b000c01 0b000801 10002 100 3448050 2008313024 1438804 289088 466
0b000201 0b000301 10000 100 15062 2009776322 1875 1266 543
0b000301 0b000801 10000 100 22456256 2001577370 8197139 1882735 91
0b000b01 0b000601 10002 100 10708 2009791433 1474 898 545
0b000501 0b000101 10002 100 12433 2009822392 3398 1044 549
0b000b01 0b000301 10002 100 237208 2009808373 62910 19890 547
0b000201 0b000a01 10004 100 942642 2009786747 100876 79032 544
0b000801 0b000501 10003 100 2301716 2008142531 1749508 192976 453
0b000c01 0b000501 10001 100 1751985 2008207236 1696478 146886 458
0b000701 0b000501 10004 100 260745 2009886429 52569 21861 554
0b000f01 0b000801 10002 100 417733 2009873344 78305 35023 553
0b000801 0b000c01 10002 100 996693 2009810798 165849 83563 548
0b000501 0b000101 10001 100 2033374 2009700492 292165 170480 541
0b000301 0b000201 10001 100 6855107 2007137269 2889370 574735 396
0b000e01 0b000101 10003 100 816734 2008522682 1502472 68476 483
0b000b01 0b000801 10000 100 4326518 2008373313 1656316 362737 474
0b000301 0b000f01 10002 100 85213 2010004644 38597 7147 558
0b000201 0b000a01 10005 100 122052 2010052665 29602 10236 561
0b000301 0b000001 10003 100 2233 2010101973 15860 190 564
0b000301 0b000501 10004 100 271370 2010045019 92855 22754 560
0b000b01 0b000801 10001 100 649941 2009978938 173087 54491 557
0b000f01 0b000201 10001 100 278634 2010096783 67717 23362 563
0b000101 0b000d01 10002 100 475794 2010121144 62312 39891 565
0b000501 0b000401 10001 100 275838 2010127175 73908 23126 567
0b000201 0b000f01 10002 100 499471 2010131144 110119 41877 568
0b000a01 0b000e01 10002 100 8684 2010259610 2160 729 576
0b000801 0b000601 10001 100 91558 2010243918 19061 7677 574
0b000b01 0b000101 10002 100 188163 2010217727 49076 15778 572
0b000f01 0b000601 10004 100 2328147 2009015338 1256936 195195 509
0b000a01 0b000f01 10003 100 876582 2009948250 357099 73494 556
0b000101 0b000601 10004 100 1229184 2009099801 1233591 103057 518
0b000701 0b000e01 10001 100 802074 2010223760 119075 67249 573
0b000e01 0b000c01 10002 100 437765 2009162186 1206703 36703 519
0b000201 0b000101 10000 100 931230 2010279795 123500 78077 577
0b000001 0b000701 10001 100 20423051 2006382063 4047466 1712272 358
0b000301 0b000701 10002 100 270147 2010300174 145341 22652 580
0b000a01 0b000801 10004 100 462070 2010418056 48824 38743 587
0b000e01 0b000d01 10003 100 865039 2010196903 289841 72528 570
0b000401 0b000601 10001 100 353824 2010350702 150949 29665 583
0b000c01 0b000501 10002 100 39868 2010496443 7233 3343 594
0b000a01 0b000c01 10004 100 1343062 2009070676 1468439 112605 514
0b000c01 0b000501 10000 100 6097968 2007243122 3314490 511253 404
0b000b01 0b000601 10003 100 614941 2010417632 143958 51556 586
0b000f01 0b000a01 10001 100 833755 2010446563 138754 69902 589
0b000b01 0b000e01 10005 100 489980 2010506636 97662 41080 595
0b000b01 0b000301 10003 100 272768 2010610193 50753 22869 602
0b000e01 0b000c01 10003 100 5382 2010645418 23789 453 605
0b000001 0b000b01 10004 100 596409 2010459523 213031 50005 590
0b000e01 0b000401 10002 100 209593 2010598800 74160 17573 600
0b000701 0b000901 10000 100 4282325 2007930200 2764140 359032 437
0b000501 0b000901 10001 100 213842 2010621218 124487 17929 603
0b000d01 0b000701 10002 100 47154 2010747671 24285 3956 610
0b000401 0b000101 10001 100 768910 2010425002 374281 64465 588
0b000901 0b000c01 10001 100 866963 2010675090 141122 72686 608
0b000701 0b000e01 10002 100 844141 2010655170 179119 70776 607
0b000901 0b000001 10000 100 47029 2010847097 5638 3946 615
0b000001 0b000701 10002 100 1592759 2010470643 407900 133537 591
0b000701 0b000801 10001 100 680587 2010796093 105785 57062 612
0b000601 0b000201 10002 100 4245328 2008855581 2074161 355930 500
0b000101 0b000701 10002 100 890521 2010847202 112370 74663 616
0b000201 0b000501 10001 100 750285 2010847222 116567 62906 617
0b000001 0b000c01 10003 100 531819 2010890081 82304 44588 620
0b000a01 0b000b01 10002 100 843086 2010897656 115332 70687 622
0b000f01 0b000d01 10003 100 649060 2010866199 160064 54420 618
0b000d01 0b000601 10001 100 522051 2010951675 75000 43772 625
0b000b01 0b000201 10002 100 206516 2010994478 54783 17316 627
0b000601 0b000d01 10000 100 1044703 2009162513 1887935 87589 520
0b000701 0b000801 10000 100 1797171 2009848008 1205063 150678 550
0b000401 0b000b01 10003 100 254798 2010869322 184987 21363 619
0b000801 0b000301 10003 100 655934 2010948066 123401 54993 624
0b000501 0b000601 10003 100 4250107 2010367738 751799 356332 584
0b000201 0b000c01 10000 100 4643384 2007679965 3497719 389303 422
0b000f01 0b000201 10002 100 757495 2010985579 212978 63510 626
0b000301 0b000101 10001 100 1713415 2010350690 866362 143654 582
0b000201 0b000a01 10006 100 316336 2011178414 61962 26524 632
0b000401 0b000e01 10000 100 3399894 2009233563 2074185 285047 526
0b000801 0b000101 10002 100 154493 2011314061 20202 12954 633
0b000601 0b000401 10000 100 897212 2010606400 748574 75225 601
0b000401 0b000801 10001 100 864536 2010132805 1218347 72484 569
0b000f01 0b000701 10001 100 897141 2011149910 231736 75219 630
0b000c01 0b000b01 10000 100 360187 2011356056 102664 30201 634
0b000201 0b000f01 10003 100 1369483 2010302773 1159235 114819 581
0b000301 0b000b01 10005 100 910903 2010890519 582160 76370 621
0b000001 0b000901 10001 100 1689931 2010408164 1114479 141684 585
0b000f01 0b000301 10002 100 6989201 2009429314 2104354 585977 535
0b000801 0b000701 10000 100 789839 2011430674 136000 66220 637
0b000f01 0b000d01 10002 100 4928571 2010213316 1366188 413213 571
0b000901 0b000301 10001 100 777132 2011433439 158465 65158 638
0b000701 0b000001 10001 100 5047822 2007479784 4113658 423210 414
0b000c01 0b000801 10004 100 233837 2011504250 121795 19605 644
0b000201 0b000f01 10004 100 905577 2011474381 154672 75925 642
0b000b01 0b000401 10001 100 329002 2011506207 132219 27587 645
0b000f01 0b000901 10002 100 820740 2010478664 1164938 68811 592
0b000d01 0b000b01 10003 100 1934750 2010683076 997236 162210 609
0b000801 0b000001 10004 100 489880 2011551144 142470 41072 647
0b000f01 0b000e01 10000 100 920095 2011609346 117702 77144 650
0b000301 0b000d01 10000 100 1322689 2010788628 941918 110895 611
0b000501 0b000001 10002 100 4769882 2008695787 3045740 399907 496
0b000401 0b000301 10003 100 4795468 2010280148 1465416 402054 578
0b000c01 0b000401 10001 100 510264 2011503744 242568 42783 643
0b000501 0b000401 10002 100 1215263 2010552483 1199849 101890 597
0b000b01 0b000101 10003 100 445441 2011540364 244131 37347 646
0b000c01 0b000301 10001 100 89445 2011790625 38878 7501 658
0b000f01 0b000d01 10004 100 253263 2011844678 23676 21236 663
0b000101 0b000f01 10003 100 819515 2011652010 229058 68710 653
0b000001 0b000f01 10002 100 9795083 2007286924 4607257 821223 407
0b000801 0b000201 10002 100 88144 2011888717 21888 7393 666
0b000c01 0b000101 10001 100 11268 2011841443 82869 947 661
0b000b01 0b000001 10002 100 4698434 2008592500 3360043 393918 487
0b000101 0b000601 10005 100 976408 2011828758 153765 81864 660
0b000a01 0b000f01 10004 100 490860 2011873078 112572 41154 664
0b000701 0b000101 10004 100 78940 2011996021 41480 6618 673
0b000b01 0b000501 10001 100 819665 2011581007 473864 68722 649
0b000801 0b000901 10003 100 4741739 2010245536 1858629 397548 575
0b000901 0b000101 10000 100 298000 2012031401 71798 24984 679
0b000001 0b000d01 10002 100 26636 2012104075 10244 2234 684
0b000c01 0b000201 10001 100 31370 2012130887 9629 2632 686
0b000001 0b000301 10000 100 967416 2011980976 166773 81110 671
0b000b01 0b000701 10000 100 71615 2012035967 127618 6005 681
0b000001 0b000e01 10004 100 764117 2012028663 151885 64066 678
0b000d01 0b000f01 10002 100 275556 2012157084 61142 23104 689
0b000601 0b000901 10002 100 7963652 2006856910 5383831 667673 386
0b000f01 0b000301 10003 100 28856 2012224150 26112 2419 693
0b000001 0b000a01 10003 100 33619 2012247982 24183 2820 696
0b000b01 0b000301 10004 100 1653172 2010999989 1292006 138605 628
0b000001 0b000e01 10001 100 19104995 2001869450 10425200 1601762 107
0b000b01 0b000101 10005 100 880011 2011809442 527358 73783 659
0b000901 0b000401 10001 100 95552 2012370478 23960 8012 702
0b000401 0b000a01 10000 100 9937656 2009095079 3300868 833174 516
0b000d01 0b000201 10001 100 943307 2012170001 239264 79089 690
0b000b01 0b000401 10002 100 568314 2012155046 299478 47650 687
0b000c01 0b000201 10002 100 505412 2012342464 132564 42376 698
0b000301 0b000b01 10004 100 5895446 2009544741 2972663 494276 538
0b000501 0b000901 10003 100 118836 2012389709 161061 9963 704
0b000c01 0b000101 10002 100 921918 2012363060 197279 77293 699
0b000c01 0b000a01 10001 100 64843 2012613840 28960 5437 713
0b000b01 0b000f01 10002 100 983829 2012395268 251321 82484 705
0b000c01 0b000801 10005 100 286412 2012568921 79269 24015 707
0b000501 0b000001 10003 100 255105 2012603395 47659 21391 710
0b000401 0b000f01 10000 100 1419490 2011098902 1561681 119012 629
0b000b01 0b000c01 10000 100 6211487 2009852919 2853491 520773 551
0b000a01 0b000801 10005 100 972451 2012595944 131312 81532 709
0b000f01 0b000101 10001 100 998955 2012636126 123828 83752 715
0b000401 0b000f01 10001 100 294856 2012688520 73100 24721 719
0b000101 0b000f01 10004 100 232855 2012731526 38860 19523 722
0b000c01 0b000401 10003 100 878405 2012613668 224936 73647 712
0b000e01 0b000201 10000 100 965884 2011933391 911357 80980 668
0b000f01 0b000c01 10001 100 974859 2012710250 148986 81732 721
0b000b01 0b000401 10000 100 3149919 2010644967 2214856 264089 604
0b000d01 0b000401 10002 100 67800 2012857814 21346 5685 728
0b000401 0b000d01 10002 100 199257 2012867198 35801 16708 730
0b000b01 0b000401 10003 100 78512 2012869605 35888 6584 731
0b000f01 0b000401 10001 100 832884 2011782547 1131411 69829 657
0b000901 0b000101 10002 100 94868 2012859263 60215 7954 729
0b000701 0b000b01 10000 100 961882 2011775510 1163471 80644 656
0b000b01 0b000701 10001 100 809681 2012754692 185622 67884 723
0b000c01 0b000401 10002 100 1801928 2012520138 451462 151073 706
0b000901 0b000401 10002 100 555446 2012887904 84030 46570 732
0b000d01 0b000e01 10002 100 78294 2012998166 9807 6566 737
0b000301 0b000001 10004 100 935598 2012613468 402678 78442 711
0b000c01 0b000201 10000 100 1475927 2011434846 1590064 123742 639
0b000501 0b000d01 10000 100 101921 2013045632 56591 8545 741
0b000901 0b000f01 10000 100 15754 2013016260 99995 1321 738
0b000b01 0b000501 10002 100 585101 2013042097 84000 49058 739
0b000201 0b000901 10004 100 289504 2013051228 83293 24273 742
0b000001 0b000501 10003 100 333552 2013081203 53777 27966 744
0b000701 0b000c01 10002 100 298121 2013088236 73541 24997 745
0b000e01 0b000601 10001 100 901100 2012024924 1166171 75551 677
0b000501 0b000c01 10003 100 4037482 2011443504 1748892 338504 640
0b000d01 0b000a01 10000 100 167549 2013139439 80140 14049 749
0b000101 0b000601 10006 100 920897 2012227785 1134743 77208 694
0b000201 0b000101 10001 100 1913444 2011984061 1388023 160425 672
0b000301 0b000201 10005 100 845842 2012896471 507859 70916 733
0b000001 0b000b01 10005 100 3099551 2011420868 1985012 259868 636
0b000901 0b000801 10002 100 833166 2013112000 306516 69855 747
0b000501 0b000001 10004 100 1850592 2012637279 780127 155155 716
0b000501 0b000101 10003 100 838499 2012292022 1147912 70301 697
0b000101 0b000001 10001 100 86520 2013424558 46555 7255 761
0b000e01 0b000c01 10001 100 25257546 2005002775 8480776 2117594 282
0b000c01 0b000a01 10000 100 8364929 2009862923 3626638 701315 552
0b000101 0b000001 10000 100 822081 2013352638 150435 68926 757
0b000601 0b000a01 10002 100 961819 2010553121 2997006 80639 598
0b000301 0b000f01 10003 100 4464017 2010290411 3275530 374266 579
0b000a01 0b000f01 10002 100 9459937 2009046807 4552497 793121 513
0b000101 0b000901 10000 100 573175 2013109034 499519 48058 746
0b000501 0b000c01 10004 100 776776 2012902230 717170 65125 734
0b000101 0b000501 10006 100 505207 2013520220 103184 42359 763
0b000301 0b000701 10003 100 928187 2013056417 568746 77822 743
0b000001 0b000901 10002 100 2814885 2012171057 1534084 236000 691
0b000401 0b000001 10003 100 71877 2013707773 12006 6026 773
0b000701 0b000b01 10001 100 779592 2012620375 1106291 65362 714
0b000301 0b000201 10004 100 1988135 2012668391 1070900 166688 717
0b000901 0b000e01 10000 100 482039 2013521635 216576 40417 764
0b000a01 0b000e01 10003 100 1345728 2013042658 700564 112826 740
0b000101 0b000501 10005 100 923020 2012591471 1157758 77389 708
0b000101 0b000f01 10002 100 4675244 2011650587 2106882 391975 652
0b000c01 0b000501 10003 100 203986 2013691473 76414 17102 769
0b000a01 0b000801 10008 100 16550 2013786623 29015 1389 781
0b000301 0b000601 10001 100 909731 2013337680 485453 76272 756
0b000d01 0b000001 10001 100 9114701 2008679561 5164019 764177 495
0b000401 0b000901 10002 100 307356 2013781749 69796 25771 780
0b000401 0b000801 10002 100 825657 2013731085 126442 69224 776
0b000b01 0b000901 10002 100 2594012 2012702890 1164488 217485 720
0b000401 0b000d01 10003 100 143463 2013831138 33361 12030 783
0b000c01 0b000e01 10004 100 1127063 2013694575 178353 94496 770
0b000601 0b000301 10001 100 964147 2012823581 1118471 80837 727
0b000b01 0b000201 10003 100 261551 2013905965 38023 21930 787
0b000601 0b000001 10001 100 1912069 2013277895 680541 160311 755
0b000501 0b000901 10002 100 3221928 2011169753 2836395 270126 631
0b000901 0b000e01 10001 100 794270 2013685285 354198 66594 767
0b000101 0b000f01 10005 100 1220793 2012927127 1115522 102352 735
0b000701 0b000101 10005 100 326898 2013997690 54481 27407 788
0b000201 0b000401 10002 100 128869 2014079944 18175 10804 794
0b000f01 0b000d01 10005 100 906613 2013889704 221089 76011 786
0b000601 0b000701 10002 100 8079 2014135235 2235 680 798
0b000901 0b000b01 10001 100 4300710 2011909960 2254720 360572 667
0b000501 0b000e01 10000 100 9612983 2009318289 4893842 805952 529
0b000e01 0b000501 10002 100 4254317 2012369819 1847158 356684 701
0b000301 0b000901 10001 100 17703 2014235245 3614 1485 802
0b000d01 0b000101 10005 100 901374 2014132669 123162 75573 797
0b000a01 0b000801 10007 100 1838077 2013261763 1024531 154107 753
0b000401 0b000701 10002 100 507656 2014206027 88292 42563 801
0b000201 0b000f01 10005 100 475507 2013277764 1070518 39868 754
0b000701 0b000301 10003 100 1026666 2014245354 116369 86076 803
0b000e01 0b000401 10003 100 1301660 2014130250 240383 109132 795
0b000e01 0b000b01 10001 100 385 2014399963 0 34 809
0b000401 0b000001 10002 100 5311962 2012021434 2382196 445355 675
0b000f01 0b000d01 10006 100 201406 2014363819 50625 16888 806
0b000901 0b000501 10001 100 364111 2014304722 139575 30530 804
0b000f01 0b000701 10002 100 44906 2014499346 11499 3765 816
0b000c01 0b000801 10003 100 6138638 2011450184 3086337 514664 641
0b000b01 0b000a01 10000 100 298236 2014518640 32282 25007 817
0b000a01 0b000301 10002 100 339463 2014423982 158203 28462 811
0b000a01 0b000801 10006 100 4729191 2012796455 1792405 396498 724
0b000d01 0b000401 10003 100 87377 2014591666 21193 7328 821
0b000401 0b000f01 10002 100 919896 2014469084 144908 77124 814
0b000c01 0b000301 10002 100 220708 2014565632 52444 18505 820
0b000601 0b000e01 10001 100 435506 2014433035 204861 36514 812
0b000a01 0b000501 10001 100 13903128 2005945756 8707781 1165641 338
0b000101 0b000901 10001 100 928058 2014453669 203934 77812 813
0b000701 0b000801 10002 100 266863 2014599095 98108 22374 822
0b000801 0b000401 10003 100 257298 2014635827 65831 21574 825
0b000701 0b000901 10003 100 89897 2014676956 31164 7537 830
0b000301 0b000901 10002 100 285977 2014656910 59993 23976 828
0b000f01 0b000201 10003 100 277483 2014687056 56680 23266 831
0b000b01 0b000401 10004 100 3047629 2013244100 1519217 255514 752
0b000b01 0b000f01 10003 100 806130 2014610021 175522 67589 823
0b000801 0b000d01 10003 100 882887 2013724182 1081895 74021 774
0b000d01 0b000001 10002 100 586495 2014724456 83716 49173 834
0b000001 0b000301 10001 100 497660 2014757943 58468 41725 836
0b000c01 0b000201 10004 100 19908 2014809442 4332 1669 839
0b000601 0b000c01 10001 100 927162 2014396248 419716 77736 808
0b000301 0b000101 10002 100 1643626 2012944549 1895936 137803 736
0b000c01 0b000201 10003 100 561070 2014645505 226230 47043 827
0b000301 0b000701 10004 100 494150 2014714269 162342 41432 833
0b000a01 0b000901 10002 100 4059793 2012240594 2643464 340373 695
0b000a01 0b000101 10001 100 814093 2013359606 1524840 68257 758
0b000601 0b000d01 10001 100 12424914 2010480534 4415698 1041705 593
0b000e01 0b000f01 10002 100 12160 2014919920 1231 1022 845
0b000201 0b000601 10000 100 864103 2014782845 151512 72449 838
0b000501 0b000101 10004 100 628657 2013738952 1201702 52707 777
0b000001 0b000501 10005 100 908640 2013771513 1170810 76181 779
0b000d01 0b000101 10006 100 503823 2014759156 189421 42241 837
0b000a01 0b000d01 10002 100 708513 2014639397 312675 59403 826
0b000901 0b000301 10002 100 144454 2014898497 62584 12113 842
0b000d01 0b000901 10001 100 394946 2014846733 129565 33112 841
0b000601 0b000201 10003 100 2868402 2014132350 846910 240489 796
0b000a01 0b000b01 10000 100 21961158 2008443296 6596894 1841226 479
0b000301 0b000401 10005 100 754334 2013671745 1369633 63245 766
0b000a01 0b000901 10003 100 514617 2014918873 138327 43146 844
0b000301 0b000d01 10001 100 892224 2014707014 355834 74807 832
0b000d01 0b000f01 10003 100 272065 2015002685 76768 22813 849
0b000d01 0b000b01 10004 100 969619 2014813774 269037 81294 840
0b000901 0b000d01 10001 100 9679879 2010074193 5013265 811561 562
0b000501 0b000b01 10002 100 228638 2015068408 69975 19170 852
0b000401 0b000101 10002 100 834404 2014927016 243578 69958 846
0b000801 0b000e01 10002 100 635130 2015114089 84829 53252 855
0b000501 0b000a01 10002 100 23082 2015240669 10594 1938 859
0b000301 0b000901 10000 100 972622 2013695550 1561227 81546 771
0b000c01 0b000101 10000 100 28165530 2004517714 10742956 2361399 253
0b000501 0b000301 10001 100 445363 2015146070 120017 37341 856
0b000701 0b000501 10005 100 17295 2015279762 3473 1452 861
0b000701 0b000301 10002 100 5888183 2013377632 1961709 493668 760
0b000a01 0b000401 10001 100 47301 2015371620 5885 3968 865
0b000301 0b000901 10003 100 349158 2015248779 149523 29276 860
0b000401 0b000801 10003 100 89070 2015431866 15061 7471 868
0b000401 0b000001 10004 100 1224758 2015374303 117763 102684 866
0b000301 0b000b01 10006 100 1466337 2014030153 1479478 122940 790
0b000001 0b000e01 10005 100 51636 2015534419 4577 4330 874
0b000101 0b000b01 10005 100 261182 2015530002 29084 21900 873
0b000301 0b000501 10005 100 997828 2015335928 236638 83658 864
0b000501 0b000c01 10005 100 284783 2015455463 166679 23877 869
0b000f01 0b000101 10002 100 255713 2015572672 73179 21440 876
0b000201 0b000501 10002 100 212430 2015620473 28704 17812 879
0b000501 0b000401 10003 100 8876827 2012156368 3497368 744233 688
0b000c01 0b000f01 10004 100 915847 2015553509 102181 76785 875
0b000101 0b000501 10007 100 791933 2014053237 1600268 66395 792
0b000801 0b000301 10004 100 341145 2015641012 86026 28604 880
0b000801 0b000e01 10003 100 947898 2015611102 138202 79472 878
0b000601 0b000b01 10003 100 48001 2015765459 20752 4028 888
0b000a01 0b000801 10009 100 7096 2015810102 1867 598 891
0b000101 0b000f01 10006 100 883924 2014750847 1067269 74108 835
0b000601 0b000e01 10002 100 147879 2015763868 127452 12398 887
0b000f01 0b000901 10003 100 280381 2015799920 96280 23509 890
0b000d01 0b000501 10005 100 370776 2015871862 64369 31086 895
0b000a01 0b000401 10002 100 872518 2015745026 226435 73153 885
0b000901 0b000a01 10000 100 545169 2015767375 219926 45710 889
0b000401 0b000601 10002 100 248728 2015937864 70581 20854 898
0b000d01 0b000001 10000 100 15345366 2006811315 9202453 1286557 383
0b000301 0b000801 10003 100 1503222 2015720238 297540 126033 884
0b000a01 0b000601 10006 100 9639507 2012022163 4006048 808178 676
0b000d01 0b000e01 10003 100 374495 2016003369 32925 31399 901
0b000901 0b000401 10003 100 878007 2015696479 371260 73615 882
0b000101 0b000501 10008 100 3626328 2014471186 1613939 304033 815
0b000901 0b000c01 10003 100 120838 2016036441 51315 10131 903
0b000a01 0b000c01 10005 100 290829 2016008826 93242 24383 902
0b000b01 0b000601 10004 100 8440193 2013436941 2670198 707628 762
0b000f01 0b000601 10005 100 7913242 2013866721 2251172 663449 784
0b000101 0b000b01 10004 100 3144053 2014161892 1959465 263601 800
0b000801 0b000401 10002 100 17988411 2008252365 7870428 1508150 461
0b000b01 0b000801 10002 100 1655014 2015840568 287724 138760 894
0b000501 0b000101 10005 100 57272 2016118802 19401 4804 906
0b000501 0b000001 10005 100 296166 2016086780 69778 24833 904
0b000c01 0b000e01 10005 100 814844 2016101813 70910 68317 905
0b000e01 0b000301 10004 100 75229 2016165303 13498 6310 910
0b000d01 0b000101 10004 100 2702372 2013729238 2508288 226569 775
0b000501 0b000b01 10003 100 948145 2015069419 1169621 79495 853
0b000301 0b000901 10004 100 183830 2016177783 70215 15412 911
0b000e01 0b000101 10004 100 835517 2016142394 151800 70051 909
0b000a01 0b000e01 10004 100 643474 2016187096 148808 53950 912
0b000101 0b000f01 10008 100 213436 2016257255 100871 17896 919
0b000101 0b000301 10000 100 83816 2016327860 40947 7027 926
0b000801 0b000501 10004 100 847319 2016251168 127824 71041 918
0b000401 0b000101 10003 100 678792 2016230438 149332 56910 916
0b000501 0b000301 10002 100 343882 2016313580 74876 28831 923
0b000501 0b000701 10002 100 8131959 2015226831 1166651 681783 858
0b000001 0b000e01 10006 100 96967 2016377470 37358 8129 927
0b000501 0b000d01 10001 100 759 2016415599 141 64 928
0b000f01 0b000a01 10002 100 889394 2016251078 173944 74569 917
0b000301 0b000b01 10003 100 14127345 2008310402 8121713 1184439 465
0b000d01 0b000401 10004 100 832283 2016316109 136220 69781 924
0b000101 0b000001 10002 100 955420 2016187207 291694 80104 913
0b000d01 0b000001 10003 100 223061 2016434161 44425 18705 930
0b000701 0b000901 10004 100 23704 2016479900 3283 1988 933
0b000901 0b000101 10001 100 8632757 2012127141 4362856 723771 685
0b000901 0b000801 10003 100 74294 2016476472 18322 6231 932
0b000001 0b000501 10004 100 3287405 2013751218 2762104 275618 778
0b000601 0b000301 10002 100 51806 2016572736 6605 4344 936
0b000b01 0b000001 10004 100 221711 2016569228 56569 18589 935
0b000b01 0b000001 10005 100 24962 2016638608 4969 2092 941
0b000501 0b000f01 10000 100 808849 2016563880 138661 67814 934
0b000901 0b000701 10002 100 300605 2016627079 89232 25204 939
0b000301 0b000e01 10001 100 565984 2016633328 87301 47452 940
0b000401 0b000b01 10004 100 372063 2016645442 100352 31197 942
0b000901 0b000f01 10001 100 9294884 2013124423 3694944 779283 748
0b000d01 0b000701 10003 100 331129 2016713167 133221 27765 946
0b000c01 0b000e01 10006 100 654694 2016767619 108173 54890 948
0b000a01 0b000901 10004 100 253026 2016856494 34928 21217 953
0b000601 0b000001 10002 100 524482 2016742996 144462 43974 947
0b000d01 0b000801 10003 100 4469006 2016324063 606071 374685 925
0b000001 0b000301 10002 100 360287 2016890070 58321 30209 954
0b000201 0b000901 10005 100 779126 2016774303 173502 65325 949
0b000501 0b000601 10004 100 65751 2016969111 7393 5513 959
0b000a01 0b000b01 10003 100 825209 2016911061 88900 69188 955
0b000601 0b000801 10004 100 1597016 2015678358 1325501 133897 881
0b000b01 0b000301 10005 100 245831 2016945369 65294 20611 958
0b000101 0b000f01 10007 100 994136 2015821492 1213689 83351 893
0b000101 0b000701 10003 100 606901 2017009241 120120 50882 962
0b000f01 0b000301 10004 100 75979 2017130825 25572 6370 967
0b000c01 0b000a01 10002 100 600052 2017003911 161639 50312 961
0b000201 0b000801 10002 100 651813 2017101511 93714 54648 965
0b000101 0b000a01 10002 100 54809 2017146739 49249 4595 968
0b000001 0b000701 10003 100 199263 2017151635 47681 16709 969
0b000b01 0b000101 10004 100 8603187 2011577246 5625231 721294 648
0b000b01 0b000201 10004 100 310277 2017156856 46127 26016 970
0b000a01 0b000301 10003 100 282257 2017200819 57548 23667 972
0b000701 0b000201 10004 100 125992 2017213941 102425 10563 973
0b000b01 0b000601 10005 100 602520 2017219517 101710 50517 974
0b000401 0b000a01 10001 100 46904 2017335195 4236 3932 977
0b000d01 0b000601 10002 100 237532 2017324481 26815 19916 976
0b000a01 0b000201 10001 100 2074856 2015992752 1394688 173956 900
0b000d01 0b000301 10002 100 2102448 2016656683 751441 176271 943
0b000701 0b000f01 10001 100 241845 2017258460 187173 20276 975
0b000e01 0b000701 10004 100 1607034 2017105221 353806 134737 966
0b000b01 0b000201 10005 100 248956 2017442126 42183 20872 981
0b000b01 0b000601 10006 100 166891 2017497216 28083 13992 986
0b000c01 0b000401 10004 100 789122 2017363018 175627 66163 979
0b000701 0b000201 10003 100 525321 2017161467 383276 44045 971
0b000701 0b000301 10004 100 1620985 2015811649 1736189 135903 892
0b000001 0b000e01 10007 100 294239 2017540401 50062 24671 989
0b000c01 0b000201 10005 100 16385 2017602601 11706 1376 991
0b000e01 0b000c01 10004 100 1413941 2016444906 1184360 118545 931
0b000e01 0b000901 10004 100 1268 2017651202 314 109 995
0b000701 0b000b01 10002 100 106610 2017610627 53615 8939 992
0b000701 0b000601 10002 100 1768883 2015936619 1779561 148303 897
0b000b01 0b000d01 10002 100 478402 2017631683 107395 40111 994
0b000401 0b000301 10004 100 270372 2017703454 63029 22670 1000
0b000801 0b000501 10005 100 516307 2017701080 75944 43289 999
0b000601 0b000901 10003 100 7734476 2014371038 3447801 648460 807
0b000401 0b000701 10003 100 821622 2017685478 145837 68886 998
0b000601 0b000b01 10004 100 826001 2017675630 154018 69255 997
0b000301 0b000f01 10004 100 7020037 2011960626 5872816 588563 670
0b000a01 0b000201 10002 100 27451 2017821194 29588 2303 1006
0b000301 0b000b01 10007 100 183120 2017852953 20575 15356 1009
0b000601 0b000701 10003 100 467801 2017743610 154556 39221 1003
0b000501 0b000001 10006 100 222680 2017891919 23970 18670 1012
0b000801 0b000e01 10004 100 334086 2017817608 110689 28013 1005
0b000501 0b000c01 10002 100 24741792 2005735286 12203554 2074352 329
0b000801 0b000401 10004 100 302328 2017826970 133868 25349 1007
0b000b01 0b000301 10006 100 282980 2017942446 45538 23725 1015
0b000e01 0b000c01 10005 100 283052 2017957791 37965 23734 1016
0b000e01 0b000301 10003 100 7118490 2015747519 2245789 596816 886
0b000901 0b000d01 10002 100 163567 2017988117 55961 13715 1018
0b000801 0b000d01 10004 100 828415 2017886263 157975 69456 1011
0b000601 0b000501 10003 100 484495 2017968295 100048 40622 1017
0b000901 0b000e01 10003 100 574487 2017830542 235555 48166 1008
0b000a01 0b000b01 10004 100 775495 2018026684 70386 65019 1022
0b000701 0b000c01 10003 100 3991043 2015713261 2412467 334612 883
0b000901 0b000301 10003 100 35212 2018123727 3393 2955 1025
0b000701 0b000501 10006 100 3117286 2016777283 1379481 261356 951
0b000701 0b000501 10007 100 1693371 2017727003 487419 141974 1002
0b000201 0b000101 10002 100 3300543 2017931084 286922 276719 1014
0b000401 0b000a01 10002 100 165437 2018094145 143581 13872 1024
0b000001 0b000a01 10004 100 879459 2018013305 238492 73735 1021
0b000e01 0b000701 10003 100 2191324 2017029758 1223309 183723 963
0b000a01 0b000f01 10005 100 361820 2018213466 43699 30335 1029
0b000201 0b000801 10003 100 320939 2018275535 70583 26907 1034
0b000c01 0b000a01 10003 100 520484 2018154228 196172 43639 1026
0b000b01 0b000c01 10001 100 505896 2018255267 125072 42414 1033
0b000101 0b000801 10005 100 871189 2018005603 383307 73043 1020
0b000601 0b000a01 10003 100 391218 2018318863 88480 32802 1037
0b000801 0b000501 10006 100 431562 2018355269 80870 36183 1038
0b000401 0b000f01 10003 100 4127346 2014559430 3896765 346039 819
0b000901 0b000001 10001 100 200261 2018406338 65066 16792 1040
0b000a01 0b000401 10003 100 234854 2018477604 23486 19690 1043
0b000201 0b000401 10003 100 336574 2018490533 39386 28220 1044
0b000d01 0b000101 10007 100 25203 2018535008 4457 2116 1047
0b000901 0b000201 10005 100 9232 2018550466 1892 776 1048
0b000201 0b000701 10002 100 11681 2018584161 1911 980 1051
0b000301 0b000c01 10003 100 54352 2018571914 35861 4559 1049
0b000001 0b000201 10000 100 267720 2018611643 22829 22446 1054
0b000c01 0b000501 10005 100 834257 2018252213 383502 69946 1032
0b000801 0b000b01 10003 100 861179 2018526426 124848 72204 1046
0b000e01 0b000501 10003 100 544299 2018585176 82098 45636 1052
0b000a01 0b000901 10006 100 155892 2018688184 26168 13070 1062
0b000101 0b000801 10006 100 69094 2018718895 22934 5796 1063
0b000801 0b000c01 10003 100 656695 2018618045 124064 55058 1055
0b000c01 0b000801 10006 100 595605 2018408371 341703 49937 1041
0b000e01 0b000c01 10006 100 648434 2018654721 128136 54366 1058
0b000901 0b000401 10004 100 809676 2018683230 112241 67884 1060
0b000701 0b000c01 10004 100 90565 2018796441 11467 7594 1068
0b000801 0b000b01 10004 100 211766 2018782573 33768 17755 1065
0b000401 0b000b01 10005 100 178309 2018789813 29475 14952 1067
0b000e01 0b000301 10005 100 907466 2018663907 170606 76084 1059
0b000c01 0b000301 10003 100 252120 2018610239 224965 21141 1053
0b000f01 0b000a01 10003 100 3739845 2016711503 2131636 313549 945
0b000201 0b000601 10002 100 11579 2018863510 1241 972 1075
0b000101 0b000501 10009 100 9612875 2016119886 2745211 805943 907
0b000a01 0b000301 10004 100 3102135 2017485762 1405132 260086 984
0b000e01 0b000201 10001 100 899918 2018826661 78333 75449 1070
0b000f01 0b000d01 10007 100 406939 2018836621 79621 34118 1072
0b000a01 0b000901 10007 100 542957 2018780328 165310 45521 1064
0b000201 0b000801 10004 100 150993 2018926106 16778 12659 1077
0b000001 0b000901 10003 100 781622 2018788303 155475 65532 1066
0b000c01 0b000a01 10005 100 265756 2018858090 101114 22281 1074
0b000d01 0b000c01 10001 100 912140 2018832730 134708 76477 1071
0b000401 0b000001 10005 100 3610674 2017914589 1087874 302720 1013
0b000b01 0b000c01 10002 100 531131 2018888338 123478 44533 1076
0b000f01 0b000501 10005 100 315975 2018931961 80349 26491 1078
0b000301 0b000401 10006 100 910514 2017989099 1077785 76339 1019
0b000101 0b000c01 10007 100 9414049 2014421607 4662210 789277 810
0b000201 0b000601 10003 100 208553 2019089761 25411 17486 1087
0b000c01 0b000f01 10006 100 709845 2018841907 314222 59514 1073
0b000201 0b000f01 10006 100 257239 2019029997 122015 21569 1083
0b000e01 0b000801 10004 100 24956 2019118412 34025 2092 1090
0b000201 0b000101 10003 100 176101 2019150581 15175 14767 1093
0b000301 0b000701 10005 100 365982 2019119710 45341 30684 1091
0b000c01 0b000301 10004 100 86033 2019124768 44759 7216 1092
0b000301 0b000801 10004 100 968245 2019043819 132775 81180 1084
0b000b01 0b000701 10002 100 34403 2019196775 4020 2886 1097
0b000401 0b000801 10004 100 904792 2019067662 138687 75858 1085
0b000601 0b000901 10005 100 185708 2019157052 62417 15570 1095
0b000601 0b000901 10004 100 6909291 2016931238 2301783 579277 956
0b000e01 0b000901 10005 100 868899 2019112939 130964 72848 1089
0b000e01 0b000901 10003 100 964302 2017617003 1656177 80849 993
0b000f01 0b000201 10004 100 796784 2019072582 215924 66803 1086
0b000201 0b000d01 10003 100 915964 2019174250 137493 76794 1096
0b000201 0b000501 10003 100 53710 2019308935 4781 4504 1106
0b000c01 0b000201 10006 100 722217 2019103682 227519 60553 1088
0b000801 0b000101 10003 100 959186 2019274114 123535 80421 1100
0b000001 0b000301 10003 100 335346 2019416858 29201 28117 1114
0b000701 0b000001 10003 100 873548 2019304874 157277 73240 1105
0b000301 0b000c01 10004 100 800919 2019369784 124711 67149 1112
0b000401 0b000e01 10001 100 279457 2019336329 159305 23431 1107
0b000d01 0b000c01 10002 100 641709 2019368840 156768 53802 1111
0b000a01 0b000901 10005 100 984929 2018234466 1305292 82576 1031
0b000b01 0b000501 10003 100 449904 2019441619 97779 37720 1117
0b000b01 0b000501 10004 100 464149 2019453753 86635 38917 1118
0b000901 0b000501 10002 100 18247 2019534351 13234 1532 1123
0b000a01 0b000c01 10006 100 36030 2019478850 90030 3024 1120
0b000d01 0b000a01 10001 100 5727115 2017511738 2080500 480164 987
0b000101 0b000801 10007 100 711523 2019489407 117690 59655 1121
0b000301 0b000201 10006 100 959116 2019459025 159068 80415 1119
0b000a01 0b000601 10008 100 418616 2019420780 209664 35098 1115
0b000a01 0b000701 10001 100 3675285 2017712527 1927235 308138 1001
0b000701 0b000901 10002 100 24038108 2010812383 8862813 2015358 613
0b000a01 0b000201 10003 100 841449 2019353324 350664 70549 1110
0b000101 0b000e01 10005 100 249203 2019650899 58980 20896 1128
0b000f01 0b000b01 10002 100 617985 2019287234 444601 51811 1103
0b000001 0b000d01 10003 100 747354 2019579774 171529 62660 1127
0b000201 0b000101 10004 100 583586 2019656008 123445 48929 1129
0b000201 0b000601 10001 100 1360164 2018448380 1379381 114039 1042
0b000a01 0b000e01 10006 100 436701 2019750310 111267 36614 1133
0b000e01 0b000801 10003 100 717526 2018684778 1244423 60159 1061
0b000201 0b000701 10001 100 1654401 2018579670 1361075 138707 1050
0b000501 0b000c01 10006 100 414352 2019898239 42581 34741 1139
0b000e01 0b000101 10005 100 775753 2019429054 531549 65040 1116
0b000e01 0b000001 10000 100 516255 2019776251 205103 43285 1134
0b000601 0b000301 10003 100 563135 2019907444 94950 47216 1140
0b000c01 0b000501 10004 100 1973961 2018162932 1872717 165497 1027
0b000701 0b000c01 10005 100 620393 2019946691 94260 52016 1144
0b000901 0b000301 10004 100 883355 2019934956 132676 74062 1142
0b000601 0b000c01 10002 100 284660 2020039844 30749 23867 1147
0b000401 0b000301 10005 100 256375 2020069635 78662 21496 1148
0b000301 0b000f01 10005 100 807159 2020089748 154357 67675 1149
0b000901 0b000701 10003 100 2121657 2019537306 711475 177881 1124
0b000c01 0b000501 10007 100 9917 2020263989 3233 831 1157
0b000501 0b000101 10006 100 559011 2020193234 81283 46871 1152
0b000f01 0b000001 10001 100 128395 2020274091 21020 10766 1159
0b000c01 0b000501 10006 100 389956 2020208529 94820 32694 1153
0b000b01 0b000101 10006 100 618948 2020227838 123010 51892 1154
0b000a01 0b000601 10007 100 540104 2019238466 1122194 45285 1099
0b000401 0b000601 10003 100 3896283 2019845345 521206 326667 1137
0b000001 0b000f01 10004 100 1986071 2019525578 894172 166515 1122
0b000201 0b000f01 10007 100 563838 2020268092 165239 47272 1158
0b000d01 0b000301 10003 100 857293 2020336755 120115 71878 1160
0b000301 0b000b01 10008 100 29711 2020455259 4818 2492 1166
0b000901 0b000e01 10002 100 5703003 2016577634 3886506 478143 937
0b000701 0b000101 10006 100 248242 2020350527 119361 20815 1162
0b000701 0b000901 10005 100 4900135 2018526368 1960696 410830 1045
0b000d01 0b000f01 10004 100 729871 2020436130 84097 61192 1164
0b000701 0b000e01 10003 100 955967 2019279151 1251915 80148 1101
0b000101 0b000e01 10004 100 7635994 2016690668 3879876 640201 944
0b000b01 0b000401 10005 100 913876 2019566660 1024840 76619 1126
0b000901 0b000501 10003 100 279734 2020513959 94843 23453 1171
0b000301 0b000c01 10005 100 960891 2020475810 138437 80561 1168
0b000901 0b000201 10006 100 413265 2020507675 120796 34650 1170
0b000e01 0b000201 10002 100 3007182 2019299510 1361606 252125 1104
0b000d01 0b000601 10003 100 879774 2020642121 98512 73761 1181
0b000601 0b000401 10001 100 9906385 2018811980 1934939 830553 1069
0b000601 0b000e01 10003 100 112857 2020776224 34149 9462 1190
0b000e01 0b000501 10004 100 1035017 2020651319 170288 86779 1182
0b000701 0b000a01 10000 100 728185 2020673018 183193 61054 1184
0b000b01 0b000801 10003 100 893046 2020750817 113534 74876 1188
0b000101 0b000c01 10008 100 1002909 2020712367 178901 84084 1185
0b000601 0b000d01 10002 100 590133 2020781355 159152 49480 1191
0b000001 0b000501 10006 100 940626 2020152066 792641 78863 1151
0b000e01 0b000c01 10007 100 1069133 2020871758 111214 89639 1193
0b000a01 0b000901 10008 100 136393 2020977172 12776 11437 1201
0b000901 0b000d01 10003 100 434754 2020669535 320200 36450 1183
0b000301 0b000d01 10002 100 735114 2019713514 1278230 61635 1132
0b000901 0b000c01 10002 100 20968331 2012364020 8683774 1757987 700
0b000401 0b000e01 10002 100 276154 2020972054 85534 23156 1200
0b000401 0b000c01 10000 100 5514 2021067203 1475 464 1210
0b000501 0b000b01 10004 100 467114 2021007915 69914 39166 1203
0b000d01 0b000601 10004 100 207494 2021063761 38141 17398 1209
0b000b01 0b000401 10006 100 706006 2020933995 183749 59195 1197
0b000b01 0b000e01 10006 100 796699 2020930234 195705 66796 1196
0b000601 0b000501 10004 100 643136 2021030108 107641 53923 1205
0b000801 0b000d01 10005 100 35372 2021140251 3691 2968 1212
0b000501 0b000201 10001 100 72115 2021167150 7693 6049 1213
0b000e01 0b000a01 10002 100 423968 2021115202 70254 35545 1211
0b000c01 0b000401 10006 100 1742220 2020557172 636834 146070 1175
0b000f01 0b000501 10006 100 856687 2021011539 276220 71825 1204
0b000f01 0b000d01 10008 100 896845 2021030516 282452 75192 1206
0b000601 0b000f01 10002 100 830928 2020119299 1202155 69665 1150
0b000e01 0b000501 10005 100 932837 2021227403 140890 78209 1215
0b000f01 0b000601 10006 100 45971 2021367351 10600 3854 1222
0b000b01 0b000701 10003 100 87496 2021347426 69062 7337 1220
0b000101 0b000701 10005 100 993480 2021201989 219964 83295 1214
0b000701 0b000b01 10004 100 173563 2021428279 66731 14553 1223
0b000e01 0b000201 10003 100 191968 2021469166 32344 16094 1226
0b000401 0b000c01 10001 100 30900 2021499868 31449 2591 1230
0b000b01 0b000401 10007 100 2018701 2021308816 289208 169249 1217
0b000301 0b000601 10002 100 516940 2021472526 128934 43340 1227
0b000701 0b000f01 10002 100 903585 2021356678 282570 75758 1221
0b000701 0b000301 10005 100 711913 2021446217 251170 59687 1225
0b000301 0b000801 10005 100 514236 2021649159 55731 43116 1234
0b000a01 0b000c01 10007 100 833931 2020527200 1209077 69917 1173
0b000401 0b000d01 10004 100 102185 2021713957 35076 8570 1236
0b000301 0b000201 10007 100 946 2021753987 6 79 1239
0b000c01 0b000b01 10001 100 152595 2021718342 86706 12795 1237
0b000101 0b000d01 10003 100 50073 2021773837 31218 4201 1242
0b000701 0b000c01 10006 100 1723598 2020486126 1358841 144508 1169
0b000e01 0b000d01 10004 100 3187831 2021584616 283250 267268 1232
0b000901 0b000601 10003 100 378306 2020545643 1320770 31719 1174
0b000001 0b000401 10000 100 4475 2021882134 826 377 1247
0b000601 0b000a01 10004 100 389428 2021843265 44496 32651 1246
0b000f01 0b000501 10007 100 3412290 2021636073 346473 286089 1233
0b000201 0b000101 10005 100 49462 2022002694 4955 4148 1253
0b000401 0b000801 10005 100 284839 2021923906 106497 23881 1249
0b000b01 0b000201 10006 100 1355882 2021841020 241739 113677 1245
0b000001 0b000f01 10003 100 4770561 2018932066 3164347 399965 1079
0b000401 0b000601 10004 100 678430 2021900512 223862 56881 1248
0b000101 0b000601 10007 100 288754 2022069151 96524 24210 1256
0b000801 0b000601 10002 100 1686642 2021811188 389954 141409 1244
0b000101 0b000701 10004 100 4735356 2020257486 1958133 397014 1156
0b000701 0b000b01 10005 100 801428 2022025086 191940 67193 1254
0b000901 0b000a01 10001 100 974996 2022176960 108719 81743 1262
0b000201 0b000b01 10000 100 286789 2022251307 106813 24045 1266
0b000401 0b000501 10002 100 955885 2022054827 333539 80141 1255
0b000e01 0b000d01 10005 100 43580 2022399591 5162 3655 1271
0b000c01 0b000e01 10007 100 129606 2022363492 72786 10867 1270
0b000801 0b000b01 10005 100 1568354 2021247425 1214885 131493 1216
0b000801 0b000a01 10002 100 3384673 2021559294 935800 283772 1231
0b000d01 0b000c01 10003 100 439754 2022461106 73742 36869 1274
0b000501 0b000601 10005 100 817061 2021478364 1061590 68506 1228
0b000d01 0b000001 10004 100 2196470 2020940996 1622612 184154 1198
0b000801 0b000201 10003 100 78214 2022557944 22940 6560 1283
0b000101 0b000b01 10003 100 20836167 2013696169 8912223 1746907 772
0b000901 0b000e01 10004 100 910137 2022491474 163729 76309 1278
0b000801 0b000001 10006 100 920909 2022521332 138202 77209 1281
0b000f01 0b000d01 10009 100 921880 2022549167 115204 77290 1282
0b000701 0b000901 10006 100 391327 2022600902 86385 32811 1285
0b000d01 0b000201 10002 100 83910 2022718985 51182 7035 1295
0b000c01 0b000901 10002 100 919276 2022241526 538652 77074 1263
0b000e01 0b000601 10002 100 815418 2022676162 108807 68366 1292
0b000601 0b000801 10005 100 1131569 2022508178 287805 94872 1279
0b000401 0b000601 10005 100 2402774 2022140686 713853 201449 1261
0b000b01 0b000701 10004 100 108 2022857372 1339 12 1300
0b000601 0b000f01 10003 100 839969 2021764289 1107741 70423 1240
0b000001 0b000501 10007 100 43406 2022816622 75397 3641 1297
0b000b01 0b000001 10006 100 287771 2022879132 35281 24127 1302
0b000001 0b000801 10003 100 3218388 2021964391 959149 269832 1251
0b000101 0b000f01 10010 100 1314022 2022708761 230850 110171 1294
0b000c01 0b000f01 10005 100 14400709 2016992081 5961998 1207356 960
0b000001 0b000f01 10005 100 703147 2022678024 274514 58955 1293
0b000801 0b000701 10001 100 611016 2022852755 116035 51231 1299
0b000401 0b000901 10003 100 201623 2022919517 52849 16905 1303
0b000801 0b000c01 10004 100 493553 2022863196 117241 41381 1301
0b000201 0b000701 10003 100 764541 2022946271 100741 64100 1304
0b000801 0b000401 10005 100 582229 2022947701 101794 48817 1305
0b000301 0b000001 10005 100 681383 2022996495 78313 57129 1307
0b000901 0b000c01 10004 100 275166 2023008787 87521 23073 1308
0b000501 0b000801 10004 100 50816 2023141265 5090 4261 1314
0b000001 0b000d01 10004 100 273807 2023098510 73874 22956 1313
0b000e01 0b000501 10006 100 57691 2023173594 7743 4838 1321
0b000101 0b000501 10010 100 145729 2023245789 16670 12218 1324
0b000801 0b000001 10005 100 13861638 2016775116 6556358 1162161 950
0b000301 0b000d01 10003 100 295089 2023340629 31486 24743 1330
0b000601 0b000401 10002 100 50780 2023374605 13090 4258 1331
0b000501 0b000101 10007 100 579055 2023185777 211938 48551 1323
0b000601 0b000701 10004 100 8910903 2020979289 2469637 747090 1202
0b000901 0b000701 10004 100 467824 2023392274 56493 39223 1332
0b000201 0b000501 10004 100 824532 2023402057 88185 69130 1333
0b000501 0b000801 10005 100 937067 2023340119 177032 78567 1329
0b000a01 0b000f01 10006 100 948253 2022748577 792126 79504 1296
0b000f01 0b000a01 10005 100 1683496 2022427958 1166930 141146 1273
0b000501 0b000001 10007 100 52405 2023597177 22775 4395 1348
0b000a01 0b000601 10009 100 2577598 2021480033 2153381 216107 1229
0b000701 0b000a01 10001 100 567576 2022643212 1009395 47587 1287
0b000e01 0b000d01 10006 100 447542 2023623429 46145 37523 1351
0b000d01 0b000901 10002 100 530516 2023588939 77041 44480 1346
0b000901 0b000401 10005 100 529565 2023615051 85300 44400 1350
0b000701 0b000401 10002 100 242361 2023576686 128807 20322 1345
0b000501 0b000d01 10002 100 82632 2023702412 26526 6929 1353
0b000d01 0b000901 10003 100 59224 2023608191 121608 4968 1349
0b000f01 0b000a01 10004 100 1484970 2022247310 1485107 124500 1265
0b000401 0b000001 10006 100 933113 2023493769 243245 78235 1340
0b000701 0b000001 10005 100 439218 2023568932 184769 36827 1344
0b000701 0b000401 10001 100 996214 2023502296 260113 83525 1341
0b000101 0b000001 10003 100 31336 2023783582 10976 2629 1358
0b000a01 0b000e01 10005 100 4612797 2019350970 4463946 386737 1109
0b000a01 0b000901 10009 100 8167 2023869890 7992 687 1362
0b000301 0b000c01 10006 100 1821654 2020569068 3329112 152728 1177
0b000601 0b000901 10006 100 530297 2023782162 204178 44462 1357
0b000801 0b000101 10004 100 2706367 2021966747 2027205 226904 1252
0b000e01 0b000c01 10008 100 407251 2023945281 62411 34146 1365
0b000101 0b000f01 10009 100 1996734 2022512433 1567659 167407 1280
0b000a01 0b000601 10010 100 914829 2023267451 823502 76699 1326
0b000501 0b000701 10003 100 81665 2024085740 13695 6848 1373
0b000001 0b000c01 10004 100 8488487 2022085848 2018151 711676 1257
0b000401 0b000301 10006 100 33855 2024103635 11278 2838 1375
0b000501 0b000901 10004 100 222465 2024081740 42266 18653 1372
0b000e01 0b000d01 10007 100 270332 2024109381 29185 22667 1376
0b000a01 0b000d01 10004 100 6325307 2020737084 3446233 530316 1187
0b000601 0b000101 10000 100 330843 2024031964 164746 27738 1369
0b000a01 0b000501 10003 100 871732 2023444362 767085 73087 1337
0b000801 0b000301 10005 100 3134605 2022664719 1551521 262806 1291
0b000a01 0b000701 10002 100 845082 2023484741 734342 70855 1339
0b000201 0b000c01 10003 100 949530 2024029544 211004 79610 1368
0b000301 0b000c01 10007 100 826473 2023143102 1146282 69293 1315
0b000001 0b000a01 10005 100 265896 2024216887 74366 22293 1384
0b000601 0b000801 10006 100 899233 2023850396 441478 75394 1361
0b000301 0b000b01 10009 100 153422 2024247560 47366 12865 1388
0b000f01 0b000c01 10002 100 826931 2024020125 284345 69330 1367
0b000801 0b000401 10006 100 858465 2024224586 86487 71975 1386
0b000401 0b000201 10001 100 449277 2024215857 113148 37670 1383
0b000601 0b000f01 10005 100 277378 2024182971 149622 23257 1379
0b000001 0b000501 10008 100 745003 2024202609 130848 62464 1382
0b000c01 0b000a01 10006 100 939725 2024198940 167362 78787 1381
0b000301 0b000c01 10008 100 95819 2024332015 35663 8034 1396
0b000801 0b000a01 10003 100 627115 2024317421 82941 52580 1395
0b000e01 0b000601 10003 100 870518 2024299162 98335 72986 1394
0b000601 0b000801 10007 100 214465 2024283088 122542 17982 1391
0b000901 0b000101 10004 100 696169 2024288732 188165 58370 1393
0b000901 0b000801 10004 100 800951 2024286081 208525 67151 1392
0b000f01 0b000401 10002 100 959206 2023299731 1242056 80422 1327
0b000301 0b000d01 10004 100 974844 2024276250 265797 81731 1390
0b000001 0b000f01 10006 100 58541 2024556822 12431 4909 1401
0b000601 0b000d01 10003 100 1853527 2023031088 1547671 155401 1309
0b000301 0b000901 10006 100 1708231 2024134012 450082 143221 1377
0b000f01 0b000901 10004 100 902185 2024428519 169338 75642 1399
0b000a01 0b000c01 10009 100 862022 2024169794 469090 72275 1378
0b000f01 0b000401 10003 100 831404 2023410023 1237337 69707 1335
0b000a01 0b000f01 10007 100 122669 2024570009 88966 10285 1402
0b000401 0b000201 10000 100 7933445 2021771266 2894204 665142 1241
0b000d01 0b000e01 10004 100 23757682 2017571960 7107583 1991845 990
0b000201 0b000401 10004 100 210431 2024618940 62995 17644 1405
0b000201 0b000a01 10008 100 99154 2024643251 59927 8316 1410
0b000901 0b000101 10005 100 761892 2024538519 180364 63877 1400
0b000401 0b000e01 10003 100 853699 2024584370 188737 71575 1403
0b000b01 0b000f01 10004 100 866632 2024707551 138203 72659 1412
0b000601 0b000f01 10004 100 1730365 2024089199 768629 145076 1374
0b000601 0b000201 10004 100 4444816 2022471869 2396515 372654 1276
0b000a01 0b000001 10000 100 3360198 2022628641 2256403 281722 1286
0b000601 0b000501 10005 100 4762774 2023543784 1348883 399311 1342
0b000201 0b000401 10005 100 313490 2024850761 44835 26284 1418
0b000301 0b000801 10006 100 64163 2024892224 14061 5382 1421
0b000601 0b000801 10008 100 69850 2024888060 18639 5856 1420
0b000d01 0b000701 10004 100 248730 2024854378 62314 20854 1419
0b000e01 0b000901 10006 100 133407 2024836689 89681 11187 1417
0b000e01 0b000b01 10002 100 2728131 2022099540 2863833 228729 1259
0b000001 0b000e01 10008 100 4736427 2022417406 2554687 397104 1272
0b000901 0b000201 10007 100 4983703 2022661089 2342708 417834 1290
0b000001 0b000601 10002 100 850662 2024953811 88891 71320 1422
0b000501 0b000001 10008 100 85970 2024985817 66238 7207 1423
0b000f01 0b000101 10004 100 979004 2024816872 253886 82083 1416
0b000d01 0b000b01 10005 100 126079 2025092814 13836 10574 1426
0b000201 0b000a01 10007 100 4847492 2021442385 3729117 406415 1224
0b000a01 0b000e01 10007 100 847238 2024610288 573728 71035 1404
0b000c01 0b000a01 10007 100 690055 2025048953 154715 57857 1424
0b000801 0b000501 10007 100 1500821 2025071286 189433 125829 1425
0b000e01 0b000c01 10009 100 101135 2025254170 20249 8482 1435
0b000f01 0b000001 10000 100 5284759 2019711682 5561838 443075 1131
0b000a01 0b000201 10005 100 661631 2024811548 477045 55472 1414
0b000301 0b000201 10008 100 13610 2025289604 4661 1142 1436
0b000201 0b000101 10006 100 452146 2025252199 54272 37911 1434
0b000901 0b000301 10005 100 901515 2025135082 170541 75584 1428
0b000301 0b000801 10007 100 723627 2025153103 185202 60670 1429
0b000901 0b000301 10006 100 215843 2025251717 93122 18096 1433
0b000401 0b000e01 10004 100 893657 2025243818 111569 74925 1432
0b000a01 0b000501 10005 100 278760 2025174176 182350 23372 1430
0b000301 0b000401 10007 100 54438 2025402058 17285 4566 1441
0b000301 0b000a01 10003 100 65807 2025397234 29100 5518 1440
0b000801 0b000401 10007 100 586443 2025377074 93580 49169 1438
0b000001 0b000801 10004 100 232846 2025454503 25799 19522 1445
0b000b01 0b000301 10007 100 414143 2025407559 115304 34725 1442
0b000a01 0b000201 10004 100 1939621 2023148894 2403472 162619 1316
0b000801 0b000001 10007 100 203734 2025530090 61556 17082 1451
0b000d01 0b000801 10005 100 946639 2025475924 141093 79367 1446
0b000e01 0b000b01 10003 100 4559393 2023178582 2439539 382261 1322
0b000601 0b000b01 10005 100 597521 2025514829 117745 50098 1449
0b000a01 0b000001 10001 100 681199 2024222377 1412451 57114 1385
0b000701 0b000001 10004 100 12283624 2020347982 5369257 1029860 1161
0b000301 0b000901 10007 100 215424 2025655564 70825 18063 1454
0b000201 0b000f01 10008 100 2336880 2024427229 1325771 195924 1398
0b000901 0b000a01 10002 100 83629 2025742906 24826 7012 1457
0b000d01 0b000601 10005 100 624454 2025711659 59547 52356 1455
0b000601 0b000d01 10004 100 8361426 2024630682 1160196 701024 1407
0b000501 0b000801 10006 100 1226827 2024632060 1217382 102857 1408
0b000001 0b000501 10009 100 381549 2025788455 62411 31990 1458
0b000301 0b000901 10005 100 11402472 2022470022 3388913 955985 1275
0b000a01 0b000501 10004 100 2459054 2024421380 1457044 206170 1397
0b000601 0b000801 10009 100 483320 2025810611 71184 40524 1461
0b000901 0b000e01 10005 100 534247 2025797128 97075 44794 1460
0b000b01 0b000501 10005 100 78780 2025909684 9597 6605 1465
0b000301 0b000f01 10006 100 56894 2025913311 7388 4770 1466
0b000101 0b000301 10001 100 840571 2025854457 110240 70475 1463
0b000801 0b000b01 10006 100 1037668 2025883853 112365 86999 1464
0b000701 0b000b01 10003 100 17414002 2020009268 5983502 1459993 1146
0b000301 0b000001 10006 100 209638 2026006278 30617 17577 1471
0b000a01 0b000f01 10008 100 555190 2025789242 283186 46550 1459
0b000f01 0b000e01 10001 100 2940876 2025725686 351062 246563 1456
0b000101 0b000e01 10006 100 342296 2026093389 40733 28700 1477
0b000201 0b000501 10005 100 45243 2026132829 6478 3796 1480
0b000001 0b000601 10003 100 70636 2026143761 29655 5923 1481
0b000f01 0b000901 10005 100 852034 2026035628 155283 71438 1474
0b000f01 0b000b01 10003 100 224441 2026171565 44418 18819 1483
0b000501 0b000201 10002 100 49023 2026208802 56616 4113 1485
0b000b01 0b000a01 10002 100 79668 2026284865 11085 6680 1486
0b000a01 0b000c01 10010 100 1801191 2025428054 920094 151014 1444
0b000a01 0b000401 10004 100 55769 2026331648 51894 4676 1488
0b000c01 0b000501 10009 100 855047 2026016708 408906 71690 1472
0b000801 0b000a01 10004 100 952267 2026351914 136632 79840 1490
0b000c01 0b000a01 10008 100 945928 2026042463 455670 79306 1476
0b000501 0b000101 10008 100 4155540 2023557771 2940991 348402 1343
0b000e01 0b000901 10007 100 855345 2025486954 1072042 71714 1448
0b000401 0b000701 10004 100 4758979 2026104528 464991 398992 1478
0b000101 0b000301 10002 100 246142 2026557056 27965 20639 1497
0b000f01 0b000901 10006 100 295156 2026487416 106935 24749 1494
0b000401 0b000301 10008 100 229276 2026567749 27479 19225 1498
0b000f01 0b000401 10004 100 838080 2026485801 138259 70268 1492
0b000e01 0b000401 10004 100 92749 2026542678 81518 7777 1496
0b000d01 0b000e01 10005 100 272990 2026568077 71681 22887 1499
0b000d01 0b000901 10004 100 2272211 2025382313 1256350 190505 1439
0b000a01 0b000101 10002 100 3832790 2022594841 4071001 321341 1284
0b000d01 0b000f01 10005 100 916812 2026485914 189649 76866 1493
0b000c01 0b000501 10008 100 2536512 2025949851 731884 212663 1469
0b000701 0b000f01 10003 100 497910 2026671316 42814 41745 1505
0b000a01 0b000201 10006 100 18141 2026689591 27580 1524 1507
0b000601 0b000a01 10005 100 51246 2026718031 6268 4299 1509
0b000701 0b000501 10008 100 287584 2026735874 24658 24112 1512
0b000e01 0b000301 10006 100 415025 2026708806 49036 34799 1508
0b000001 0b000c01 10005 100 1437856 2026490297 277546 120550 1495
0b000501 0b000101 10010 100 961373 2026628992 156988 80603 1503
0b000401 0b000101 10004 100 13033186 2020853769 5932466 1092705 1192
0b000d01 0b000f01 10006 100 476175 2026744025 79107 39925 1513
0b000d01 0b000101 10008 100 270627 2026762723 71186 22690 1514
0b000e01 0b000601 10004 100 147919 2026876699 33435 12401 1517
0b000d01 0b000901 10005 100 156992 2026912618 20830 13162 1521
0b000601 0b000f01 10006 100 43473 2026931487 3872 3646 1523
0b000f01 0b000801 10003 100 950408 2026878071 150856 79684 1518
0b000f01 0b000701 10003 100 277541 2027036172 58513 23270 1529
0b000201 0b000901 10006 100 2153473 2026723325 377949 180549 1511
0b000801 0b000701 10002 100 453155 2026901211 211927 37995 1520
0b000c01 0b000801 10007 100 311773 2027101276 51789 26139 1533
0b000301 0b000601 10003 100 483010 2027106190 53694 40499 1534
0b000801 0b000d01 10007 100 1414809 2026837326 375114 118618 1516
0b000501 0b000b01 10005 100 928018 2027003104 249056 77808 1527
0b000901 0b000c01 10005 100 8734761 2023846133 3408740 732323 1360
0b000401 0b000301 10009 100 731889 2027191865 94800 61362 1537
0b000501 0b000601 10006 100 940986 2027050808 252775 78892 1531
0b000e01 0b000b01 10004 100 267376 2027255829 55580 22419 1539
0b000101 0b000b01 10006 100 406747 2027267326 49639 34102 1540
0b000a01 0b000701 10003 100 871492 2027044827 296592 73067 1530
0b000f01 0b000001 10002 100 5825151 2023172767 4260645 488383 1320
0b000401 0b000201 10002 100 654615 2027375167 83728 54884 1544
0b000701 0b000b01 10006 100 127800 2027490391 37720 10715 1554
0b000601 0b000f01 10008 100 686368 2027455078 116432 57547 1549
0b000401 0b000d01 10005 100 78421 2027562162 18111 6577 1559
0b000901 0b000301 10007 100 996232 2027357846 222458 83527 1541
0b000d01 0b000701 10005 100 870692 2026350417 1291440 73000 1489
0b000f01 0b000101 10003 100 4265506 2023747580 3905018 357621 1355
0b000301 0b000601 10004 100 539645 2027469387 184728 45245 1550
0b000a01 0b000c01 10011 100 61686 2027636349 31959 5172 1568
0b000d01 0b000b01 10006 100 875319 2026433415 1240276 73389 1491
0b000801 0b000b01 10007 100 236886 2027577378 100478 19860 1560
0b000801 0b000101 10005 100 495038 2027513903 189695 41507 1557
0b000801 0b000d01 10008 100 625372 2027504843 229822 52433 1555
0b000201 0b000001 10001 100 794822 2027608008 148070 66638 1565
0b000b01 0b000a01 10001 100 8542593 2025610325 2174744 716212 1453
0b000601 0b000401 10003 100 201528 2027788795 22049 16897 1579
0b000b01 0b000901 10003 100 1118992 2027607045 205247 93816 1564
0b000801 0b000601 10003 100 454024 2027699617 128971 38069 1572
0b000401 0b000901 10004 100 527101 2027738543 92336 44195 1574
0b000e01 0b000801 10005 100 78853 2027826802 12566 6611 1585
0b000901 0b000d01 10004 100 538876 2027729588 110293 45179 1573
0b000201 0b000b01 10001 100 873479 2027793345 106665 73234 1581
0b000301 0b000501 10006 100 568022 2027792256 110244 47626 1580
0b000d01 0b000001 10006 100 210604 2027803220 151832 17658 1582
0b000401 0b000601 10006 100 819578 2027863532 103023 68715 1589
0b000001 0b000601 10004 100 527337 2027819662 190446 44214 1584
0b000701 0b000801 10003 100 206683 2028006098 59460 17329 1595
0b000d01 0b000f01 10007 100 5137573 2027001976 1072804 430735 1526
0b000801 0b000301 10007 100 4867 2028011183 78906 408 1597
0b000801 0b000d01 10006 100 4472836 2026200988 1891219 375003 1484
0b000301 0b000f01 10007 100 89147 2028092092 21631 7477 1600
0b000d01 0b000001 10005 100 5418181 2024812601 3305211 454263 1415
0b000401 0b000201 10003 100 1466560 2027913480 237332 122958 1591
0b000f01 0b000601 10007 100 839876 2028009829 188547 70415 1596
0b000e01 0b000f01 10003 100 5471 2028211236 1687 460 1607
0b000a01 0b000801 10010 100 51434 2028247028 6836 4314 1609
0b000401 0b000001 10007 100 131523 2028182428 78528 11028 1604
0b000301 0b000901 10008 100 168418 2028205231 59776 14122 1605
0b000a01 0b000201 10007 100 6224 2028288251 1256 524 1613
0b000c01 0b000e01 10008 100 974649 2027754096 553413 81715 1576
0b000601 0b000301 10004 100 874106 2027981829 331303 73288 1594
0b000501 0b000901 10005 100 791218 2028210265 111189 66338 1606
0b000701 0b000201 10005 100 353827 2028263448 64441 29665 1611
0b000c01 0b000201 10007 100 1381319 2027553455 782007 115812 1558
0b000401 0b000701 10005 100 78796 2028332465 7512 6607 1617
0b000101 0b000a01 10003 100 713256 2028175130 176130 59802 1603
0b000001 0b000801 10005 100 8446189 2025985175 2386808 708131 1470
0b000c01 0b000901 10001 100 11001533 2017864213 10526823 922370 1010
0b000901 0b000101 10003 100 7810665 2023170174 5258590 654847 1319
0b000201 0b000e01 10000 100 537756 2028391184 63741 45086 1621
0b000901 0b000801 10005 100 438125 2028335457 134743 36735 1619
0b000f01 0b000401 10007 100 753699 2028279137 214645 63191 1612
0b000101 0b000c01 10010 100 961029 2028426023 101921 80576 1623
0b000e01 0b000501 10007 100 336852 2028438845 91703 28242 1625
0b000901 0b000401 10006 100 388004 2028418795 112079 32534 1622
0b000c01 0b000101 10003 100 2936604 2026037172 2494776 246206 1475
0b000d01 0b000801 10006 100 145582 2028503582 34441 12207 1629
0b000901 0b000801 10006 100 605416 2028379827 163496 50760 1620
0b000a01 0b000f01 10010 100 350875 2028498740 55891 29417 1628
0b000401 0b000001 10008 100 52718 2028548482 8998 4420 1632
0b000001 0b000a01 10006 100 402093 2028485474 89538 33714 1626
0b000901 0b000a01 10003 100 917694 2028290766 299556 76940 1614
0b000e01 0b000d01 10009 100 164877 2028569477 65485 13823 1633
0b000701 0b000401 10003 100 166331 2028680034 38290 13947 1639
0b000401 0b000301 10007 100 5482022 2025940215 2774222 459616 1468
0b000c01 0b000a01 10009 100 929099 2028256963 464498 77899 1610
0b000701 0b000901 10007 100 1078269 2028620420 118969 90404 1636
0b000201 0b000c01 10004 100 2335216 2027398583 1449430 195787 1546
0b000901 0b000801 10007 100 933902 2028778608 97839 78298 1643
0b000201 0b000301 10001 100 3542806 2027410043 1466744 297029 1547
0b000f01 0b000001 10003 100 696484 2027674166 1243553 58395 1570
0b000101 0b000401 10002 100 223682 2028881023 50345 18754 1646
0b000301 0b000f01 10008 100 34575 2028903800 36425 2900 1647
0b000501 0b000701 10004 100 94306 2028953007 11117 7909 1650
0b000f01 0b000901 10007 100 303866 2028775097 198335 25476 1641
0b000a01 0b000f01 10009 100 808905 2026957904 2015599 67818 1524
0b000b01 0b000301 10008 100 1654820 2028777006 210539 138740 1642
0b000101 0b000c01 10009 100 1464826 2027749618 1252642 122811 1575
0b000c01 0b000e01 10009 100 790441 2028765134 242764 66272 1640
0b000e01 0b000f01 10004 100 992019 2028586155 461675 83174 1634
0b000501 0b000101 10009 100 6122638 2023778998 5318105 513323 1356
0b000a01 0b000b01 10005 100 322189 2029052392 55562 27015 1653
0b000b01 0b000601 10007 100 1169722 2026919411 2203288 98070 1522
0b000d01 0b000f01 10008 100 46056 2029171942 10289 3864 1661
0b000c01 0b000401 10005 100 9830033 2019801751 9381094 824153 1136
0b000c01 0b000b01 10002 100 224495 2029106509 83679 18823 1656
0b000801 0b000301 10006 100 783002 2027916309 1279320 65650 1592
0b000f01 0b000c01 10003 100 1122545 2027668126 1534959 94115 1569
0b000a01 0b000101 10003 100 4024030 2027698379 1510668 337378 1571
0b000d01 0b000801 10007 100 946914 2029143654 112419 79389 1659
0b000b01 0b000c01 10003 100 201194 2029205394 64041 16871 1663
0b000801 0b000e01 10005 100 423076 2029238939 76282 35474 1666
0b000b01 0b000701 10005 100 318748 2029229087 107953 26724 1664
0b000801 0b000401 10008 100 154609 2029329104 20000 12963 1670
0b000e01 0b000d01 10010 100 49065 2029336782 24729 4117 1672
0b000001 0b000401 10001 100 290617 2029320423 126444 24366 1669
0b000601 0b000201 10005 100 1370678 2028112773 1366136 114918 1601
0b000901 0b000701 10006 100 602915 2029414390 120983 50548 1675
0b000901 0b000f01 10003 100 1190272 2029482327 152526 99795 1678
0b000401 0b000a01 10003 100 912960 2029506420 165817 76542 1680
0b000d01 0b000801 10004 100 9384283 2018633300 11039332 786781 1056
0b000501 0b000301 10003 100 948733 2029610368 111651 79542 1683
0b000201 0b000901 10007 100 893547 2029455707 271105 74916 1676
0b000701 0b000201 10006 100 861530 2029690533 135406 72232 1686
0b000d01 0b000801 10008 100 116652 2029890024 21649 9781 1690
0b000c01 0b000401 10007 100 487973 2029827840 85601 40911 1688
0b000701 0b000201 10007 100 246452 2029875618 46288 20664 1689
0b000b01 0b000501 10006 100 861496 2028948565 1170101 72229 1649
0b000a01 0b000301 10005 100 2726683 2029707066 425502 228606 1687
0b000f01 0b000301 10005 100 1599906 2029549198 598038 134136 1681
0b000d01 0b000001 10007 100 2913120 2028495668 1653848 244239 1627
0b000801 0b000601 10004 100 604863 2028999546 1212099 50712 1651
0b000901 0b000f01 10002 100 976377 2028942733 1294961 81861 1648
0b000b01 0b000001 10003 100 29118473 2015947158 14304805 2441294 899
0b000e01 0b000f01 10005 100 1393526 2029460220 796846 116835 1677
0b000501 0b000701 10005 100 687419 2029334509 957330 57635 1671
0b000101 0b000f01 10011 100 4668675 2028037294 2358535 391422 1599
0b000701 0b000c01 10007 100 5800171 2027627159 2782297 486289 1566
0b000301 0b000c01 10009 100 1419567 2029117858 1294271 119018 1657
0b000501 0b000f01 10001 100 4456273 2028592125 1830401 373616 1635
0b000f01 0b000201 10005 100 991520 2029309260 1402043 83130 1668
0b000201 0b000b01 10002 100 9326956 2028430175 2300521 781972 1624
0b000f01 0b000401 10005 100 9291204 2027505870 3302984 778977 1556
0b000d01 0b000b01 10007 100 1442837 2029296274 1523377 120968 1667
0b000401 0b000601 10007 100 5562542 2029096417 1786494 466365 1655
0b000501 0b000001 10009 100 3297334 2029495160 1437082 276451 1679
0b000901 0b000701 10005 100 4639237 2029232885 1705368 388956 1665
0b000801 0b000b01 10008 100 9067067 2028791718 2198309 760186 1644
0b000c01 0b000301 10005 100 9060577 2026153539 4912720 759640 1482
0b000101 0b000a01 10004 100 5344036 2029180569 2023306 448047 1662
0b000701 0b000601 10003 100 9669285 2029137624 2401035 810675 1658
0b000201 0b000401 10006 100 8422599 2028623162 3093630 706152 1638
0b000f01 0b000101 10005 100 3075918 2029393199 2332851 257885 1674
0b000e01 0b000201 10004 100 3463350 2029892836 1990726 290369 1691
0b000801 0b000f01 10001 100 7548717 2027779248 4162964 632885 1577
0b000901 0b000001 10002 100 6893382 2027844809 4547133 577943 1587
0b000f01 0b000001 10004 100 5542173 2029018752 3603992 464658 1652
0b000001 0b000901 10004 100 9124089 2027827160 4880215 764967 1586
0b000e01 0b000a01 10003 100 20768932 2023327662 9990530 1741267 1328
0b000c01 0b000101 10004 100 7247602 2029673977 3696909 607640 1685
0b000601 0b000301 10005 100 12251084 2029371035 4223016 1027134 1673
0b000a01 0b000c01 10008 100 29039355 2022263381 11456683 2434662 1267
0b000901 0b000501 10004 100 28619788 2027086173 6709480 2399483 1532
0b000501 0b000e01 10001 100 19805464 2026892233 7251517 1660492 1519
0b000601 0b000d01 10005 100 17569075 2027816814 6344652 1472994 1583
0b000e01 0b000d01 10008 100 19851831 2028139186 6275871 1664378 1602
0b000a01 0b000d01 10003 100 26561701 2017778728 16651784 2226934 1004
0b000e01 0b000a01 10004 100 16319769 2027594533 7615942 1368250 1562
0b000f01 0b000401 10006 100 22042307 2027912935 9783126 1848029 1590
0b000e01 0b000001 10001 100 25834818 2025237893 12528825 2165991 1431
0b000601 0b000f01 10007 100 23148784 2027371292 11181086 1940794 1543
0b000601 0b000a01 10006 100 25843369 2027852650 11841245 2166710 1588
0b000c01 0b000a01 10004 100 20057222 2018651340 26194757 1681600 1057
Average intra_dc ratio: 5.366412365929969
