1692 
8 4 3 100 16723160 2.000016361
2 9 3 100 1692677 2.000045481
8 13 3 100 25695 2.000055268
10 15 3 100 598174 2.000062320
12 14 3 100 1537649 2.000083864
14 7 3 100 736451 2.000104555
11 6 3 100 325252 2.000106030
9 2 3 100 90071 2.000154401
15 27 3 100 580305 2.000164981
4 0 3 100 99836 2.000198647
14 13 3 100 202067 2.000205510
4 9 3 100 378547 2.000216853
11 21 3 100 390288 2.000227654
13 12 3 100 863521 2.000234333
15 5 3 100 920055 2.000234474
10 1 3 100 90419 2.000260015
11 15 3 100 273100 2.000275685
13 21 3 100 828530 2.000288908
3 14 3 100 888536 2.000291678
1 5 3 100 376879 2.000344856
11 13 3 100 574585 2.000347568
5 1 3 100 970227 2.000357924
0 10 3 100 806391 2.000365248
9 13 3 100 4519652 2.000366760
10 5 3 100 258594 2.000438472
15 21 3 100 204711 2.000439950
10 6 3 100 995016 2.000481211
14 5 3 100 72216 2.000483445
5 7 3 100 481174 2.000499809
8 4 3 100 414072 2.000513759
3 2 3 100 1749064 2.000517727
1 12 3 100 29135 2.000546269
7 1 3 100 4960825 2.000577006
8 9 3 100 4245338 2.000600165
11 14 3 100 973875 2.000604710
3 10 3 100 4194423 2.000617903
2 0 3 100 969448 2.000624132
11 15 3 100 6554032 2.000627064
5 10 3 100 224377 2.000650985
15 11 3 100 3383089 2.000671583
3 5 3 100 844986 2.000689741
7 19 3 100 58510 2.000709644
12 14 3 100 444911 2.000744035
0 8 3 100 3295062 2.000746303
10 6 3 100 997677 2.000777086
6 15 3 100 356724 2.000787112
10 7 3 100 1258125 2.000811680
8 16 3 100 402742 2.000819718
0 29 3 100 9069450 2.000828880
6 8 3 100 824976 2.000840504
0 12 3 100 826275 2.000872484
12 13 3 100 1154178 2.000913378
10 23 3 100 697171 2.000914332
15 21 3 100 19012669 2.000931763
14 13 3 100 20233978 2.000937404
8 24 3 100 941660 2.000986317
6 11 3 100 962246 2.001001514
13 5 3 100 1506949 2.001005546
1 6 3 100 7698051 2.001010330
0 14 3 100 4465600 2.001038948
5 8 3 100 644643 2.001087509
15 1 3 100 1517215 2.001123516
15 6 3 100 877936 2.001157125
8 0 3 100 56846 2.001192393
9 2 3 100 936307 2.001194071
11 1 3 100 354407 2.001198278
0 15 3 100 78709 2.001201016
4 31 3 100 873065 2.001201977
0 24 3 100 2750 2.001203525
1 4 3 100 861909 2.001205416
10 29 3 100 1612448 2.001230394
13 5 3 100 52034 2.001256635
8 14 3 100 4517612 2.001261975
15 8 3 100 732921 2.001268404
6 12 3 100 337391 2.001276753
5 9 3 100 190096 2.001291174
10 9 3 100 797730 2.001315179
11 5 3 100 2142085 2.001315436
14 7 3 100 974707 2.001388465
3 5 3 100 425716 2.001418921
11 23 3 100 6661151 2.001437538
1 17 3 100 177166 2.001449110
14 1 3 100 4692404 2.001453532
1 15 3 100 928872 2.001457468
8 9 3 100 622594 2.001480985
8 13 3 100 1961376 2.001483364
1 14 3 100 1214783 2.001485560
8 6 3 100 905389 2.001500297
5 4 3 100 293284 2.001511195
9 23 3 100 4270288 2.001513467
5 0 3 100 820711 2.001562005
3 8 3 100 22456256 2.001577370
3 12 3 100 3355211 2.001624559
7 5 3 100 1806400 2.001628520
10 6 3 100 69338 2.001648162
15 6 3 100 929634 2.001650531
3 8 3 100 508685 2.001652211
10 6 3 100 934248 2.001657231
13 5 3 100 830756 2.001657948
8 11 3 100 3730923 2.001682189
15 13 3 100 5399882 2.001721173
11 14 3 100 2375036 2.001779496
8 12 3 100 673916 2.001793930
1 5 3 100 959185 2.001818738
5 8 3 100 894815 2.001840954
2 13 3 100 339768 2.001857910
0 15 3 100 2084769 2.001859994
0 14 3 100 19104995 2.001869450
4 11 3 100 607666 2.001923188
8 13 3 100 674201 2.001932715
14 8 3 100 826615 2.001952655
9 2 3 100 861080 2.002010850
9 6 3 100 392491 2.002016790
14 11 3 100 2181895 2.002040632
7 17 3 100 976897 2.002056319
9 2 3 100 346707 2.002123791
0 11 3 100 4764074 2.002133146
6 30 3 100 5618472 2.002165342
13 14 3 100 4849474 2.002172898
13 6 3 100 2201030 2.002186516
13 15 3 100 590370 2.002266921
11 2 3 100 139296 2.002288881
4 13 3 100 51729 2.002300981
11 0 3 100 811962 2.002305772
6 9 3 100 3239230 2.002315967
11 14 3 100 831943 2.002338459
2 4 3 100 823528 2.002423039
6 9 3 100 826595 2.002424561
1 5 3 100 1598919 2.002436040
3 15 3 100 33538 2.002437934
12 14 3 100 75411 2.002474448
15 5 3 100 950899 2.002500446
10 13 3 100 1484352 2.002538965
0 8 3 100 152941 2.002559939
0 12 3 100 267721 2.002571079
14 25 3 100 899689 2.002600717
2 10 3 100 318580 2.002674309
4 23 3 100 287165 2.002690485
14 6 3 100 124342 2.002705416
2 20 3 100 201670 2.002722217
13 8 3 100 972708 2.002731020
1 8 3 100 473001 2.002734203
1 11 3 100 7431503 2.002737576
3 4 3 100 395810 2.002742445
14 3 3 100 252194 2.002744499
8 3 3 100 885430 2.002773173
13 21 3 100 987111 2.002810107
9 2 3 100 913091 2.002824984
4 21 3 100 4924429 2.002897555
1 6 3 100 257110 2.002917740
8 11 3 100 891566 2.002942133
4 23 3 100 12352795 2.002944857
8 2 3 100 73952 2.002962115
10 6 3 100 942118 2.002993532
4 8 3 100 338948 2.003016994
0 14 3 100 392680 2.003024197
14 4 3 100 208016 2.003024903
6 8 3 100 499980 2.003042051
2 9 3 100 244431 2.003042347
13 11 3 100 196380 2.003044929
1 10 3 100 967703 2.003047220
6 5 3 100 540316 2.003054863
11 23 3 100 231074 2.003107591
15 18 3 100 1229 2.003113972
7 1 3 100 858901 2.003157528
7 2 3 100 26797 2.003174145
0 1 3 100 825149 2.003174959
5 12 3 100 210690 2.003191068
1 13 3 100 7968403 2.003227488
13 4 3 100 940679 2.003233140
2 10 3 100 120551 2.003249278
14 15 3 100 953925 2.003254570
10 14 3 100 9850399 2.003260640
0 20 3 100 95569 2.003262727
4 5 3 100 9937562 2.003276225
1 11 3 100 541922 2.003288896
0 11 3 100 3756017 2.003296528
7 29 3 100 964880 2.003299839
2 10 3 100 6350833 2.003331439
2 10 3 100 19044 2.003342476
0 11 3 100 13033 2.003363016
0 7 3 100 4541992 2.003371270
1 7 3 100 532264 2.003373702
13 1 3 100 330891 2.003373727
5 10 3 100 44316 2.003375306
0 10 3 100 584070 2.003408256
3 4 3 100 10324979 2.003418943
9 6 3 100 556532 2.003426732
13 2 3 100 773351 2.003430134
13 3 3 100 245427 2.003526587
13 4 3 100 683451 2.003527130
7 3 3 100 117 2.003536896
6 7 3 100 293294 2.003541184
12 23 3 100 163289 2.003564043
3 4 3 100 60920 2.003578467
4 19 3 100 801764 2.003586749
5 11 3 100 236126 2.003594339
9 11 3 100 355150 2.003602321
7 5 3 100 65651 2.003628755
14 29 3 100 87545 2.003644673
4 3 3 100 4287832 2.003660227
3 5 3 100 406054 2.003669016
5 6 3 100 47676 2.003671427
3 7 3 100 2338894 2.003672683
12 7 3 100 901767 2.003697270
8 5 3 100 2416642 2.003699449
6 5 3 100 24523 2.003706415
13 15 3 100 597171 2.003723720
15 6 3 100 1546379 2.003734313
4 0 3 100 423725 2.003763119
12 15 3 100 175461 2.003765626
10 8 3 100 3130695 2.003806343
9 7 3 100 914226 2.003828726
10 14 3 100 7965 2.003831196
7 5 3 100 973673 2.003852426
10 21 3 100 1890047 2.003860498
2 4 3 100 321707 2.003871197
10 8 3 100 705465 2.003881330
1 2 3 100 6423157 2.003895302
14 13 3 100 785414 2.003905821
13 25 3 100 2549016 2.003916276
8 1 3 100 2292945 2.003926452
1 20 3 100 5658974 2.003960162
1 8 3 100 587097 2.003960335
1 10 3 100 480997 2.003971629
0 13 3 100 74855 2.004003229
8 0 3 100 1389725 2.004019261
12 13 3 100 901864 2.004023749
8 3 3 100 4541125 2.004028522
13 5 3 100 1461971 2.004045539
14 12 3 100 723007 2.004048196
13 3 3 100 60600 2.004070498
1 12 3 100 919890 2.004071946
9 3 3 100 838005 2.004099863
2 5 3 100 1182425 2.004147483
10 13 3 100 58117 2.004163140
2 13 3 100 5656484 2.004181183
7 14 3 100 205511 2.004201350
1 8 3 100 421233 2.004217282
7 0 3 100 6171332 2.004218942
7 20 3 100 754970 2.004275101
1 14 3 100 2357850 2.004280102
4 3 3 100 93861 2.004303599
1 5 3 100 3698609 2.004315370
6 19 3 100 474244 2.004319876
8 10 3 100 618035 2.004338316
7 4 3 100 3258378 2.004406452
10 9 3 100 984363 2.004423149
0 1 3 100 61163 2.004434295
10 3 3 100 737827 2.004435967
15 11 3 100 71767 2.004465009
11 14 3 100 1892945 2.004465888
14 23 3 100 14368495 2.004517366
12 1 3 100 28165530 2.004517715
10 15 3 100 1956005 2.004522329
3 10 3 100 8824874 2.004534713
6 7 3 100 1474034 2.004552506
12 8 3 100 81768 2.004586736
11 13 3 100 27609 2.004601364
4 16 3 100 40894 2.004601809
14 9 3 100 102309 2.004676222
12 15 3 100 137615 2.004686433
11 3 3 100 94069 2.004698615
13 7 3 100 58595 2.004716829
10 12 3 100 981608 2.004736247
11 22 3 100 826128 2.004743090
14 9 3 100 1390929 2.004756333
0 8 3 100 868525 2.004758048
7 2 3 100 99153 2.004771963
2 8 3 100 977522 2.004790319
7 1 3 100 6639717 2.004790854
15 9 3 100 224917 2.004800629
2 15 3 100 1604059 2.004829957
12 30 3 100 916317 2.004843154
11 2 3 100 620631 2.004858702
4 7 3 100 4987973 2.004859232
5 12 3 100 191364 2.004884742
5 11 3 100 734613 2.004887326
0 11 3 100 2744337 2.004907963
5 2 3 100 408185 2.004950012
6 25 3 100 68736 2.004955238
15 12 3 100 1560368 2.004982257
14 12 3 100 25257546 2.005002776
4 24 3 100 5009679 2.005037912
10 2 3 100 210357 2.005060983
15 25 3 100 604540 2.005090343
6 5 3 100 915847 2.005096116
5 3 3 100 86272 2.005107917
14 1 3 100 876993 2.005121845
1 11 3 100 298381 2.005165681
3 10 3 100 492419 2.005171233
11 6 3 100 225577 2.005175329
1 15 3 100 886787 2.005191896
12 9 3 100 409194 2.005193946
15 13 3 100 264023 2.005196369
8 5 3 100 958126 2.005203006
7 31 3 100 177334 2.005237833
6 15 3 100 4297162 2.005242516
0 6 3 100 924665 2.005255780
3 4 3 100 45330 2.005277788
10 8 3 100 312227 2.005282874
7 1 3 100 768999 2.005288029
2 7 3 100 320067 2.005308589
9 8 3 100 656999 2.005323731
3 11 3 100 838792 2.005328439
13 22 3 100 285528 2.005333614
7 3 3 100 618273 2.005342042
1 4 3 100 289371 2.005356243
2 15 3 100 3622790 2.005367965
8 0 3 100 1199838 2.005385783
9 5 3 100 208195 2.005422129
1 2 3 100 1892008 2.005444101
1 12 3 100 2400189 2.005446445
14 4 3 100 10183326 2.005517053
11 9 3 100 741185 2.005519309
4 21 3 100 541278 2.005538460
6 8 3 100 1833531 2.005547179
15 8 3 100 820417 2.005562069
7 5 3 100 3270285 2.005577584
0 5 3 100 492364 2.005589066
6 27 3 100 830306 2.005640502
13 11 3 100 80896 2.005643684
0 12 3 100 932296 2.005644389
10 12 3 100 114411 2.005650897
11 3 3 100 246493 2.005658316
12 15 3 100 549956 2.005661670
1 2 3 100 81496 2.005664375
11 1 3 100 1563048 2.005709358
11 0 3 100 36283 2.005724655
5 12 3 100 24741792 2.005735287
0 6 3 100 1821235 2.005745889
3 7 3 100 2387720 2.005765053
14 10 3 100 79663 2.005818994
3 27 3 100 879579 2.005830789
6 3 3 100 98960 2.005834727
3 0 3 100 710710 2.005875704
12 8 3 100 2462996 2.005912095
6 25 3 100 713601 2.005931329
10 5 3 100 13903128 2.005945756
7 6 3 100 593368 2.005949738
13 9 3 100 21467 2.005972015
15 5 3 100 1574043 2.006002478
0 25 3 100 1445560 2.006032271
1 7 3 100 894013 2.006050721
12 3 3 100 1095471 2.006065447
1 6 3 100 6792590 2.006170165
14 8 3 100 691073 2.006173082
7 12 3 100 14224 2.006174324
11 30 3 100 618792 2.006212026
4 3 3 100 2260510 2.006212402
0 5 3 100 59972 2.006230294
5 0 3 100 253376 2.006246851
1 2 3 100 24011 2.006261314
0 10 3 100 924563 2.006283058
3 5 3 100 2079409 2.006286693
10 12 3 100 526427 2.006312354
2 20 3 100 833542 2.006317031
8 9 3 100 4107098 2.006359075
0 7 3 100 20423051 2.006382064
1 12 3 100 286282 2.006407050
3 12 3 100 22933 2.006409170
12 4 3 100 942784 2.006451650
6 10 3 100 40201 2.006466961
2 9 3 100 4740252 2.006499372
12 14 3 100 822212 2.006518204
3 8 3 100 299360 2.006527037
6 14 3 100 341756 2.006532961
13 30 3 100 1925256 2.006533807
10 12 3 100 927898 2.006564862
9 30 3 100 392912 2.006567406
2 9 3 100 387409 2.006588678
6 10 3 100 1203858 2.006594617
14 3 3 100 47842 2.006600769
8 3 3 100 652506 2.006611110
14 1 3 100 406094 2.006647013
3 0 3 100 104600 2.006651256
13 31 3 100 283014 2.006670287
6 11 3 100 306531 2.006729939
4 1 3 100 85991 2.006762839
8 10 3 100 9811976 2.006787674
11 9 3 100 7247755 2.006798620
0 1 3 100 373985 2.006805734
4 24 3 100 3103685 2.006809493
13 0 3 100 15345366 2.006811315
1 14 3 100 452309 2.006814374
7 2 3 100 57333 2.006855019
6 9 3 100 7963652 2.006856911
11 23 3 100 474556 2.006880154
5 8 3 100 193013 2.006911337
1 8 3 100 1895019 2.006970107
10 8 3 100 44409 2.006976134
13 1 3 100 841358 2.007051681
4 13 3 100 941894 2.007064289
13 8 3 100 1792516 2.007074202
6 11 3 100 331958 2.007105252
3 15 3 100 692727 2.007114369
3 2 3 100 6855107 2.007137270
14 3 3 100 982364 2.007139784
3 1 3 100 259054 2.007149332
7 18 3 100 898747 2.007158241
15 29 3 100 2641554 2.007162728
3 0 3 100 599446 2.007167624
13 1 3 100 796799 2.007174497
11 24 3 100 21438112 2.007235503
12 5 3 100 6097968 2.007243123
8 2 3 100 280820 2.007265945
14 10 3 100 19533 2.007280400
0 15 3 100 9795083 2.007286925
5 29 3 100 655925 2.007292570
12 13 3 100 32194 2.007331784
13 8 3 100 925438 2.007333615
12 31 3 100 1035594 2.007378944
3 12 3 100 218087 2.007407853
8 14 3 100 440613 2.007412081
7 0 3 100 5047822 2.007479784
3 11 3 100 958270 2.007513454
3 11 3 100 237289 2.007522073
14 26 3 100 6848784 2.007529395
11 14 3 100 424788 2.007530899
1 2 3 100 1404790 2.007562261
9 7 3 100 266757 2.007579446
14 9 3 100 746973 2.007588694
2 12 3 100 4643384 2.007679966
1 8 3 100 868449 2.007686103
1 13 3 100 16546 2.007716096
14 8 3 100 811599 2.007723161
15 21 3 100 355184 2.007730583
1 6 3 100 4806882 2.007737105
2 12 3 100 781964 2.007745102
4 11 3 100 1264861 2.007746754
3 2 3 100 318649 2.007783671
3 24 3 100 4798934 2.007818087
10 3 3 100 566624 2.007848435
5 7 3 100 106973 2.007902958
0 13 3 100 129360 2.007908229
8 1 3 100 2716791 2.007911919
12 15 3 100 1084038 2.007928918
7 9 3 100 4282325 2.007930200
13 14 3 100 287638 2.007933548
15 5 3 100 6931 2.007954610
3 22 3 100 323444 2.007963697
4 5 3 100 44032 2.008012506
7 12 3 100 117693 2.008031616
6 8 3 100 1558840 2.008033013
15 6 3 100 346500 2.008040731
13 20 3 100 1338612 2.008041204
8 11 3 100 406340 2.008041482
13 11 3 100 1139097 2.008044665
8 5 3 100 738205 2.008046509
0 5 3 100 94598 2.008067537
6 2 3 100 14296 2.008081255
15 3 3 100 510331 2.008103460
8 12 3 100 987804 2.008104388
8 5 3 100 2301716 2.008142532
14 7 3 100 1284446 2.008146657
14 15 3 100 24242 2.008154888
2 13 3 100 868041 2.008158578
6 2 3 100 235860 2.008184269
12 5 3 100 1751985 2.008207236
10 4 3 100 633483 2.008214490
9 8 3 100 851643 2.008216873
8 4 3 100 17988411 2.008252365
2 12 3 100 94706 2.008280528
1 5 3 100 273722 2.008285376
4 6 3 100 1206404 2.008296579
3 11 3 100 14127345 2.008310403
12 8 3 100 3448050 2.008313024
4 11 3 100 894748 2.008320440
4 29 3 100 893599 2.008324326
15 3 3 100 851375 2.008329156
13 1 3 100 945534 2.008353917
4 9 3 100 65540 2.008356816
10 23 3 100 130809 2.008360298
1 12 3 100 189805 2.008364124
11 8 3 100 4326518 2.008373314
1 12 3 100 349724 2.008373697
3 6 3 100 391907 2.008386577
2 26 3 100 233558 2.008390867
7 19 3 100 476563 2.008414158
10 11 3 100 21961158 2.008443297
13 5 3 100 904525 2.008445171
3 28 3 100 9621893 2.008473319
10 6 3 100 130760 2.008515922
14 1 3 100 816734 2.008522683
13 30 3 100 766943 2.008563487
3 29 3 100 63306 2.008566118
9 12 3 100 232877 2.008591907
11 0 3 100 4698434 2.008592501
3 4 3 100 1510854 2.008593853
15 4 3 100 993851 2.008602103
5 8 3 100 950338 2.008615792
15 9 3 100 44203 2.008622136
10 5 3 100 234599 2.008630268
14 5 3 100 100417 2.008644146
15 10 3 100 944435 2.008648363
13 0 3 100 9114701 2.008679561
5 0 3 100 4769882 2.008695787
10 30 3 100 28336 2.008710736
7 6 3 100 90455 2.008745203
6 0 3 100 836200 2.008751474
6 2 3 100 4245328 2.008855582
2 8 3 100 909936 2.008859108
3 2 3 100 334659 2.008863871
8 0 3 100 16797 2.008884445
13 21 3 100 769 2.008922800
0 14 3 100 45205 2.008932763
10 11 3 100 29918 2.008943094
7 9 3 100 1332444 2.008968263
5 6 3 100 419611 2.008972423
15 6 3 100 2328147 2.009015339
7 15 3 100 871135 2.009017126
13 7 3 100 78355 2.009022742
6 22 3 100 716953 2.009034956
10 15 3 100 9459937 2.009046808
10 12 3 100 1343062 2.009070677
15 7 3 100 26526 2.009091430
4 10 3 100 9937656 2.009095080
6 22 3 100 8607852 2.009096488
1 6 3 100 1229184 2.009099801
14 12 3 100 437765 2.009162186
6 13 3 100 1044703 2.009162513
13 20 3 100 152837 2.009177451
9 6 3 100 42464 2.009182709
8 15 3 100 607372 2.009190122
1 12 3 100 272744 2.009196322
4 7 3 100 32582 2.009204250
4 14 3 100 3399894 2.009233563
3 22 3 100 442805 2.009294661
2 17 3 100 98560 2.009312528
5 14 3 100 9612983 2.009318290
5 6 3 100 316783 2.009327451
4 29 3 100 6265928 2.009376084
1 14 3 100 981398 2.009401703
15 2 3 100 155615 2.009408088
7 0 3 100 36653 2.009428193
15 3 3 100 6989201 2.009429314
15 16 3 100 963002 2.009477288
9 4 3 100 141479 2.009536161
3 11 3 100 5895446 2.009544741
15 5 3 100 218820 2.009569769
0 9 3 100 98268 2.009664257
5 1 3 100 2033374 2.009700493
13 25 3 100 1100575 2.009734146
2 3 3 100 15062 2.009776322
2 10 3 100 942642 2.009786748
11 6 3 100 10708 2.009791433
15 29 3 100 226199 2.009794182
11 3 3 100 237208 2.009808374
8 12 3 100 996693 2.009810798
5 1 3 100 12433 2.009822393
7 8 3 100 1797171 2.009848008
11 12 3 100 6211487 2.009852919
12 10 3 100 8364929 2.009862923
15 8 3 100 417733 2.009873345
7 5 3 100 260745 2.009886430
15 18 3 100 258832 2.009920377
10 15 3 100 876582 2.009948251
11 8 3 100 649941 2.009978939
3 15 3 100 85213 2.010004645
14 17 3 100 4957244 2.010025989
3 5 3 100 271370 2.010045019
2 10 3 100 122052 2.010052666
9 13 3 100 9679879 2.010074194
15 2 3 100 278634 2.010096784
3 0 3 100 2233 2.010101974
1 13 3 100 475794 2.010121145
5 26 3 100 1146177 2.010122912
5 4 3 100 275838 2.010127175
2 15 3 100 499471 2.010131145
4 8 3 100 864536 2.010132805
14 13 3 100 865039 2.010196904
15 13 3 100 4928571 2.010213316
11 1 3 100 188163 2.010217727
7 14 3 100 802074 2.010223760
8 6 3 100 91558 2.010243918
8 9 3 100 4741739 2.010245537
10 14 3 100 8684 2.010259611
2 1 3 100 931230 2.010279795
4 3 3 100 4795468 2.010280148
3 15 3 100 4464017 2.010290411
3 7 3 100 270147 2.010300174
2 15 3 100 1369483 2.010302774
3 1 3 100 1713415 2.010350690
4 6 3 100 353824 2.010350702
5 6 3 100 4250107 2.010367739
0 9 3 100 1689931 2.010408165
11 6 3 100 614941 2.010417633
10 8 3 100 462070 2.010418057
4 1 3 100 768910 2.010425003
15 10 3 100 833755 2.010446564
0 11 3 100 596409 2.010459524
0 7 3 100 1592759 2.010470643
15 9 3 100 820740 2.010478665
6 13 3 100 12424914 2.010480534
12 5 3 100 39868 2.010496443
11 14 3 100 489980 2.010506636
9 27 3 100 273656 2.010507352
5 4 3 100 1215263 2.010552483
6 10 3 100 961819 2.010553121
4 22 3 100 619423 2.010562416
14 4 3 100 209593 2.010598801
6 4 3 100 897212 2.010606401
11 3 3 100 272768 2.010610194
5 9 3 100 213842 2.010621219
11 4 3 100 3149919 2.010644968
14 12 3 100 5382 2.010645418
0 24 3 100 216237 2.010648795
7 14 3 100 844141 2.010655170
9 12 3 100 866963 2.010675091
13 11 3 100 1934750 2.010683077
13 7 3 100 47154 2.010747672
3 13 3 100 1322689 2.010788629
7 8 3 100 680587 2.010796093
7 9 3 100 24038108 2.010812384
1 16 3 100 442444 2.010822834
9 0 3 100 47029 2.010847097
1 7 3 100 890521 2.010847203
2 5 3 100 750285 2.010847223
15 13 3 100 649060 2.010866199
4 11 3 100 254798 2.010869322
0 12 3 100 531819 2.010890082
3 11 3 100 910903 2.010890519
10 11 3 100 843086 2.010897656
6 16 3 100 6973221 2.010932097
8 3 3 100 655934 2.010948066
13 6 3 100 522051 2.010951676
15 2 3 100 757495 2.010985579
11 2 3 100 206516 2.010994478
11 3 3 100 1653172 2.010999989
4 15 3 100 1419490 2.011098902
15 7 3 100 897141 2.011149911
5 9 3 100 3221928 2.011169754
2 10 3 100 316336 2.011178414
8 1 3 100 154493 2.011314061
12 11 3 100 360187 2.011356057
12 18 3 100 98891 2.011415090
0 11 3 100 3099551 2.011420868
8 7 3 100 789839 2.011430674
9 3 3 100 777132 2.011433440
12 2 3 100 1475927 2.011434846
5 12 3 100 4037482 2.011443505
12 8 3 100 6138638 2.011450184
2 15 3 100 905577 2.011474381
12 4 3 100 510264 2.011503744
12 8 3 100 233837 2.011504251
11 4 3 100 329002 2.011506207
11 1 3 100 445441 2.011540364
8 0 3 100 489880 2.011551145
11 1 3 100 8603187 2.011577247
11 5 3 100 819665 2.011581007
15 14 3 100 920095 2.011609346
0 20 3 100 853411 2.011642083
1 15 3 100 4675244 2.011650587
1 15 3 100 819515 2.011652011
3 31 3 100 1048001 2.011672200
5 18 3 100 1620705 2.011725138
7 11 3 100 961882 2.011775510
15 4 3 100 832884 2.011782548
12 3 3 100 89445 2.011790626
11 1 3 100 880011 2.011809442
1 6 3 100 976408 2.011828758
12 1 3 100 11268 2.011841444
14 24 3 100 109827 2.011841875
15 13 3 100 253263 2.011844678
10 15 3 100 490860 2.011873079
3 20 3 100 1029 2.011887617
8 2 3 100 88144 2.011888717
9 11 3 100 4300710 2.011909960
14 2 3 100 965884 2.011933392
15 24 3 100 27478962 2.011949809
3 15 3 100 7020037 2.011960626
0 3 3 100 967416 2.011980977
2 1 3 100 1913444 2.011984062
7 1 3 100 78940 2.011996022
2 17 3 100 7048524 2.011999128
4 0 3 100 5311962 2.012021435
10 6 3 100 9639507 2.012022164
14 6 3 100 901100 2.012024925
0 14 3 100 764117 2.012028664
9 1 3 100 298000 2.012031402
6 20 3 100 42285 2.012033481
11 7 3 100 71615 2.012035967
12 27 3 100 584753 2.012040112
9 28 3 100 1062028 2.012082982
0 13 3 100 26636 2.012104076
9 1 3 100 8632757 2.012127141
12 2 3 100 31370 2.012130887
11 4 3 100 568314 2.012155046
5 4 3 100 8876827 2.012156369
13 15 3 100 275556 2.012157084
13 2 3 100 943307 2.012170002
0 9 3 100 2814885 2.012171058
13 25 3 100 998128 2.012207885
15 3 3 100 28856 2.012224150
1 6 3 100 920897 2.012227786
10 9 3 100 4059793 2.012240594
0 10 3 100 33619 2.012247983
5 1 3 100 838499 2.012292022
12 2 3 100 505412 2.012342464
12 1 3 100 921918 2.012363061
9 12 3 100 20968331 2.012364020
14 5 3 100 4254317 2.012369820
9 4 3 100 95552 2.012370479
7 17 3 100 884179 2.012372702
5 9 3 100 118836 2.012389710
11 15 3 100 983829 2.012395268
12 4 3 100 1801928 2.012520139
12 8 3 100 286412 2.012568921
1 5 3 100 923020 2.012591472
10 8 3 100 972451 2.012595944
5 0 3 100 255105 2.012603395
3 0 3 100 935598 2.012613468
12 4 3 100 878405 2.012613668
12 10 3 100 64843 2.012613841
7 11 3 100 779592 2.012620375
15 1 3 100 998955 2.012636127
5 0 3 100 1850592 2.012637280
3 2 3 100 1988135 2.012668391
3 30 3 100 18118308 2.012675997
4 15 3 100 294856 2.012688520
11 9 3 100 2594012 2.012702891
15 12 3 100 974859 2.012710250
1 15 3 100 232855 2.012731526
11 7 3 100 809681 2.012754692
10 8 3 100 4729191 2.012796455
12 23 3 100 575823 2.012803368
5 18 3 100 995520 2.012808474
6 3 3 100 964147 2.012823582
13 4 3 100 67800 2.012857815
9 1 3 100 94868 2.012859263
4 13 3 100 199257 2.012867199
11 4 3 100 78512 2.012869605
9 4 3 100 555446 2.012887905
3 2 3 100 845842 2.012896472
5 12 3 100 776776 2.012902231
1 15 3 100 1220793 2.012927128
3 1 3 100 1643626 2.012944549
13 14 3 100 78294 2.012998166
9 15 3 100 15754 2.013016260
11 5 3 100 585101 2.013042097
10 14 3 100 1345728 2.013042659
5 13 3 100 101921 2.013045633
2 9 3 100 289504 2.013051228
3 7 3 100 928187 2.013056417
0 5 3 100 333552 2.013081203
7 12 3 100 298121 2.013088237
1 9 3 100 573175 2.013109035
9 8 3 100 833166 2.013112000
9 15 3 100 9294884 2.013124424
13 10 3 100 167549 2.013139440
9 23 3 100 227794 2.013224574
6 22 3 100 1604164 2.013244022
11 4 3 100 3047629 2.013244100
10 8 3 100 1838077 2.013261763
2 15 3 100 475507 2.013277764
6 0 3 100 1912069 2.013277896
3 6 3 100 909731 2.013337681
1 0 3 100 822081 2.013352638
10 1 3 100 814093 2.013359607
6 30 3 100 644039 2.013368115
7 3 3 100 5888183 2.013377632
1 0 3 100 86520 2.013424558
11 6 3 100 8440193 2.013436942
1 5 3 100 505207 2.013520221
9 14 3 100 482039 2.013521635
15 20 3 100 2857956 2.013649983
3 4 3 100 754334 2.013671746
9 14 3 100 794270 2.013685285
2 28 3 100 958776 2.013690853
12 5 3 100 203986 2.013691473
12 14 3 100 1127063 2.013694575
3 9 3 100 972622 2.013695550
1 11 3 100 20836167 2.013696169
4 0 3 100 71877 2.013707774
8 13 3 100 882887 2.013724183
13 1 3 100 2702372 2.013729239
4 8 3 100 825657 2.013731086
5 1 3 100 628657 2.013738952
0 5 3 100 3287405 2.013751219
0 5 3 100 908640 2.013771513
4 9 3 100 307356 2.013781749
10 8 3 100 16550 2.013786623
6 31 3 100 421844 2.013810895
4 13 3 100 143463 2.013831138
15 6 3 100 7913242 2.013866722
13 23 3 100 1592050 2.013881639
15 13 3 100 906613 2.013889705
11 2 3 100 261551 2.013905966
7 1 3 100 326898 2.013997690
1 22 3 100 941251 2.014001023
3 11 3 100 1466337 2.014030154
0 31 3 100 1411167 2.014033392
1 5 3 100 791933 2.014053238
5 16 3 100 126053 2.014079663
2 4 3 100 128869 2.014079944
14 4 3 100 1301660 2.014130250
6 2 3 100 2868402 2.014132350
13 1 3 100 901374 2.014132670
6 7 3 100 8079 2.014135236
6 18 3 100 6540 2.014146121
1 11 3 100 3144053 2.014161892
4 7 3 100 507656 2.014206027
3 9 3 100 17703 2.014235245
7 3 3 100 1026666 2.014245355
9 5 3 100 364111 2.014304723
14 26 3 100 7090537 2.014310554
15 13 3 100 201406 2.014363819
6 9 3 100 7734476 2.014371039
6 12 3 100 927162 2.014396249
14 11 3 100 385 2.014399964
1 12 3 100 9414049 2.014421607
10 3 3 100 339463 2.014423983
6 14 3 100 435506 2.014433035
1 9 3 100 928058 2.014453670
4 15 3 100 919896 2.014469085
1 5 3 100 3626328 2.014471186
15 7 3 100 44906 2.014499346
11 10 3 100 298236 2.014518641
12 17 3 100 4593851 2.014538836
4 15 3 100 4127346 2.014559431
12 3 3 100 220708 2.014565632
13 4 3 100 87377 2.014591667
7 8 3 100 266863 2.014599096
11 15 3 100 806130 2.014610021
5 29 3 100 1666384 2.014614472
8 4 3 100 257298 2.014635827
10 13 3 100 708513 2.014639398
12 2 3 100 561070 2.014645506
3 9 3 100 285977 2.014656911
3 24 3 100 226906 2.014671834
7 9 3 100 89897 2.014676957
15 2 3 100 277483 2.014687056
3 13 3 100 892224 2.014707015
3 7 3 100 494150 2.014714269
13 0 3 100 586495 2.014724456
1 15 3 100 883924 2.014750848
0 3 3 100 497660 2.014757943
13 1 3 100 503823 2.014759157
2 6 3 100 864103 2.014782845
12 2 3 100 19908 2.014809443
13 11 3 100 969619 2.014813775
13 9 3 100 394946 2.014846733
9 3 3 100 144454 2.014898498
6 20 3 100 206817 2.014912560
10 9 3 100 514617 2.014918873
14 15 3 100 12160 2.014919920
4 1 3 100 834404 2.014927016
11 17 3 100 224715 2.014928110
1 19 3 100 242534 2.014937307
13 15 3 100 272065 2.015002686
6 25 3 100 767355 2.015012880
3 17 3 100 950221 2.015032830
5 11 3 100 228638 2.015068409
5 11 3 100 948145 2.015069419
2 28 3 100 416681 2.015083562
8 14 3 100 635130 2.015114090
5 3 3 100 445363 2.015146070
15 24 3 100 397930 2.015163603
5 7 3 100 8131959 2.015226831
5 10 3 100 23082 2.015240669
3 9 3 100 349158 2.015248780
7 5 3 100 17295 2.015279762
2 31 3 100 202833 2.015298211
2 16 3 100 5671678 2.015300827
3 5 3 100 997828 2.015335929
10 4 3 100 47301 2.015371621
4 0 3 100 1224758 2.015374303
9 17 3 100 852402 2.015418739
4 8 3 100 89070 2.015431866
5 12 3 100 284783 2.015455464
7 22 3 100 3818749 2.015472067
15 19 3 100 21803144 2.015484001
15 17 3 100 214252 2.015494105
1 11 3 100 261182 2.015530002
0 14 3 100 51636 2.015534419
12 15 3 100 915847 2.015553509
15 1 3 100 255713 2.015572673
9 28 3 100 695645 2.015580394
8 14 3 100 947898 2.015611103
2 5 3 100 212430 2.015620474
8 3 3 100 341145 2.015641012
6 8 3 100 1597016 2.015678359
9 4 3 100 878007 2.015696480
7 12 3 100 3991043 2.015713261
3 8 3 100 1503222 2.015720238
10 4 3 100 872518 2.015745027
14 3 3 100 7118490 2.015747519
6 14 3 100 147879 2.015763868
6 11 3 100 48001 2.015765460
9 10 3 100 545169 2.015767376
15 9 3 100 280381 2.015799920
10 8 3 100 7096 2.015810102
7 3 3 100 1620985 2.015811650
1 15 3 100 994136 2.015821492
11 8 3 100 1655014 2.015840569
13 5 3 100 370776 2.015871862
2 23 3 100 781104 2.015913996
7 6 3 100 1768883 2.015936619
4 6 3 100 248728 2.015937864
11 0 3 100 29118473 2.015947159
10 2 3 100 2074856 2.015992753
13 14 3 100 374495 2.016003370
10 12 3 100 290829 2.016008827
9 12 3 100 120838 2.016036442
5 0 3 100 296166 2.016086780
12 14 3 100 814844 2.016101813
5 1 3 100 57272 2.016118803
1 5 3 100 9612875 2.016119887
2 18 3 100 4984618 2.016131814
14 1 3 100 835517 2.016142394
14 3 3 100 75229 2.016165303
3 9 3 100 183830 2.016177784
10 14 3 100 643474 2.016187097
1 0 3 100 955420 2.016187208
8 28 3 100 34247 2.016210141
15 16 3 100 535845 2.016221017
4 1 3 100 678792 2.016230438
15 10 3 100 889394 2.016251079
8 5 3 100 847319 2.016251168
1 15 3 100 213436 2.016257256
12 29 3 100 29839410 2.016293718
14 31 3 100 145310 2.016295582
14 24 3 100 1170720 2.016309422
5 3 3 100 343882 2.016313581
13 4 3 100 832283 2.016316110
13 8 3 100 4469006 2.016324064
1 3 3 100 83816 2.016327860
0 14 3 100 96967 2.016377470
5 13 3 100 759 2.016415599
11 20 3 100 5517885 2.016427636
13 0 3 100 223061 2.016434162
14 12 3 100 1413941 2.016444907
9 8 3 100 74294 2.016476473
7 9 3 100 23704 2.016479900
5 15 3 100 808849 2.016563880
11 0 3 100 221711 2.016569229
6 3 3 100 51806 2.016572736
9 14 3 100 5703003 2.016577635
12 23 3 100 273786 2.016579456
9 7 3 100 300605 2.016627079
3 14 3 100 565984 2.016633328
11 0 3 100 24962 2.016638608
4 11 3 100 372063 2.016645442
13 3 3 100 2102448 2.016656684
1 14 3 100 7635994 2.016690669
15 10 3 100 3739845 2.016711504
13 7 3 100 331129 2.016713168
6 0 3 100 524482 2.016742996
12 14 3 100 654694 2.016767620
2 9 3 100 779126 2.016774303
8 0 3 100 13861638 2.016775117
7 5 3 100 3117286 2.016777284
2 20 3 100 483995 2.016843771
10 9 3 100 253026 2.016856494
0 3 3 100 360287 2.016890070
10 11 3 100 825209 2.016911061
6 9 3 100 6909291 2.016931239
4 23 3 100 26355196 2.016931556
11 3 3 100 245831 2.016945369
5 6 3 100 65751 2.016969112
12 15 3 100 14400709 2.016992082
12 10 3 100 600052 2.017003912
1 7 3 100 606901 2.017009242
14 7 3 100 2191324 2.017029758
7 28 3 100 422410 2.017079287
2 8 3 100 651813 2.017101512
14 7 3 100 1607034 2.017105221
15 3 3 100 75979 2.017130825
1 10 3 100 54809 2.017146739
0 7 3 100 199263 2.017151636
11 2 3 100 310277 2.017156857
7 2 3 100 525321 2.017161468
10 3 3 100 282257 2.017200820
7 2 3 100 125992 2.017213941
11 6 3 100 602520 2.017219517
7 15 3 100 241845 2.017258461
13 6 3 100 237532 2.017324481
4 10 3 100 46904 2.017335196
2 18 3 100 787341 2.017342327
12 4 3 100 789122 2.017363018
7 23 3 100 249397 2.017407547
11 2 3 100 248956 2.017442126
0 17 3 100 1853627 2.017471769
13 21 3 100 2388305 2.017482520
10 3 3 100 3102135 2.017485762
14 20 3 100 93693 2.017486236
11 6 3 100 166891 2.017497217
13 10 3 100 5727115 2.017511738
11 27 3 100 539375 2.017529866
0 14 3 100 294239 2.017540401
13 14 3 100 23757682 2.017571960
12 2 3 100 16385 2.017602601
7 11 3 100 106610 2.017610628
14 9 3 100 964302 2.017617004
11 13 3 100 478402 2.017631684
14 9 3 100 1268 2.017651203
6 28 3 100 447210 2.017661278
6 11 3 100 826001 2.017675631
4 7 3 100 821622 2.017685479
8 5 3 100 516307 2.017701081
4 3 3 100 270372 2.017703455
10 7 3 100 3675285 2.017712527
7 5 3 100 1693371 2.017727003
6 7 3 100 467801 2.017743610
10 13 3 100 26561701 2.017778728
8 14 3 100 334086 2.017817608
10 2 3 100 27451 2.017821194
8 4 3 100 302328 2.017826970
9 14 3 100 574487 2.017830542
3 11 3 100 183120 2.017852954
12 9 3 100 11001533 2.017864213
8 13 3 100 828415 2.017886264
5 0 3 100 222680 2.017891919
4 0 3 100 3610674 2.017914589
2 1 3 100 3300543 2.017931085
11 3 3 100 282980 2.017942447
14 12 3 100 283052 2.017957791
6 5 3 100 484495 2.017968296
9 13 3 100 163567 2.017988118
3 4 3 100 910514 2.017989100
1 8 3 100 871189 2.018005604
0 10 3 100 879459 2.018013305
10 11 3 100 775495 2.018026684
9 25 3 100 304617 2.018043725
4 10 3 100 165437 2.018094145
9 3 3 100 35212 2.018123728
12 10 3 100 520484 2.018154229
12 5 3 100 1973961 2.018162932
9 31 3 100 3268705 2.018169105
10 15 3 100 361820 2.018213467
11 22 3 100 15022 2.018216481
10 9 3 100 984929 2.018234466
12 5 3 100 834257 2.018252214
11 12 3 100 505896 2.018255268
2 8 3 100 320939 2.018275536
9 25 3 100 2480819 2.018288888
3 21 3 100 4737459 2.018294330
6 10 3 100 391218 2.018318864
8 5 3 100 431562 2.018355269
0 21 3 100 2502667 2.018394487
9 0 3 100 200261 2.018406338
12 8 3 100 595605 2.018408371
2 6 3 100 1360164 2.018448380
10 4 3 100 234854 2.018477604
2 4 3 100 336574 2.018490533
7 9 3 100 4900135 2.018526369
8 11 3 100 861179 2.018526426
13 1 3 100 25203 2.018535008
9 2 3 100 9232 2.018550467
3 12 3 100 54352 2.018571915
2 7 3 100 1654401 2.018579671
2 7 3 100 11681 2.018584161
14 5 3 100 544299 2.018585177
12 3 3 100 252120 2.018610239
0 2 3 100 267720 2.018611644
8 12 3 100 656695 2.018618046
13 8 3 100 9384283 2.018633301
12 10 3 100 20057222 2.018651341
14 12 3 100 648434 2.018654722
14 3 3 100 907466 2.018663907
9 4 3 100 809676 2.018683230
14 8 3 100 717526 2.018684779
10 9 3 100 155892 2.018688184
1 8 3 100 69094 2.018718895
10 9 3 100 542957 2.018780328
8 11 3 100 211766 2.018782573
0 9 3 100 781622 2.018788303
4 11 3 100 178309 2.018789813
7 12 3 100 90565 2.018796441
6 4 3 100 9906385 2.018811981
14 2 3 100 899918 2.018826662
13 12 3 100 912140 2.018832731
15 13 3 100 406939 2.018836622
12 15 3 100 709845 2.018841907
12 10 3 100 265756 2.018858090
2 6 3 100 11579 2.018863510
11 12 3 100 531131 2.018888338
2 8 3 100 150993 2.018926107
15 5 3 100 315975 2.018931962
0 15 3 100 4770561 2.018932066
3 21 3 100 475833 2.018940099
7 29 3 100 823956 2.018979673
10 27 3 100 4034187 2.019026812
2 15 3 100 257239 2.019029997
3 8 3 100 968245 2.019043819
4 8 3 100 904792 2.019067663
15 2 3 100 796784 2.019072582
2 6 3 100 208553 2.019089761
12 2 3 100 722217 2.019103683
14 9 3 100 868899 2.019112939
14 8 3 100 24956 2.019118412
3 7 3 100 365982 2.019119710
12 3 3 100 86033 2.019124769
2 1 3 100 176101 2.019150582
0 17 3 100 398374 2.019152283
6 9 3 100 185708 2.019157052
2 13 3 100 915964 2.019174251
11 7 3 100 34403 2.019196776
10 22 3 100 2289 2.019208840
10 6 3 100 540104 2.019238466
8 1 3 100 959186 2.019274115
7 14 3 100 955967 2.019279151
8 23 3 100 33230 2.019284253
15 11 3 100 617985 2.019287234
14 2 3 100 3007182 2.019299510
7 0 3 100 873548 2.019304875
2 5 3 100 53710 2.019308936
4 14 3 100 279457 2.019336330
15 31 3 100 29889 2.019343892
10 14 3 100 4612797 2.019350970
10 2 3 100 841449 2.019353325
13 12 3 100 641709 2.019368841
3 12 3 100 800919 2.019369785
1 27 3 100 999928 2.019385402
0 3 3 100 335346 2.019416858
10 6 3 100 418616 2.019420781
14 1 3 100 775753 2.019429055
11 5 3 100 449904 2.019441619
11 5 3 100 464149 2.019453753
3 2 3 100 959116 2.019459026
10 12 3 100 36030 2.019478850
1 8 3 100 711523 2.019489407
0 15 3 100 1986071 2.019525578
9 5 3 100 18247 2.019534352
9 7 3 100 2121657 2.019537307
5 17 3 100 1287437 2.019553892
11 4 3 100 913876 2.019566661
0 13 3 100 747354 2.019579775
1 14 3 100 249203 2.019650899
2 1 3 100 583586 2.019656008
10 18 3 100 834629 2.019659685
15 0 3 100 5284759 2.019711682
3 13 3 100 735114 2.019713515
10 14 3 100 436701 2.019750310
14 0 3 100 516255 2.019776251
2 26 3 100 817698 2.019788280
12 4 3 100 9830033 2.019801751
4 6 3 100 3896283 2.019845346
8 22 3 100 1707531 2.019855931
5 12 3 100 414352 2.019898240
6 3 3 100 563135 2.019907445
12 27 3 100 842292 2.019932146
9 3 3 100 883355 2.019934956
0 23 3 100 7847919 2.019941235
7 12 3 100 620393 2.019946692
8 30 3 100 751000 2.019950650
7 11 3 100 17414002 2.020009269
6 12 3 100 284660 2.020039845
4 3 3 100 256375 2.020069635
3 15 3 100 807159 2.020089749
6 15 3 100 830928 2.020119299
0 5 3 100 940626 2.020152066
5 1 3 100 559011 2.020193235
12 5 3 100 389956 2.020208529
11 1 3 100 618948 2.020227839
9 26 3 100 661927 2.020240363
1 7 3 100 4735356 2.020257486
12 5 3 100 9917 2.020263989
2 15 3 100 563838 2.020268093
15 0 3 100 128395 2.020274091
13 3 3 100 857293 2.020336755
7 0 3 100 12283624 2.020347982
7 1 3 100 248242 2.020350528
1 19 3 100 1846247 2.020425391
13 15 3 100 729871 2.020436130
11 24 3 100 1052557 2.020439832
3 11 3 100 29711 2.020455260
8 22 3 100 55935 2.020466557
3 12 3 100 960891 2.020475811
7 12 3 100 1723598 2.020486126
9 2 3 100 413265 2.020507676
9 5 3 100 279734 2.020513959
0 17 3 100 15486 2.020521166
10 12 3 100 833931 2.020527200
9 6 3 100 378306 2.020545644
12 4 3 100 1742220 2.020557172
14 21 3 100 992567 2.020568723
3 12 3 100 1821654 2.020569069
12 30 3 100 5497739 2.020591267
4 31 3 100 2095628 2.020609690
9 25 3 100 866200 2.020629536
13 6 3 100 879774 2.020642122
14 5 3 100 1035017 2.020651320
9 13 3 100 434754 2.020669535
7 10 3 100 728185 2.020673018
1 12 3 100 1002909 2.020712368
8 29 3 100 17162810 2.020733536
10 13 3 100 6325307 2.020737085
11 8 3 100 893046 2.020750818
3 20 3 100 2727805 2.020757815
6 14 3 100 112857 2.020776224
6 13 3 100 590133 2.020781355
4 1 3 100 13033186 2.020853770
14 12 3 100 1069133 2.020871758
12 24 3 100 890233 2.020883172
7 22 3 100 3375836 2.020911197
11 14 3 100 796699 2.020930234
11 4 3 100 706006 2.020933995
13 0 3 100 2196470 2.020940996
13 27 3 100 860633 2.020960019
4 14 3 100 276154 2.020972054
10 9 3 100 136393 2.020977173
6 7 3 100 8910903 2.020979289
5 11 3 100 467114 2.021007915
15 5 3 100 856687 2.021011540
6 5 3 100 643136 2.021030109
15 13 3 100 896845 2.021030517
10 30 3 100 96053 2.021048414
15 19 3 100 307667 2.021050691
13 6 3 100 207494 2.021063762
4 12 3 100 5514 2.021067204
14 10 3 100 423968 2.021115203
8 13 3 100 35372 2.021140252
5 2 3 100 72115 2.021167150
1 7 3 100 993480 2.021201990
14 5 3 100 932837 2.021227404
8 11 3 100 1568354 2.021247426
11 4 3 100 2018701 2.021308817
1 18 3 100 6304871 2.021309540
3 24 3 100 832293 2.021343211
11 7 3 100 87496 2.021347427
7 15 3 100 903585 2.021356678
15 6 3 100 45971 2.021367352
7 11 3 100 173563 2.021428279
2 10 3 100 4847492 2.021442386
7 3 3 100 711913 2.021446218
14 2 3 100 191968 2.021469166
3 6 3 100 516940 2.021472526
5 6 3 100 817061 2.021478364
10 6 3 100 2577598 2.021480033
4 12 3 100 30900 2.021499869
8 10 3 100 3384673 2.021559295
14 13 3 100 3187831 2.021584616
15 5 3 100 3412290 2.021636074
3 8 3 100 514236 2.021649160
9 17 3 100 133711 2.021678346
4 13 3 100 102185 2.021713958
12 11 3 100 152595 2.021718343
9 21 3 100 546373 2.021731476
3 2 3 100 946 2.021753988
6 15 3 100 839969 2.021764289
4 2 3 100 7933445 2.021771266
1 13 3 100 50073 2.021773837
11 20 3 100 75177 2.021794656
8 6 3 100 1686642 2.021811188
11 2 3 100 1355882 2.021841020
6 10 3 100 389428 2.021843266
0 4 3 100 4475 2.021882135
4 6 3 100 678430 2.021900512
4 8 3 100 284839 2.021923906
13 22 3 100 842672 2.021930202
0 8 3 100 3218388 2.021964391
8 1 3 100 2706367 2.021966747
2 1 3 100 49462 2.022002695
7 11 3 100 801428 2.022025087
4 5 3 100 955885 2.022054828
1 6 3 100 288754 2.022069152
0 12 3 100 8488487 2.022085848
6 27 3 100 144437 2.022098158
14 11 3 100 2728131 2.022099541
0 31 3 100 47757 2.022136956
4 6 3 100 2402774 2.022140687
9 10 3 100 974996 2.022176961
12 9 3 100 919276 2.022241526
5 26 3 100 59718 2.022244688
15 10 3 100 1484970 2.022247310
2 11 3 100 286789 2.022251308
10 12 3 100 29039355 2.022263381
12 22 3 100 90892 2.022268304
7 24 3 100 202773 2.022333617
12 14 3 100 129606 2.022363493
14 13 3 100 43580 2.022399591
0 14 3 100 4736427 2.022417406
15 10 3 100 1683496 2.022427959
13 12 3 100 439754 2.022461106
3 9 3 100 11402472 2.022470023
6 2 3 100 4444816 2.022471870
12 16 3 100 704672 2.022482953
9 14 3 100 910137 2.022491474
6 8 3 100 1131569 2.022508179
1 15 3 100 1996734 2.022512434
8 0 3 100 920909 2.022521332
15 13 3 100 921880 2.022549167
8 2 3 100 78214 2.022557945
10 1 3 100 3832790 2.022594841
7 9 3 100 391327 2.022600902
10 0 3 100 3360198 2.022628642
7 10 3 100 567576 2.022643212
1 22 3 100 8043769 2.022648020
3 24 3 100 8107452 2.022653655
9 2 3 100 4983703 2.022661089
8 3 3 100 3134605 2.022664719
14 6 3 100 815418 2.022676163
0 15 3 100 703147 2.022678024
1 15 3 100 1314022 2.022708761
13 2 3 100 83910 2.022718985
10 15 3 100 948253 2.022748577
0 5 3 100 43406 2.022816622
6 17 3 100 675174 2.022848175
8 7 3 100 611016 2.022852755
11 7 3 100 108 2.022857373
8 12 3 100 493553 2.022863197
11 0 3 100 287771 2.022879133
4 9 3 100 201623 2.022919517
2 7 3 100 764541 2.022946272
8 4 3 100 582229 2.022947701
14 19 3 100 1720603 2.022985043
3 0 3 100 681383 2.022996495
9 12 3 100 275166 2.023008787
6 13 3 100 1853527 2.023031088
12 21 3 100 2971707 2.023043542
10 28 3 100 8925396 2.023049828
8 19 3 100 886586 2.023091019
0 13 3 100 273807 2.023098510
5 8 3 100 50816 2.023141265
3 12 3 100 826473 2.023143102
10 2 3 100 1939621 2.023148895
0 28 3 100 914132 2.023161656
12 25 3 100 854286 2.023162083
9 1 3 100 7810665 2.023170174
15 0 3 100 5825151 2.023172767
14 5 3 100 57691 2.023173595
14 11 3 100 4559393 2.023178583
5 1 3 100 579055 2.023185777
1 5 3 100 145729 2.023245789
6 31 3 100 1242578 2.023265895
10 6 3 100 914829 2.023267452
15 4 3 100 959206 2.023299732
14 10 3 100 20768932 2.023327663
5 8 3 100 937067 2.023340120
3 13 3 100 295089 2.023340630
6 4 3 100 50780 2.023374606
9 7 3 100 467824 2.023392275
2 5 3 100 824532 2.023402058
10 28 3 100 862341 2.023409015
15 4 3 100 831404 2.023410024
4 27 3 100 1807000 2.023438435
10 5 3 100 871732 2.023444363
5 19 3 100 839382 2.023462081
10 7 3 100 845082 2.023484742
4 0 3 100 933113 2.023493770
7 4 3 100 996214 2.023502296
6 5 3 100 4762774 2.023543784
5 1 3 100 4155540 2.023557771
7 0 3 100 439218 2.023568933
7 4 3 100 242361 2.023576687
13 9 3 100 530516 2.023588940
12 18 3 100 1874396 2.023592748
5 0 3 100 52405 2.023597177
13 9 3 100 59224 2.023608191
9 4 3 100 529565 2.023615052
14 13 3 100 447542 2.023623430
6 31 3 100 451532 2.023690137
5 13 3 100 82632 2.023702412
5 25 3 100 5064 2.023733621
15 1 3 100 4265506 2.023747580
5 1 3 100 6122638 2.023778998
6 9 3 100 530297 2.023782163
1 0 3 100 31336 2.023783582
6 29 3 100 3858980 2.023797247
9 12 3 100 8734761 2.023846134
6 8 3 100 899233 2.023850397
10 9 3 100 8167 2.023869891
1 29 3 100 294075 2.023871364
11 25 3 100 367308 2.023919333
14 12 3 100 407251 2.023945281
4 28 3 100 826820 2.023990281
15 12 3 100 826931 2.024020126
2 12 3 100 949530 2.024029545
6 1 3 100 330843 2.024031965
8 25 3 100 71273 2.024057118
12 26 3 100 953839 2.024075476
5 9 3 100 222465 2.024081741
5 7 3 100 81665 2.024085741
6 15 3 100 1730365 2.024089199
4 3 3 100 33855 2.024103636
14 13 3 100 270332 2.024109382
3 9 3 100 1708231 2.024134013
10 12 3 100 862022 2.024169794
6 15 3 100 277378 2.024182971
5 30 3 100 1539784 2.024183287
12 10 3 100 939725 2.024198941
0 5 3 100 745003 2.024202609
4 2 3 100 449277 2.024215857
0 10 3 100 265896 2.024216887
10 0 3 100 681199 2.024222377
8 4 3 100 858465 2.024224587
2 23 3 100 220208 2.024242619
3 11 3 100 153422 2.024247560
0 24 3 100 727341 2.024269552
3 13 3 100 974844 2.024276251
6 8 3 100 214465 2.024283089
9 8 3 100 800951 2.024286081
9 1 3 100 696169 2.024288732
14 6 3 100 870518 2.024299163
8 10 3 100 627115 2.024317421
3 12 3 100 95819 2.024332016
10 5 3 100 2459054 2.024421381
2 15 3 100 2336880 2.024427229
15 9 3 100 902185 2.024428519
9 1 3 100 761892 2.024538519
0 15 3 100 58541 2.024556822
10 15 3 100 122669 2.024570009
4 14 3 100 853699 2.024584371
10 14 3 100 847238 2.024610289
2 4 3 100 210431 2.024618941
12 26 3 100 374504 2.024620623
6 13 3 100 8361426 2.024630682
5 8 3 100 1226827 2.024632060
3 17 3 100 841182 2.024638437
2 10 3 100 99154 2.024643251
11 21 3 100 574779 2.024681267
11 15 3 100 866632 2.024707551
10 16 3 100 981466 2.024724335
10 2 3 100 661631 2.024811549
13 0 3 100 5418181 2.024812602
15 1 3 100 979004 2.024816872
14 9 3 100 133407 2.024836690
2 4 3 100 313490 2.024850762
13 7 3 100 248730 2.024854378
6 8 3 100 69850 2.024888061
3 8 3 100 64163 2.024892225
0 6 3 100 850662 2.024953811
5 0 3 100 85970 2.024985817
12 10 3 100 690055 2.025048954
8 5 3 100 1500821 2.025071287
13 11 3 100 126079 2.025092815
15 22 3 100 1990175 2.025131352
9 3 3 100 901515 2.025135083
3 8 3 100 723627 2.025153103
10 5 3 100 278760 2.025174176
14 0 3 100 25834818 2.025237894
4 14 3 100 893657 2.025243819
9 3 3 100 215843 2.025251717
2 1 3 100 452146 2.025252199
14 12 3 100 101135 2.025254171
3 2 3 100 13610 2.025289604
9 17 3 100 954599 2.025314646
8 4 3 100 586443 2.025377074
13 9 3 100 2272211 2.025382314
3 10 3 100 65807 2.025397234
3 4 3 100 54438 2.025402058
11 3 3 100 414143 2.025407559
10 21 3 100 4117323 2.025410745
10 12 3 100 1801191 2.025428055
0 8 3 100 232846 2.025454503
13 8 3 100 946639 2.025475925
12 17 3 100 44833 2.025484643
14 9 3 100 855345 2.025486955
6 11 3 100 597521 2.025514829
0 22 3 100 8961374 2.025526950
8 0 3 100 203734 2.025530091
6 22 3 100 1714134 2.025577177
11 10 3 100 8542593 2.025610326
3 9 3 100 215424 2.025655564
13 6 3 100 624454 2.025711660
15 14 3 100 2940876 2.025725687
9 10 3 100 83629 2.025742906
0 5 3 100 381549 2.025788456
10 15 3 100 555190 2.025789242
9 14 3 100 534247 2.025797129
6 8 3 100 483320 2.025810612
11 19 3 100 55917 2.025814782
1 3 3 100 840571 2.025854458
8 11 3 100 1037668 2.025883854
11 5 3 100 78780 2.025909685
3 15 3 100 56894 2.025913311
13 20 3 100 16300345 2.025936729
4 3 3 100 5482022 2.025940216
12 5 3 100 2536512 2.025949851
0 8 3 100 8446189 2.025985176
3 0 3 100 209638 2.026006278
12 5 3 100 855047 2.026016708
2 16 3 100 29740 2.026023259
15 9 3 100 852034 2.026035629
12 1 3 100 2936604 2.026037172
12 10 3 100 945928 2.026042463
1 14 3 100 342296 2.026093389
4 7 3 100 4758979 2.026104529
0 27 3 100 4534457 2.026132751
2 5 3 100 45243 2.026132830
0 6 3 100 70636 2.026143761
12 3 3 100 9060577 2.026153539
15 11 3 100 224441 2.026171566
8 13 3 100 4472836 2.026200989
5 2 3 100 49023 2.026208802
11 10 3 100 79668 2.026284865
14 17 3 100 978648 2.026322270
10 4 3 100 55769 2.026331648
13 7 3 100 870692 2.026350417
8 10 3 100 952267 2.026351915
13 11 3 100 875319 2.026433415
15 4 3 100 838080 2.026485802
13 15 3 100 916812 2.026485915
15 9 3 100 295156 2.026487416
0 12 3 100 1437856 2.026490297
14 4 3 100 92749 2.026542678
1 3 3 100 246142 2.026557056
4 3 3 100 229276 2.026567750
13 14 3 100 272990 2.026568078
5 18 3 100 178230 2.026594906
2 18 3 100 223777 2.026604873
3 31 3 100 871887 2.026615458
5 1 3 100 961373 2.026628992
2 27 3 100 220636 2.026639765
7 15 3 100 497910 2.026671317
3 31 3 100 93244 2.026674176
10 2 3 100 18141 2.026689592
14 3 3 100 415025 2.026708807
6 10 3 100 51246 2.026718031
11 20 3 100 53108 2.026721736
2 9 3 100 2153473 2.026723326
7 5 3 100 287584 2.026735875
13 15 3 100 476175 2.026744025
13 1 3 100 270627 2.026762723
8 31 3 100 1072115 2.026814349
8 13 3 100 1414809 2.026837327
14 6 3 100 147919 2.026876700
15 8 3 100 950408 2.026878071
5 14 3 100 19805464 2.026892234
8 7 3 100 453155 2.026901212
13 9 3 100 156992 2.026912619
11 6 3 100 1169722 2.026919412
6 15 3 100 43473 2.026931488
10 15 3 100 808905 2.026957904
10 19 3 100 858238 2.026965878
13 15 3 100 5137573 2.027001977
5 11 3 100 928018 2.027003105
8 30 3 100 2283552 2.027017232
15 7 3 100 277541 2.027036173
10 7 3 100 871492 2.027044827
5 6 3 100 940986 2.027050809
9 5 3 100 28619788 2.027086174
12 8 3 100 311773 2.027101277
3 6 3 100 483010 2.027106190
7 27 3 100 343414 2.027107757
3 19 3 100 3954586 2.027170882
4 3 3 100 731889 2.027191866
7 25 3 100 1334863 2.027208592
14 11 3 100 267376 2.027255829
1 11 3 100 406747 2.027267326
9 3 3 100 996232 2.027357846
3 22 3 100 2860800 2.027366495
6 15 3 100 23148784 2.027371292
4 2 3 100 654615 2.027375168
15 16 3 100 241434 2.027393234
2 12 3 100 2335216 2.027398583
2 3 3 100 3542806 2.027410043
12 20 3 100 918273 2.027415724
6 15 3 100 686368 2.027455078
3 6 3 100 539645 2.027469387
12 27 3 100 985688 2.027478152
3 16 3 100 1215056 2.027479141
13 22 3 100 12009 2.027487760
7 11 3 100 127800 2.027490391
8 13 3 100 625372 2.027504843
15 4 3 100 9291204 2.027505870
8 1 3 100 495038 2.027513903
12 2 3 100 1381319 2.027553455
4 13 3 100 78421 2.027562163
8 11 3 100 236886 2.027577378
11 26 3 100 297668 2.027585860
14 10 3 100 16319769 2.027594534
14 30 3 100 159972 2.027601892
11 9 3 100 1118992 2.027607046
2 0 3 100 794822 2.027608008
7 12 3 100 5800171 2.027627159
15 25 3 100 171408 2.027634184
10 12 3 100 61686 2.027636350
15 12 3 100 1122545 2.027668126
15 0 3 100 696484 2.027674166
10 1 3 100 4024030 2.027698380
8 6 3 100 454024 2.027699617
9 13 3 100 538876 2.027729588
4 9 3 100 527101 2.027738544
1 12 3 100 1464826 2.027749618
12 14 3 100 974649 2.027754097
8 15 3 100 7548717 2.027779249
7 30 3 100 9911210 2.027785086
6 4 3 100 201528 2.027788795
3 5 3 100 568022 2.027792256
2 11 3 100 873479 2.027793345
13 0 3 100 210604 2.027803220
6 13 3 100 17569075 2.027816815
0 6 3 100 527337 2.027819663
14 8 3 100 78853 2.027826803
0 9 3 100 9124089 2.027827161
9 0 3 100 6893382 2.027844810
6 10 3 100 25843369 2.027852651
4 6 3 100 819578 2.027863532
15 4 3 100 22042307 2.027912936
4 2 3 100 1466560 2.027913480
8 3 3 100 783002 2.027916309
6 24 3 100 301718 2.027957483
6 3 3 100 874106 2.027981830
7 8 3 100 206683 2.028006098
15 6 3 100 839876 2.028009829
8 3 3 100 4867 2.028011184
12 16 3 100 3519974 2.028018362
1 15 3 100 4668675 2.028037295
3 15 3 100 89147 2.028092092
6 2 3 100 1370678 2.028112773
14 13 3 100 19851831 2.028139186
1 10 3 100 713256 2.028175131
4 0 3 100 131523 2.028182428
3 9 3 100 168418 2.028205232
5 9 3 100 791218 2.028210266
14 15 3 100 5471 2.028211236
11 16 3 100 765703 2.028238782
10 8 3 100 51434 2.028247028
12 10 3 100 929099 2.028256963
7 2 3 100 353827 2.028263448
15 4 3 100 753699 2.028279138
10 2 3 100 6224 2.028288252
9 10 3 100 917694 2.028290766
1 26 3 100 408548 2.028294530
12 21 3 100 63154 2.028331888
4 7 3 100 78796 2.028332465
15 29 3 100 21562581 2.028334898
9 8 3 100 438125 2.028335458
9 8 3 100 605416 2.028379828
2 14 3 100 537756 2.028391184
9 4 3 100 388004 2.028418796
1 12 3 100 961029 2.028426023
2 11 3 100 9326956 2.028430175
14 5 3 100 336852 2.028438846
0 10 3 100 402093 2.028485474
13 0 3 100 2913120 2.028495669
10 15 3 100 350875 2.028498741
13 8 3 100 145582 2.028503583
15 21 3 100 814852 2.028512144
2 23 3 100 95601 2.028529053
4 0 3 100 52718 2.028548483
14 13 3 100 164877 2.028569477
14 15 3 100 992019 2.028586155
5 15 3 100 4456273 2.028592126
7 9 3 100 1078269 2.028620420
0 31 3 100 1230773 2.028622771
2 4 3 100 8422599 2.028623162
7 4 3 100 166331 2.028680035
12 14 3 100 790441 2.028765135
15 9 3 100 303866 2.028775097
11 3 3 100 1654820 2.028777007
9 8 3 100 933902 2.028778608
8 11 3 100 9067067 2.028791719
14 20 3 100 2871428 2.028848164
1 4 3 100 223682 2.028881024
3 15 3 100 34575 2.028903801
9 15 3 100 976377 2.028942733
11 5 3 100 861496 2.028948566
5 7 3 100 94306 2.028953008
8 6 3 100 604863 2.028999546
15 0 3 100 5542173 2.029018753
10 11 3 100 322189 2.029052392
14 23 3 100 25450291 2.029077417
4 6 3 100 5562542 2.029096418
12 11 3 100 224495 2.029106509
3 12 3 100 1419567 2.029117859
7 6 3 100 9669285 2.029137624
13 8 3 100 946914 2.029143655
13 16 3 100 6816 2.029145281
13 15 3 100 46056 2.029171942
1 10 3 100 5344036 2.029180570
11 12 3 100 201194 2.029205395
11 7 3 100 318748 2.029229087
9 7 3 100 4639237 2.029232886
8 14 3 100 423076 2.029238940
13 11 3 100 1442837 2.029296274
15 2 3 100 991520 2.029309261
0 4 3 100 290617 2.029320423
8 4 3 100 154609 2.029329105
5 7 3 100 687419 2.029334510
14 13 3 100 49065 2.029336782
6 3 3 100 12251084 2.029371035
15 1 3 100 3075918 2.029393200
9 7 3 100 602915 2.029414391
2 9 3 100 893547 2.029455708
14 15 3 100 1393526 2.029460221
9 15 3 100 1190272 2.029482327
5 0 3 100 3297334 2.029495160
4 10 3 100 912960 2.029506420
15 3 3 100 1599906 2.029549199
13 20 3 100 913439 2.029599116
5 3 3 100 948733 2.029610368
6 31 3 100 320238 2.029622285
12 1 3 100 7247602 2.029673978
7 2 3 100 861530 2.029690533
10 3 3 100 2726683 2.029707067
12 4 3 100 487973 2.029827841
7 2 3 100 246452 2.029875618
13 8 3 100 116652 2.029890024
14 2 3 100 3463350 2.029892837
