2005921876 6 0 1 1
2005930619 6 0 1 0
2005933733 6 0 1 1
2005942907 6 0 1 0
2005946100 6 0 1 1
2005955361 6 0 1 0
2005959902 6 0 1 1
2005968143 6 0 1 0
2005972356 6 0 1 1
2005982115 6 0 1 0
2005985830 6 0 1 1
2005996067 6 0 1 0
2006000782 6 0 1 1
2006005533 6 0 1 0
2006009434 6 0 1 1
2006013429 6 0 1 0
2045248033 42 1 2 1
2045253099 42 1 2 0
2045257189 42 1 2 1
2045262249 42 1 2 0
2045266331 42 1 2 1
2045271660 42 1 2 0
2045275671 42 1 2 1
2045280901 42 1 2 0
2045285165 42 1 2 1
2045290399 42 1 2 0
2045294477 42 1 2 1
2045299478 42 1 2 0
2045303410 42 1 2 1
2045308387 42 1 2 0
2045312315 42 1 2 1
2045317379 42 1 2 0
2045321470 42 1 2 1
2045326612 42 1 2 0
2045330623 42 1 2 1
2045335766 42 1 2 0
2045339770 42 1 2 1
2045344924 42 1 2 0
2045348931 42 1 2 1
2045353991 42 1 2 0
2045358069 42 1 2 1
2045363398 42 1 2 0
2045367488 42 1 2 1
2045372722 42 1 2 0
2045376729 42 1 2 1
2045381797 42 1 2 0
2045385884 42 1 2 1
2045390959 42 1 2 0
2045394884 42 1 2 1
2045400200 42 1 2 0
2045404211 42 1 2 1
2045409374 42 1 2 0
2045413298 42 1 2 1
2045418528 42 1 2 0
2045427622 42 1 2 1
2045430362 42 1 2 0
2045448784 42 1 2 1
2045451338 42 1 2 0
2045470594 42 1 2 1
2045473243 42 1 2 0
2045492507 42 1 2 1
2045494970 42 1 2 0
2045501179 43 1 2 1
2045613253 43 1 2 0
2045632205 43 1 2 1
2045636004 43 1 2 0
2045645675 43 1 2 1
2045649569 43 1 2 0
2045658983 43 1 2 1
2045662893 43 1 2 0
2045672647 43 1 2 1
2045676395 43 1 2 0
2045685821 43 1 2 1
2045689940 43 1 2 0
2045699785 43 1 2 1
2045703813 43 1 2 0
2045713152 43 1 2 1
2045717008 43 1 2 0
2045726177 43 1 2 1
2045729930 43 1 2 0
2045739348 43 1 2 1
2045743445 43 1 2 0
2045753029 43 1 2 1
2045756893 43 1 2 0
2045765991 43 1 2 1
2045770038 43 1 2 0
2045779800 43 1 2 1
2045783624 43 1 2 0
2045793221 43 1 2 1
2045796956 43 1 2 0
2045806635 43 1 2 1
2045810537 43 1 2 0
2045820200 43 1 2 1
2045823940 43 1 2 0
2045834693 43 1 2 1
2045838015 43 1 2 0
2045846508 43 1 2 1
2045850264 43 1 2 0
2045860010 43 1 2 1
2045863750 43 1 2 0
2045873089 43 1 2 1
2045876912 43 1 2 0
2045886504 43 1 2 1
2045890667 43 1 2 0
2045895749 43 1 2 1
2045899908 43 1 2 0
2045907488 43 1 2 1
2045911643 43 1 2 0
2045916555 43 1 2 1
2045920801 43 1 2 0
2045925895 43 1 2 1
2045930149 43 1 2 0
2045934986 43 1 2 1
2045939070 43 1 2 0
2045946757 43 1 2 1
2045950920 43 1 2 0
2045956018 43 1 2 1
2045960082 43 1 2 0
2045964919 43 1 2 1
2045969157 43 1 2 0
2045974075 43 1 2 1
2045978153 43 1 2 0
2045985401 43 1 2 1
2045989311 43 1 2 0
2045994057 43 1 2 1
2045997979 43 1 2 0
2046002990 43 1 2 1
2046007058 43 1 2 0
2046012065 43 1 2 1
2046016299 43 1 2 0
2046021053 43 1 2 1
2046023971 43 1 2 0
2046029310 43 1 2 1
2046033627 43 1 2 0
2046038049 43 1 2 1
2046089376 43 1 2 0
2046250186 49 1 1 1
2046258693 49 1 1 0
2046261394 49 1 1 1
2046269665 49 1 1 0
2046272386 49 1 1 1
2046280740 49 1 1 0
2046283441 49 1 1 1
2046291882 49 1 1 0
2046294598 49 1 1 1
2046303040 49 1 1 0
2046305742 49 1 1 1
2046314269 49 1 1 0
2046316969 49 1 1 1
2046325423 49 1 1 0
2046328124 49 1 1 1
2046336573 49 1 1 0
2046339279 49 1 1 1
2046347640 49 1 1 0
2046350361 49 1 1 1
2046358857 49 1 1 0
2046361557 49 1 1 1
2046369924 49 1 1 0
2046372625 49 1 1 1
2046381153 49 1 1 0
2046383934 49 1 1 1
2046392374 49 1 1 0
2046395074 49 1 1 1
2046403520 49 1 1 0
2046406222 49 1 1 1
2046414662 49 1 1 0
2046417423 49 1 1 1
2046425721 49 1 1 0
2046428461 49 1 1 1
2046436938 49 1 1 0
2046439638 49 1 1 1
2046448080 49 1 1 0
2046450791 49 1 1 1
2046459230 49 1 1 0
2046461930 49 1 1 1
2046470364 49 1 1 0
2046473065 49 1 1 1
2046481506 49 1 1 0
2046484227 49 1 1 1
2046492569 49 1 1 0
2046495309 49 1 1 1
2046503711 49 1 1 0
2046506412 49 1 1 1
2046514857 49 1 1 0
2046517558 49 1 1 1
2046526055 49 1 1 0
2046528758 49 1 1 1
2046537296 49 1 1 0
2046539998 49 1 1 1
2046548509 49 1 1 0
2046551212 49 1 1 1
2046559722 49 1 1 0
2046562422 49 1 1 1
2046570848 49 1 1 0
2046573549 49 1 1 1
2046581978 49 1 1 0
2046584698 49 1 1 1
2046590693 49 1 1 0
2046596514 49 1 1 1
2046599005 49 1 1 0
2046605146 49 1 1 1
2046607997 49 1 1 0
2051105405 48 1 2 1
2051113486 48 1 2 0
2051116199 48 1 2 1
2051124114 48 1 2 0
2051126983 48 1 2 1
2051129592 48 1 2 0
