2003580172 47 1 2 1
2003584849 47 1 2 0
2003589059 47 1 2 1
2003593999 47 1 2 0
2003598342 47 1 2 1
2003602832 47 1 2 0
2003607345 47 1 2 1
2003611625 47 1 2 0
2003616712 47 1 2 1
2003621205 47 1 2 0
2003626038 47 1 2 1
2003630427 47 1 2 0
2003635039 47 1 2 1
2003639417 47 1 2 0
2003644112 47 1 2 1
2003648291 47 1 2 0
2003652978 47 1 2 1
2003657358 47 1 2 0
2003662187 47 1 2 1
2003666133 47 1 2 0
2003671381 47 1 2 1
2003675312 47 1 2 0
2003680892 47 1 2 1
2003684893 47 1 2 0
2003689809 47 1 2 1
2003693956 47 1 2 0
2003698876 47 1 2 1
2003703056 47 1 2 0
2003708098 47 1 2 1
2003712173 47 1 2 0
2003717438 47 1 2 1
2003721494 47 1 2 0
2003727493 47 1 2 1
2003731259 47 1 2 0
2003737341 47 1 2 1
2003741203 47 1 2 0
2003746949 47 1 2 1
2003750944 47 1 2 0
2003757528 47 1 2 1
2003761099 47 1 2 0
2003767177 47 1 2 1
2003770810 47 1 2 0
2003776813 47 1 2 1
2003780469 47 1 2 0
2003786551 47 1 2 1
2003790287 47 1 2 0
2003796517 47 1 2 1
2003800504 47 1 2 0
2003806898 47 1 2 1
2003810636 47 1 2 0
2003817694 47 1 2 1
2003821266 47 1 2 0
2003827261 47 1 2 1
2003831146 47 1 2 0
2003836715 47 1 2 1
2003840687 47 1 2 0
2003846675 47 1 2 1
2003850307 47 1 2 0
2003856718 47 1 2 1
2003860350 47 1 2 0
2003866935 47 1 2 1
2003870915 47 1 2 0
2003876441 47 1 2 1
2003880429 47 1 2 0
2003886338 47 1 2 1
2003890140 47 1 2 0
2003895456 47 1 2 1
2003899424 47 1 2 0
2003904997 47 1 2 1
2003908289 47 1 2 0
2003915444 47 1 2 1
2003918989 47 1 2 0
2003926163 47 1 2 1
2003929459 47 1 2 0
2003937645 47 1 2 1
2003940669 47 1 2 0
2003949444 47 1 2 1
2003952505 47 1 2 0
2003960690 47 1 2 1
2003963915 47 1 2 0
2003969267 47 1 2 1
2003975645 47 1 2 0
2003979063 47 1 2 1
2003985939 47 1 2 0
2003989403 47 1 2 1
2003994931 47 1 2 0
2004000811 47 1 2 1
2004004462 47 1 2 0
2004009781 47 1 2 1
2004013853 47 1 2 0
2004019105 47 1 2 1
2004023204 47 1 2 0
2004028705 47 1 2 1
2004033083 47 1 2 0
2004036879 47 1 2 1
2004041401 47 1 2 0
2004045981 47 1 2 1
2004050589 47 1 2 0
2004055196 47 1 2 1
2004063639 47 1 2 0
2004068302 47 1 2 1
2004076301 47 1 2 0
2004081047 47 1 2 1
2004085766 47 1 2 0
2004090180 47 1 2 1
2004094128 47 1 2 0
2004099186 47 1 2 1
2004102743 47 1 2 0
2004107637 47 1 2 1
2004111317 47 1 2 0
2004116084 47 1 2 1
2004119621 47 1 2 0
2004124407 47 1 2 1
2004127789 47 1 2 0
2004135834 47 1 2 1
2004138465 47 1 2 0
2004149954 47 1 2 1
2004152866 47 1 2 0
2004162417 47 1 2 1
2004164951 47 1 2 0
2004176143 47 1 2 1
2004178887 47 1 2 0
2006509594 46 1 1 1
2006589457 46 1 1 0
2006594455 46 1 1 1
2006598868 46 1 1 0
2006604748 46 1 1 1
2006608283 46 1 1 0
2006615373 46 1 1 1
2006619082 46 1 1 0
2006625907 46 1 1 1
2006629359 46 1 1 0
2006636560 46 1 1 1
2006640038 46 1 1 0
2006646885 46 1 1 1
2006650647 46 1 1 0
2006656426 46 1 1 1
2006660853 46 1 1 0
2006665854 46 1 1 1
2006670397 46 1 1 0
2006674717 46 1 1 1
2006680008 46 1 1 0
2006684170 46 1 1 1
2006689618 46 1 1 0
2006693752 46 1 1 1
2006698372 46 1 1 0
2006702944 46 1 1 1
2006707971 46 1 1 0
2006712248 46 1 1 1
2006717313 46 1 1 0
2006721194 46 1 1 1
2006727049 46 1 1 0
2006731585 46 1 1 1
2006737001 46 1 1 0
2006740974 46 1 1 1
2006746807 46 1 1 0
2006750684 46 1 1 1
2006756768 46 1 1 0
2006760806 46 1 1 1
2006766744 46 1 1 0
2006770569 46 1 1 1
2006776211 46 1 1 0
2006780080 46 1 1 1
2006785997 46 1 1 0
2006789588 46 1 1 1
2006795410 46 1 1 0
2006799025 46 1 1 1
2006804414 46 1 1 0
2006808177 46 1 1 1
2006815138 46 1 1 0
2006818531 46 1 1 1
2006825114 46 1 1 0
2006828530 46 1 1 1
2006835288 46 1 1 0
2006838538 46 1 1 1
2006845731 46 1 1 0
2006849027 46 1 1 1
2006856666 46 1 1 0
2006860093 46 1 1 1
2006867256 46 1 1 0
2006870544 46 1 1 1
2006877623 46 1 1 0
2006881016 46 1 1 1
2006888047 46 1 1 0
2006891349 46 1 1 1
2006897296 46 1 1 0
2006906534 46 1 1 1
2006913775 46 1 1 0
2006917144 46 1 1 1
2006924316 46 1 1 0
2006927695 46 1 1 1
2006934032 46 1 1 0
2006938179 46 1 1 1
2006943566 46 1 1 0
2006947865 46 1 1 1
2006953334 46 1 1 0
2006957779 46 1 1 1
2006962824 46 1 1 0
2006963424 44 1 1 1
2006966199 44 1 1 0
2006967493 46 1 1 1
2006974383 46 1 1 0
2006977819 46 1 1 1
2006984490 46 1 1 0
2006987942 46 1 1 1
2006994435 46 1 1 0
2006997875 46 1 1 1
2007004570 46 1 1 0
2007008014 46 1 1 1
2007015471 46 1 1 0
2007018729 46 1 1 1
2007026306 46 1 1 0
2007029651 46 1 1 1
2007036135 46 1 1 0
2007040010 46 1 1 1
2007045778 46 1 1 0
2007049630 46 1 1 1
2007051835 45 1 1 1
2007055741 46 1 1 0
2007056380 45 1 1 0
2007059290 45 1 1 1
2007059314 46 1 1 1
2007063280 44 1 1 1
2007065665 44 1 1 0
2007066018 46 1 1 0
2007069745 45 1 1 0
2007069931 46 1 1 1
2007072679 45 1 1 1
2007076034 46 1 1 0
2007079508 46 1 1 1
2007084205 44 1 1 1
2007084255 44 1 1 0
2007084639 45 1 1 0
2007084664 44 1 1 1
2007085202 44 1 1 0
2007086029 44 1 1 1
2007086540 46 1 1 0
2007087608 45 1 1 1
2007088484 44 1 1 0
2007090014 46 1 1 1
2007096797 46 1 1 0
2007100311 46 1 1 1
2007103401 45 1 1 0
2007106239 45 1 1 1
2007106356 46 1 1 0
2007109815 46 1 1 1
2007115322 46 1 1 0
2007117839 45 1 1 0
2007119635 46 1 1 1
2007120578 45 1 1 1
2007124988 46 1 1 0
2007129198 46 1 1 1
2007130444 45 1 1 0
2007133369 45 1 1 1
2007134630 46 1 1 0
2007138848 46 1 1 1
2007143920 46 1 1 0
2007144376 45 1 1 0
2007147254 45 1 1 1
2007147497 46 1 1 1
2007152853 46 1 1 0
2007156878 45 1 1 0
2007157446 46 1 1 1
2007160768 45 1 1 1
2007163055 46 1 1 0
2007166711 46 1 1 1
2007173178 46 1 1 0
2007173267 45 1 1 0
2007176224 45 1 1 1
2007176747 46 1 1 1
2007182289 46 1 1 0
2007185538 46 1 1 1
2007191934 46 1 1 0
2007193721 45 1 1 0
2007195531 46 1 1 1
2007196100 45 1 1 1
2007202979 46 1 1 0
2007206224 46 1 1 1
2007212909 46 1 1 0
2007216253 46 1 1 1
2007222208 45 1 1 0
2007223602 46 1 1 0
2007224904 45 1 1 1
2007225831 46 1 1 1
2007232715 45 1 1 0
2007235966 45 1 1 1
2007242415 45 1 1 0
2007245891 45 1 1 1
2007251865 45 1 1 0
2007255665 45 1 1 1
2007261434 45 1 1 0
2007265187 45 1 1 1
2007270254 45 1 1 0
2007273987 45 1 1 1
2007279244 45 1 1 0
2007283412 45 1 1 1
2007288438 45 1 1 0
2007292531 45 1 1 1
2007296828 45 1 1 0
2007301622 45 1 1 1
2007306102 45 1 1 0
2007309904 45 1 1 1
2007314305 46 1 1 0
2007317642 45 1 1 0
2007318290 46 1 1 1
2007322828 45 1 1 1
2007325731 46 1 1 0
2007330779 46 1 1 1
2007331700 45 1 1 0
2007336596 45 1 1 1
2007338381 46 1 1 0
2007343152 46 1 1 1
2007345782 45 1 1 0
2007348520 46 1 1 0
2007348850 45 1 1 1
2007351848 46 1 1 1
2007356468 45 1 1 0
2007359271 45 1 1 1
2007360371 46 1 1 0
2007364193 46 1 1 1
2007369788 45 1 1 0
2007373419 45 1 1 1
2007373538 46 1 1 0
2007377459 46 1 1 1
2007382977 46 1 1 0
2007383861 45 1 1 0
2007386787 46 1 1 1
2007386989 45 1 1 1
2007393313 46 1 1 0
2007394509 45 1 1 0
2007397383 45 1 1 1
2007403784 46 1 1 1
2007405743 45 1 1 0
2007409045 45 1 1 1
2007411252 46 1 1 0
2007413161 45 1 1 0
2007415316 46 1 1 1
2007417395 45 1 1 1
2007420327 45 1 1 0
2007423900 46 1 1 0
2007426833 45 1 1 1
2007427482 46 1 1 1
2007431965 45 1 1 0
2007433206 46 1 1 0
2007435846 46 1 1 1
2007436610 45 1 1 1
2007440158 45 1 1 0
2007444367 45 1 1 1
2007449659 46 1 1 0
2007451117 45 1 1 0
2007453137 46 1 1 1
2007454435 45 1 1 1
2007458353 45 1 1 0
2007463967 45 1 1 1
2007469681 45 1 1 0
2007470184 46 1 1 0
2007473288 45 1 1 1
2007473662 46 1 1 1
2007478002 45 1 1 0
2007485481 45 1 1 1
2007488345 46 1 1 0
2007491639 45 1 1 0
2007493309 46 1 1 1
2007495372 45 1 1 1
2007501985 46 1 1 0
2007502683 45 1 1 0
2007505364 45 1 1 1
2007505937 46 1 1 1
2007510209 45 1 1 0
2007513165 45 1 1 1
2007515190 46 1 1 0
2007518802 46 1 1 1
2007520167 45 1 1 0
2007524308 45 1 1 1
2007527008 46 1 1 0
2007530692 46 1 1 1
2007531418 45 1 1 0
2007535905 45 1 1 1
2007539876 46 1 1 0
2007544291 45 1 1 0
2007544434 46 1 1 1
2007549177 45 1 1 1
2007552100 46 1 1 0
2007552935 45 1 1 0
2007556136 46 1 1 1
2007556463 45 1 1 1
2007560232 45 1 1 0
2007565066 45 1 1 1
2007565356 46 1 1 0
2007569309 46 1 1 1
2007570939 45 1 1 0
2007575626 45 1 1 1
2007577496 46 1 1 0
2007581599 46 1 1 1
2007582191 45 1 1 0
2007586903 45 1 1 1
2007589031 46 1 1 0
2007592985 46 1 1 1
2007593184 45 1 1 0
2007597887 45 1 1 1
2007600031 46 1 1 0
2007603953 46 1 1 1
2007604302 45 1 1 0
2007609068 45 1 1 1
2007610912 46 1 1 0
2007614664 46 1 1 1
2007615308 45 1 1 0
2007619668 45 1 1 1
2007622311 46 1 1 0
2007626059 46 1 1 1
2007626059 45 1 1 0
2007630833 45 1 1 1
2007632923 46 1 1 0
2007637019 46 1 1 1
2007637593 45 1 1 0
2007642641 45 1 1 1
2007645453 46 1 1 0
2007649209 46 1 1 1
2007649398 45 1 1 0
2007653922 45 1 1 1
2007655223 46 1 1 0
2007661017 45 1 1 0
2007662664 46 1 1 1
2007664995 45 1 1 1
2007665924 46 1 1 0
2007672594 45 1 1 0
2007673241 46 1 1 1
2007676552 45 1 1 1
2007677830 46 1 1 0
2007685829 45 1 1 0
2007686134 46 1 1 1
2007690349 45 1 1 1
2007691229 46 1 1 0
2007698877 45 1 1 0
2007700457 46 1 1 1
2007703013 45 1 1 1
2007704158 46 1 1 0
2007711400 45 1 1 0
2007712996 46 1 1 1
2007715516 45 1 1 1
2007716722 46 1 1 0
2007723764 45 1 1 0
2007725250 46 1 1 1
2007727952 45 1 1 1
2007730272 46 1 1 0
2007735937 45 1 1 0
2007739003 46 1 1 1
2007739808 45 1 1 1
2007741516 46 1 1 0
2007746975 45 1 1 0
2007749936 45 1 1 1
2007755641 46 1 1 1
2007756091 45 1 1 0
2007758483 46 1 1 0
2007759594 45 1 1 1
2007766158 45 1 1 0
2007769724 45 1 1 1
2007776149 45 1 1 0
2007779991 45 1 1 1
2007786498 45 1 1 0
2007791651 45 1 1 1
2007797549 46 1 1 1
2007797807 45 1 1 0
2007799495 46 1 1 0
2007801749 45 1 1 1
2007807015 45 1 1 0
2007810557 45 1 1 1
2007816359 45 1 1 0
2007820217 45 1 1 1
2007825135 45 1 1 0
2007825868 46 1 1 1
2007829330 46 1 1 0
2007830019 45 1 1 1
2007834960 45 1 1 0
2007839871 45 1 1 1
2007845326 45 1 1 0
2007846658 46 1 1 1
2007849849 46 1 1 0
2007850217 45 1 1 1
2007856269 45 1 1 0
2007859794 46 1 1 1
2007861083 45 1 1 1
2007862099 46 1 1 0
2007868262 45 1 1 0
2007870316 46 1 1 1
2007873344 45 1 1 1
2007873582 46 1 1 0
2007879956 45 1 1 0
2007883904 46 1 1 1
2007884954 45 1 1 1
2007885235 46 1 1 0
2007891771 45 1 1 0
2007894706 46 1 1 1
2007895454 46 1 1 0
2007897925 45 1 1 1
2007903157 45 1 1 0
2007908579 45 1 1 1
2007915686 45 1 1 0
2007919489 45 1 1 1
2007921623 46 1 1 1
2007922454 45 1 1 0
2007925620 46 1 1 0
2007926265 45 1 1 1
2007933593 45 1 1 0
2007939482 45 1 1 1
2007949159 45 1 1 0
2007951492 46 1 1 1
2007952139 46 1 1 0
2007954202 45 1 1 1
2007965154 45 1 1 0
2007968332 45 1 1 1
2007975395 45 1 1 0
2007979337 45 1 1 1
2007986620 45 1 1 0
2007991658 45 1 1 1
2008001721 45 1 1 0
2008007083 45 1 1 1
2008013103 45 1 1 0
2008018508 45 1 1 1
2008024744 45 1 1 0
2008028377 45 1 1 1
2008031582 45 1 1 0
2008081867 46 1 1 1
2008117334 46 1 1 0
2008119427 47 1 1 1
2008121857 46 1 1 1
2008122917 47 1 1 0
2008124594 46 1 1 0
2008128285 47 1 1 1
2008130617 46 1 1 1
2008132007 47 1 1 0
2008134406 46 1 1 0
2008137758 47 1 1 1
2008141715 47 1 1 0
2008146846 47 1 1 1
2008147004 46 1 1 1
2008150785 47 1 1 0
2008151363 46 1 1 0
2008155970 47 1 1 1
2008156536 46 1 1 1
2008160083 46 1 1 0
2008160510 47 1 1 0
2008165424 47 1 1 1
2008170402 47 1 1 0
2008174829 47 1 1 1
2008178725 47 1 1 0
2008184477 47 1 1 1
2008188460 47 1 1 0
2008193983 47 1 1 1
2008197706 47 1 1 0
2008204081 47 1 1 1
2008208116 47 1 1 0
2008213659 47 1 1 1
2008217338 47 1 1 0
2008224100 47 1 1 1
2008227342 47 1 1 0
2008233652 47 1 1 1
2008237838 47 1 1 0
2008244406 47 1 1 1
2008247963 47 1 1 0
2008248401 37 1 8 1
2008252900 37 1 8 0
2008254209 47 1 1 1
2008256492 37 1 8 1
2008257836 47 1 1 0
2008262702 37 1 8 0
2008264643 47 1 1 1
2008266796 37 1 8 1
2008268120 47 1 1 0
2008273022 37 1 8 0
2008273057 47 1 1 1
2008275697 37 1 8 1
2008276836 47 1 1 0
2008281710 37 1 8 0
2008283800 47 1 1 1
2008285761 37 1 8 1
2008287170 47 1 1 0
2008292840 37 1 8 0
2008294039 47 1 1 1
2008296112 37 1 8 1
2008297411 47 1 1 0
2008301607 37 1 8 0
2008304917 47 1 1 1
2008308391 47 1 1 0
2008308789 37 1 8 1
2008311910 37 1 8 0
2008315969 47 1 1 1
2008317772 37 1 8 1
2008319142 47 1 1 0
2008324098 37 1 8 0
2008326406 47 1 1 1
2008328398 37 1 8 1
2008329745 47 1 1 0
2008333923 45 1 1 1
2008334705 45 1 1 0
2008336416 47 1 1 1
2008337313 37 1 8 0
2008339399 37 1 8 1
2008340170 47 1 1 0
2008342162 45 1 1 1
2008345155 45 1 1 0
2008345538 37 1 8 0
2008349157 47 1 1 1
2008351575 37 1 8 1
2008351658 47 1 1 0
2008355415 37 1 8 0
2008370206 47 1 1 1
2008372454 37 1 8 1
2008373782 47 1 1 0
2008377387 37 1 8 0
2008379935 47 1 1 1
2008383299 37 1 8 1
2008383677 47 1 1 0
2008387127 37 1 8 0
2008391411 47 1 1 1
2008394738 47 1 1 0
2008394790 37 1 8 1
2008397986 37 1 8 0
2008402302 47 1 1 1
2008405112 37 1 8 1
2008405629 47 1 1 0
2008409122 37 1 8 0
2008413303 47 1 1 1
2008416008 37 1 8 1
2008416464 47 1 1 0
2008420048 37 1 8 0
2008424858 47 1 1 1
2008427687 37 1 8 1
2008427936 47 1 1 0
2008431346 37 1 8 0
2008435915 47 1 1 1
2008439072 47 1 1 0
2008439416 37 1 8 1
2008442403 37 1 8 0
2008446719 47 1 1 1
2008450050 47 1 1 0
2008450137 37 1 8 1
2008453377 37 1 8 0
2008457614 47 1 1 1
2008461032 37 1 8 1
2008461107 47 1 1 0
2008464351 37 1 8 0
2008469090 47 1 1 1
2008472417 47 1 1 0
2008472464 37 1 8 1
2008475748 37 1 8 0
2008479732 47 1 1 1
2008483225 47 1 1 0
2008483312 37 1 8 1
2008486339 37 1 8 0
2008488220 47 1 1 1
2008491583 37 1 8 1
2008491879 47 1 1 0
2008495210 37 1 8 0
2008498584 47 1 1 1
2008502194 37 1 8 1
2008504508 47 1 1 0
2008508010 37 1 8 0
2008510440 47 1 1 1
2008513775 37 1 8 1
2008515652 47 1 1 0
2008519039 37 1 8 0
2008522098 47 1 1 1
2008525356 37 1 8 1
2008527670 47 1 1 0
2008531199 37 1 8 0
2008534373 47 1 1 1
2008537601 37 1 8 1
2008539166 47 1 1 0
2008542612 37 1 8 0
2008546834 47 1 1 1
2008549270 47 1 1 0
2008550097 37 1 8 1
2008552467 37 1 8 0
2008555273 47 1 1 1
2008559057 37 1 8 1
2008561407 47 1 1 0
2008564513 37 1 8 0
2008566860 47 1 1 1
2008570470 37 1 8 1
2008571562 47 1 1 0
2008574581 37 1 8 0
2008578443 47 1 1 1
2008582232 37 1 8 1
2008582856 46 1 1 1
2008583272 47 1 1 0
2008585636 46 1 1 0
2008586386 37 1 8 0
2008591774 46 1 1 1
2008593858 47 1 1 1
2008595566 46 1 1 0
2008597783 47 1 1 0
2008598025 37 1 8 1
2008600882 37 1 8 0
2008602186 46 1 1 1
2008605876 47 1 1 1
2008605970 46 1 1 0
2008608834 47 1 1 0
2008609691 37 1 8 1
2008611976 37 1 8 0
2008612305 46 1 1 1
2008615508 47 1 1 1
2008616188 46 1 1 0
2008618663 47 1 1 0
2008619125 37 1 8 1
2008621809 37 1 8 0
2008621985 46 1 1 1
2008624980 47 1 1 1
2008626335 46 1 1 0
2008628320 47 1 1 0
2008628957 37 1 8 1
2008630693 46 1 1 1
2008631407 37 1 8 0
2008635347 47 1 1 1
2008637897 47 1 1 0
2008642401 46 1 1 0
2008643657 47 1 1 1
2008645335 37 1 8 1
2008648165 47 1 1 0
2008650147 46 1 1 1
2008651338 37 1 8 0
2008655030 46 1 1 0
2008655495 47 1 1 1
2008658498 47 1 1 0
2008659009 37 1 8 1
2008661001 46 1 1 1
2008661869 37 1 8 0
2008664864 46 1 1 0
2008668367 46 1 1 1
2008671582 47 1 1 1
2008673531 46 1 1 0
2008674604 47 1 1 0
2008675075 37 1 8 1
2008677995 37 1 8 0
2008679284 47 1 1 1
2008679363 46 1 1 1
2008682397 47 1 1 0
2008682571 37 1 8 1
2008685819 37 1 8 0
2008686951 46 1 1 0
2008689195 47 1 1 1
2008690810 46 1 1 1
2008692557 37 1 8 1
2008692799 47 1 1 0
2008695246 46 1 1 0
2008696216 37 1 8 0
2008697863 46 1 1 1
2008703936 46 1 1 0
2008705425 47 1 1 1
2008708198 46 1 1 1
2008708282 37 1 8 1
2008708849 47 1 1 0
2008712360 37 1 8 0
2008712456 46 1 1 0
2008715516 46 1 1 1
2008722848 47 1 1 1
2008725426 37 1 8 1
2008725465 47 1 1 0
2008728380 46 1 1 0
2008728836 37 1 8 0
2008731895 46 1 1 1
2008734246 37 1 8 1
2008738752 47 1 1 1
2008741666 46 1 1 0
2008742237 47 1 1 0
2008745133 46 1 1 1
2008745806 37 1 8 0
2008749469 37 1 8 1
2008751905 47 1 1 1
2008754658 47 1 1 0
2008754670 46 1 1 0
2008757888 46 1 1 1
2008760033 37 1 8 0
2008764115 37 1 8 1
2008766994 47 1 1 1
2008767797 46 1 1 0
2008769790 47 1 1 0
2008772414 47 1 1 1
2008782072 47 1 1 0
2008782349 46 1 1 1
2008785165 37 1 8 0
2008785491 46 1 1 0
2008785827 47 1 1 1
2008787994 37 1 8 1
2008796084 47 1 1 0
2008798463 47 1 1 1
2008808756 47 1 1 0
2008812132 47 1 1 1
2008823515 47 1 1 0
2008827100 47 1 1 1
2008834440 47 1 1 0
2008838282 47 1 1 1
2008844203 47 1 1 0
2008849788 47 1 1 1
2008856531 47 1 1 0
2008859916 37 1 8 0
2008862625 47 1 1 1
2008863220 37 1 8 1
2008866354 47 1 1 0
2008871882 47 1 1 1
2008876917 47 1 1 0
2008880589 37 1 8 0
2008885087 37 1 8 1
2008891816 37 1 8 0
2008892258 47 1 1 1
2008894839 47 1 1 0
2008895129 37 1 8 1
2008900221 37 1 8 0
2008903933 37 1 8 1
2008914923 37 1 8 0
2008920228 37 1 8 1
2008922282 47 1 1 1
2008924841 47 1 1 0
2008930879 47 1 1 1
2008933615 47 1 1 0
2008936116 37 1 8 0
2008940049 37 1 8 1
2008946567 37 1 8 0
2008951773 37 1 8 1
2008959742 37 1 8 0
2008964985 37 1 8 1
2008969412 47 1 1 1
2008969638 37 1 8 0
2008972167 37 1 8 1
2008972213 47 1 1 0
2008978022 37 1 8 0
2008978567 47 1 1 1
2008981021 37 1 8 1
2008981955 47 1 1 0
2008985872 47 1 1 1
2008990682 47 1 1 0
2008992828 37 1 8 0
2008994781 47 1 1 1
2008996574 37 1 8 1
2009001196 47 1 1 0
2009004421 47 1 1 1
2009011305 47 1 1 0
2009014831 37 1 8 0
2009015623 47 1 1 1
2009017415 37 1 8 1
2009022631 47 1 1 0
2009027924 47 1 1 1
2009033718 47 1 1 0
2009035382 37 1 8 0
2009038054 47 1 1 1
2009039977 37 1 8 1
2009043239 47 1 1 0
2009046629 47 1 1 1
2009051149 47 1 1 0
2009053781 37 1 8 0
2009055797 47 1 1 1
2009058108 37 1 8 1
2009060751 47 1 1 0
2009065153 47 1 1 1
2009068747 47 1 1 0
2009070434 37 1 8 0
2009071940 47 1 1 1
2009074429 37 1 8 1
2009076240 47 1 1 0
2009080738 37 1 8 0
2009082675 47 1 1 1
2009084217 37 1 8 1
2009088198 47 1 1 0
2009092965 37 1 8 0
2009093534 47 1 1 1
2009096213 37 1 8 1
2009097840 47 1 1 0
2009102355 47 1 1 1
2009107940 47 1 1 0
2009109627 37 1 8 0
2009114474 47 1 1 1
2009115987 37 1 8 1
2009118510 47 1 1 0
2009122735 47 1 1 1
2009123124 37 1 8 0
2009125874 37 1 8 1
2009129166 46 1 1 1
2009129341 47 1 1 0
2009132910 37 1 8 0
2009134277 47 1 1 1
2009134518 46 1 1 0
2009137237 37 1 8 1
2009141463 46 1 1 1
2009142707 47 1 1 0
2009146616 37 1 8 0
2009146617 46 1 1 0
2009148466 47 1 1 1
2009150965 46 1 1 1
2009151441 37 1 8 1
2009152853 47 1 1 0
2009155981 46 1 1 0
2009156422 37 1 8 0
2009158600 47 1 1 1
2009159815 46 1 1 1
2009161626 37 1 8 1
2009163546 46 1 1 0
2009165593 47 1 1 0
2009168423 46 1 1 1
2009169328 37 1 8 0
2009169387 47 1 1 1
2009172497 37 1 8 1
2009174363 46 1 1 0
2009174520 47 1 1 0
2009178216 37 1 8 0
2009178220 46 1 1 1
2009179477 47 1 1 1
2009182460 37 1 8 1
2009182658 46 1 1 0
2009186993 46 1 1 1
2009187039 47 1 1 0
2009190956 37 1 8 0
2009191649 47 1 1 1
2009191676 46 1 1 0
2009194725 37 1 8 1
2009195778 46 1 1 1
2009196543 47 1 1 0
2009199914 47 1 1 1
2009200203 37 1 8 0
2009200366 46 1 1 0
2009203123 37 1 8 1
2009205966 46 1 1 1
2009209221 47 1 1 0
2009210380 46 1 1 0
2009212853 47 1 1 1
2009213151 37 1 8 0
2009214454 46 1 1 1
2009215968 37 1 8 1
2009218726 46 1 1 0
2009218858 47 1 1 0
2009222387 47 1 1 1
2009222585 37 1 8 0
2009223650 46 1 1 1
2009225501 37 1 8 1
2009227724 46 1 1 0
2009229478 47 1 1 0
2009232644 46 1 1 1
2009233288 37 1 8 0
2009233442 47 1 1 1
2009236438 46 1 1 0
2009236487 37 1 8 1
2009239267 47 1 1 0
2009242255 46 1 1 1
2009242994 37 1 8 0
2009247768 46 1 1 0
2009247987 47 1 1 1
2009250309 37 1 8 1
2009251333 47 1 1 0
2009254961 46 1 1 1
2009256084 37 1 8 0
2009259763 46 1 1 0
2009261822 37 1 8 1
2009264696 46 1 1 1
2009265292 37 1 8 0
2009269471 46 1 1 0
2009271325 37 1 8 1
2009274380 46 1 1 1
2009274674 37 1 8 0
2009278538 46 1 1 0
2009281433 37 1 8 1
2009283435 47 1 1 1
2009287751 47 1 1 0
2009288262 46 1 1 1
2009289354 37 1 8 0
2009290838 46 1 1 0
2009291461 47 1 1 1
2009293930 37 1 8 1
2009295368 47 1 1 0
2009298300 47 1 1 1
2009301494 47 1 1 0
2009303922 46 1 1 1
2009304565 37 1 8 0
2009307301 46 1 1 0
2009308582 47 1 1 1
2009310677 37 1 8 1
2009314292 47 1 1 0
2009316695 45 1 1 1
2009318704 46 1 1 1
2009319554 37 1 8 0
2009322198 46 1 1 0
2009323148 47 1 1 1
2009324091 45 1 1 0
2009325512 37 1 8 1
2009326866 47 1 1 0
2009326937 45 1 1 1
2009330743 46 1 1 1
2009331601 37 1 8 0
2009333478 46 1 1 0
2009336487 45 1 1 0
2009339242 45 1 1 1
2009340525 46 1 1 1
2009342535 47 1 1 1
2009343149 37 1 8 1
2009343564 46 1 1 0
2009344477 47 1 1 0
2009348478 37 1 8 0
2009351235 45 1 1 0
2009351486 47 1 1 1
2009352904 46 1 1 1
2009353884 37 1 8 1
2009354152 45 1 1 1
2009355266 47 1 1 0
2009356077 46 1 1 0
2009358993 37 1 8 0
2009361923 46 1 1 1
2009365868 46 1 1 0
2009368025 45 1 1 0
2009368378 37 1 8 1
2009370625 45 1 1 1
2009371786 37 1 8 0
2009373335 46 1 1 1
2009376471 47 1 1 1
2009376992 46 1 1 0
2009377939 37 1 8 1
2009378950 47 1 1 0
2009383183 37 1 8 0
2009384705 47 1 1 1
2009385360 45 1 1 0
2009386164 46 1 1 1
2009387572 37 1 8 1
2009387586 47 1 1 0
2009387992 45 1 1 1
2009389253 46 1 1 0
2009391464 37 1 8 0
2009397688 46 1 1 1
2009398360 47 1 1 1
2009399656 37 1 8 1
2009400364 46 1 1 0
2009400439 47 1 1 0
2009404419 37 1 8 0
2009406652 45 1 1 0
2009409343 47 1 1 1
2009410191 45 1 1 1
2009410867 46 1 1 1
2009411734 37 1 8 1
2009413626 47 1 1 0
2009413838 46 1 1 0
2009414877 45 1 1 0
2009418282 37 1 8 0
2009418873 47 1 1 1
2009419563 45 1 1 1
2009421696 37 1 8 1
2009422156 46 1 1 1
2009422491 47 1 1 0
2009423911 45 1 1 0
2009426384 37 1 8 0
2009429674 45 1 1 1
2009430599 46 1 1 0
2009434475 45 1 1 0
2009435941 37 1 8 1
2009438137 46 1 1 1
2009438315 45 1 1 1
2009438410 47 1 1 1
2009438679 37 1 8 0
2009441382 46 1 1 0
2009441480 37 1 8 1
2009441959 47 1 1 0
2009442422 45 1 1 0
2009445790 46 1 1 1
2009446346 37 1 8 0
2009448818 45 1 1 1
2009452759 46 1 1 0
2009453723 45 1 1 0
2009455404 37 1 8 1
2009457612 45 1 1 1
2009458408 37 1 8 0
2009459171 46 1 1 1
2009461243 45 1 1 0
2009466595 45 1 1 1
2009466935 46 1 1 0
2009468449 47 1 1 1
2009468627 37 1 8 1
2009470721 47 1 1 0
2009471034 45 1 1 0
2009474157 46 1 1 1
2009474863 37 1 8 0
2009475694 45 1 1 1
2009478205 45 1 1 0
2009478651 47 1 1 1
2009479952 46 1 1 0
2009480613 37 1 8 1
2009481547 47 1 1 0
2009484555 45 1 1 1
2009485673 37 1 8 0
2009485744 47 1 1 1
2009486664 46 1 1 1
2009488110 44 1 1 1
2009488215 47 1 1 0
2009488589 37 1 8 1
2009489418 45 1 1 0
2009490352 46 1 1 0
2009492029 44 1 1 0
2009492515 37 1 8 0
2009494474 46 1 1 1
2009495123 44 1 1 1
2009498322 47 1 1 1
2009499555 45 1 1 1
2009499664 37 1 8 1
2009500158 46 1 1 0
2009502440 47 1 1 0
2009503351 44 1 1 0
2009503447 45 1 1 0
2009506071 46 1 1 1
2009506212 44 1 1 1
2009508938 37 1 8 0
2009509536 46 1 1 0
2009510049 45 1 1 1
2009512215 46 1 1 1
2009513106 45 1 1 0
2009514100 44 1 1 0
2009516960 46 1 1 0
2009517096 44 1 1 1
2009517383 47 1 1 1
2009518411 37 1 8 1
2009520150 45 1 1 1
2009521293 47 1 1 0
2009524034 45 1 1 0
2009524907 46 1 1 1
2009526175 37 1 8 0
2009527669 44 1 1 0
2009528963 37 1 8 1
2009531085 44 1 1 1
2009531946 46 1 1 0
2009533073 45 1 1 1
2009537701 45 1 1 0
2009539730 47 1 1 1
2009540145 46 1 1 1
2009541647 44 1 1 0
2009542803 47 1 1 0
2009544308 37 1 8 0
2009544488 45 1 1 1
2009545109 44 1 1 1
2009547774 46 1 1 0
2009547888 45 1 1 0
2009547929 37 1 8 1
2009550738 47 1 1 1
2009553876 45 1 1 1
2009554351 46 1 1 1
2009555525 44 1 1 0
2009555964 47 1 1 0
2009557761 46 1 1 0
2009558252 45 1 1 0
2009558657 44 1 1 1
2009559409 37 1 8 0
2009560662 47 1 1 1
2009562835 46 1 1 1
2009563404 37 1 8 1
2009565102 45 1 1 1
2009565113 45 1 1 0
2009565572 45 1 1 1
2009565704 44 1 1 0
2009565742 47 1 1 0
2009568671 44 1 1 1
2009568854 46 1 1 0
2009569750 45 1 1 0
2009571817 37 1 8 0
2009572734 47 1 1 1
2009573335 45 1 1 1
2009574664 46 1 1 1
2009575148 37 1 8 1
2009577481 45 1 1 0
2009577776 44 1 1 0
2009578331 46 1 1 0
2009579471 47 1 1 0
2009581903 46 1 1 1
2009582041 44 1 1 1
2009583351 45 1 1 1
2009584443 37 1 8 0
2009585609 47 1 1 1
2009586681 46 1 1 0
2009587906 37 1 8 1
2009588259 45 1 1 0
2009589119 47 1 1 0
2009592226 46 1 1 1
2009592611 45 1 1 1
2009593712 44 1 1 0
2009593747 47 1 1 1
2009593982 45 1 1 0
2009598689 44 1 1 1
2009598865 45 1 1 1
2009600328 46 1 1 0
2009600346 47 1 1 0
2009602771 44 1 1 0
2009602850 37 1 8 0
2009603225 45 1 1 0
2009603531 47 1 1 1
2009604675 46 1 1 1
2009606431 37 1 8 1
2009607476 44 1 1 1
2009607480 45 1 1 1
2009608153 47 1 1 0
2009610124 45 1 1 0
2009611665 44 1 1 0
2009611844 47 1 1 1
2009615062 46 1 1 0
2009615897 45 1 1 1
2009616275 44 1 1 1
2009617098 47 1 1 0
2009618816 46 1 1 1
2009620412 44 1 1 0
2009620641 45 1 1 0
2009621133 47 1 1 1
2009622086 37 1 8 0
2009624291 37 1 8 1
2009624645 45 1 1 1
2009625456 45 1 1 0
2009625972 47 1 1 0
2009626369 44 1 1 1
2009629325 44 1 1 0
2009630373 47 1 1 1
2009632980 46 1 1 0
2009634023 47 1 1 0
2009635979 37 1 8 0
2009636372 44 1 1 1
2009637003 46 1 1 1
2009637287 47 1 1 1
2009639156 44 1 1 0
2009639881 37 1 8 1
2009641251 46 1 1 0
2009644930 46 1 1 1
2009645594 47 1 1 0
2009646782 44 1 1 1
2009649521 44 1 1 0
2009649782 47 1 1 1
2009653380 47 1 1 0
2009656768 46 1 1 0
2009656859 37 1 8 0
2009656897 47 1 1 1
2009659788 37 1 8 1
2009660625 46 1 1 1
2009661066 44 1 1 1
2009663895 47 1 1 0
2009665250 44 1 1 0
2009668092 47 1 1 1
2009668462 37 1 8 0
2009671097 47 1 1 0
2009671118 37 1 8 1
2009672289 46 1 1 0
2009674618 47 1 1 1
2009676810 46 1 1 1
2009678210 47 1 1 0
2009680513 37 1 8 0
2009681707 47 1 1 1
2009682604 46 1 1 0
2009683098 37 1 8 1
2009684805 47 1 1 0
2009685556 46 1 1 1
2009689135 37 1 8 0
2009691859 37 1 8 1
2009693394 47 1 1 1
2009695272 46 1 1 0
2009697391 47 1 1 0
2009699627 46 1 1 1
2009700403 37 1 8 0
2009702426 47 1 1 1
2009703787 37 1 8 1
2009704737 46 1 1 0
2009706934 47 1 1 0
2009709653 46 1 1 1
2009710965 47 1 1 1
2009714262 47 1 1 0
2009717629 46 1 1 0
2009719645 47 1 1 1
2009720087 37 1 8 0
2009722308 46 1 1 1
2009722518 37 1 8 1
2009726752 47 1 1 0
2009727050 46 1 1 0
2009730364 47 1 1 1
2009731812 46 1 1 1
2009736151 46 1 1 0
2009737283 47 1 1 0
2009740644 46 1 1 1
2009742674 47 1 1 1
2009746722 47 1 1 0
2009749423 23 0 1 1
2009750316 46 1 1 0
2009751244 37 1 8 0
2009752872 47 1 1 1
2009753646 23 0 1 0
2009755237 37 1 8 1
2009755410 46 1 1 1
2009757536 47 1 1 0
2009758934 23 0 1 1
2009759654 46 1 1 0
2009763186 23 0 1 0
2009763611 47 1 1 1
2009763815 46 1 1 1
2009767207 47 1 1 0
2009767798 23 0 1 1
2009768585 46 1 1 0
2009772472 23 0 1 0
2009772703 46 1 1 1
2009773134 37 1 8 0
2009776674 47 1 1 1
2009777913 37 1 8 1
2009777964 46 1 1 0
2009778942 23 0 1 1
2009780737 47 1 1 0
2009782631 46 1 1 1
2009782718 44 1 1 1
2009785500 23 0 1 0
2009786310 46 1 1 0
2009787192 44 1 1 0
2009787669 23 0 1 1
2009790274 46 1 1 1
2009791127 37 1 8 0
2009791809 47 1 1 1
2009792097 23 0 1 0
2009793081 44 1 1 1
2009794436 46 1 1 0
2009794566 37 1 8 1
2009795191 23 0 1 1
2009795206 47 1 1 0
2009796796 44 1 1 0
2009798973 46 1 1 1
2009799129 23 0 1 0
2009800518 47 1 1 1
2009802091 23 0 1 1
2009802511 44 1 1 1
2009803791 47 1 1 0
2009804186 46 1 1 0
2009805542 44 1 1 0
2009806233 37 1 8 0
2009808949 47 1 1 1
2009810254 23 0 1 0
2009810668 37 1 8 1
2009811804 44 1 1 1
2009813009 44 1 1 0
2009813605 23 0 1 1
2009813791 44 1 1 1
2009814494 44 1 1 0
2009814679 47 1 1 0
2009817938 44 1 1 1
2009821363 47 1 1 1
2009821846 23 0 1 0
2009822573 44 1 1 0
2009824521 23 0 1 1
2009826625 47 1 1 0
2009828339 37 1 8 0
2009830993 47 1 1 1
2009831952 37 1 8 1
2009834772 47 1 1 0
2009841796 47 1 1 1
2009845043 47 1 1 0
2009847693 37 1 8 0
2009852984 47 1 1 1
2009854624 37 1 8 1
2009856662 47 1 1 0
2009863176 47 1 1 1
2009866772 47 1 1 0
2009867746 44 1 1 1
2009868496 37 1 8 0
2009872255 37 1 8 1
2009872329 44 1 1 0
2009876479 44 1 1 1
2009876722 37 1 8 0
2009876840 47 1 1 1
2009879705 44 1 1 0
2009879916 37 1 8 1
2009880251 47 1 1 0
2009886012 44 1 1 1
2009889260 44 1 1 0
2009889792 37 1 8 0
2009893071 47 1 1 1
2009895392 37 1 8 1
2009897166 47 1 1 0
2009901440 44 1 1 1
2009904048 44 1 1 0
2009904153 37 1 8 0
2009904360 47 1 1 1
2009907441 37 1 8 1
2009908932 47 1 1 0
2009913137 37 1 8 0
2009914752 44 1 1 1
2009914837 47 1 1 1
2009917163 37 1 8 1
2009917457 44 1 1 0
2009919974 47 1 1 0
2009927528 47 1 1 1
2009930670 44 1 1 1
2009931363 47 1 1 0
2009932585 37 1 8 0
2009933468 44 1 1 0
2009936351 37 1 8 1
2009937550 22 0 1 1
2009940775 47 1 1 1
2009941375 37 1 8 0
2009943994 37 1 8 1
2009945618 44 1 1 1
2009947037 47 1 1 0
2009948160 44 1 1 0
2009951258 47 1 1 1
2009956162 47 1 1 0
2009961287 37 1 8 0
2009963016 47 1 1 1
2009965323 37 1 8 1
2009968705 47 1 1 0
2009975828 37 1 8 0
2009976828 47 1 1 1
2009979341 37 1 8 1
2009981347 47 1 1 0
2009987086 47 1 1 1
2009991370 47 1 1 0
2009995402 37 1 8 0
2010000247 37 1 8 1
2010002025 47 1 1 1
2010005677 47 1 1 0
2010009523 37 1 8 0
2010011994 47 1 1 1
2010012866 37 1 8 1
2010013790 47 1 1 0
2010017256 47 1 1 1
2010020679 47 1 1 0
2010023836 37 1 8 0
2010024147 47 1 1 1
2010026942 37 1 8 1
2010027294 47 1 1 0
2010034469 47 1 1 1
2010035031 37 1 8 0
2010037694 37 1 8 1
2010043067 47 1 1 0
2010047920 37 1 8 0
2010053288 37 1 8 1
2010057949 37 1 8 0
2010064174 37 1 8 1
2010064400 47 1 1 1
2010068700 47 1 1 0
2010072616 37 1 8 0
2010077072 23 0 1 0
2010078910 37 1 8 1
2010080514 23 0 1 1
2010082598 37 1 8 0
2010084630 23 0 1 0
2010085499 47 1 1 1
2010087538 37 1 8 1
2010087794 23 0 1 1
2010092229 47 1 1 0
2010092416 23 0 1 0
2010095085 23 0 1 1
2010100472 37 1 8 0
2010101903 47 1 1 1
2010103706 23 0 1 0
2010104681 37 1 8 1
2010106568 23 0 1 1
2010108608 47 1 1 0
2010112913 37 1 8 0
2010115832 23 0 1 0
2010116285 37 1 8 1
2010118686 23 0 1 1
2010122237 37 1 8 0
2010125309 47 1 1 1
2010126210 23 0 1 0
2010127453 37 1 8 1
2010128612 47 1 1 0
2010134237 47 1 1 1
2010135183 23 0 1 1
2010137102 47 1 1 0
2010139505 37 1 8 0
2010145922 23 0 1 0
2010145996 47 1 1 1
2010147157 37 1 8 1
2010148873 47 1 1 0
2010149349 23 0 1 1
2010155606 37 1 8 0
2010157704 23 0 1 0
2010158615 47 1 1 1
2010160641 37 1 8 1
2010161165 47 1 1 0
2010161852 23 0 1 1
2010165019 37 1 8 0
2010166280 47 1 1 1
2010166374 23 0 1 0
2010168966 37 1 8 1
2010169598 47 1 1 0
2010170540 23 0 1 1
2010173543 37 1 8 0
2010174670 23 0 1 0
2010177823 37 1 8 1
2010179223 23 0 1 1
2010180791 37 1 8 0
2010182960 23 0 1 0
2010184660 47 1 1 1
2010186759 37 1 8 1
2010187285 47 1 1 0
2010189156 23 0 1 1
2010194259 37 1 8 0
2010195767 23 0 1 0
2010202583 37 1 8 1
2010204218 23 0 1 1
2010206557 37 1 8 0
2010208930 23 0 1 0
2010215470 37 1 8 1
2010217865 23 0 1 1
2010220183 37 1 8 0
2010223019 23 0 1 0
2010225301 37 1 8 1
2010228248 23 0 1 1
2010228382 37 1 8 0
2010231322 23 0 1 0
2010232225 47 1 1 1
2010234433 37 1 8 1
2010235281 47 1 1 0
2010237482 23 0 1 1
2010239237 37 1 8 0
2010242866 23 0 1 0
2010243008 37 1 8 1
2010245819 37 1 8 0
2010246884 23 0 1 1
2010249653 23 0 1 0
2010257436 23 0 1 1
2010260365 23 0 1 0
2010265549 37 1 8 1
2010268458 23 0 1 1
2010268467 37 1 8 0
2010271368 23 0 1 0
2010405677 22 0 1 0
2010443407 22 0 1 1
2010448141 22 0 1 0
2010452468 22 0 1 1
2010457455 22 0 1 0
2010460869 22 0 1 1
2010467785 22 0 1 0
2010471365 22 0 1 1
2010476838 22 0 1 0
2010480750 22 0 1 1
2010492161 22 0 1 0
2010497235 22 0 1 1
2010508168 22 0 1 0
2010512744 22 0 1 1
2010522732 22 0 1 0
2010527684 22 0 1 1
2010531570 22 0 1 0
2010535399 22 0 1 1
2010541394 22 0 1 0
2010546551 22 0 1 1
2010551810 22 0 1 0
2010556386 22 0 1 1
2010559242 22 0 1 0
2010566474 22 0 1 1
2010569176 22 0 1 0
2012469132 3 0 1 1
2012495526 3 0 1 0
2012499786 3 0 1 1
2012581617 3 0 1 0
2012587301 3 0 1 1
2012592309 3 0 1 0
2012596645 3 0 1 1
2012601912 3 0 1 0
2012616496 3 0 1 1
2012619378 3 0 1 0
2012627647 3 0 1 1
2012630351 3 0 1 0
2012652574 3 0 1 1
2012657271 3 0 1 0
2012661711 3 0 1 1
2012666483 3 0 1 0
2012732500 40 1 4 1
2012737317 40 1 4 0
2012741553 40 1 4 1
2012746951 40 1 4 0
2012751270 40 1 4 1
2012755838 40 1 4 0
2012760821 40 1 4 1
2012764891 40 1 4 0
2012769874 40 1 4 1
2012774110 40 1 4 0
2012779840 40 1 4 1
2012783744 40 1 4 0
2012785560 0 0 1 1
2012788424 0 0 1 0
2012789640 40 1 4 1
2012793129 40 1 4 0
2012797809 0 0 1 1
2012798776 40 1 4 1
2012800583 0 0 1 0
2012802763 40 1 4 0
2012808746 40 1 4 1
2012812650 40 1 4 0
2012813721 0 0 1 1
2012816592 0 0 1 0
2012819210 40 1 4 1
2012823031 40 1 4 0
2012829176 40 1 4 1
2012829979 0 0 1 1
2012832964 0 0 1 0
2012832997 40 1 4 0
2012838478 40 1 4 1
2012841629 0 0 1 1
2012842902 40 1 4 0
2012844951 0 0 1 0
2012847544 40 1 4 1
2012851815 0 0 1 1
2012852134 40 1 4 0
2012856556 0 0 1 0
2012857031 40 1 4 1
2012860917 40 1 4 0
2012864080 0 0 1 1
2012867015 40 1 4 1
2012867383 0 0 1 0
2012871085 40 1 4 0
2012876370 40 1 4 1
2012877838 0 0 1 1
2012880194 0 0 1 0
2012880550 40 1 4 0
2012885478 40 1 4 1
2012889575 40 1 4 0
2012894652 40 1 4 1
2012899469 40 1 4 0
2012903431 0 0 1 1
2012904618 40 1 4 1
2012905951 0 0 1 0
2012908190 40 1 4 0
2012913588 40 1 4 1
2012916044 0 0 1 1
2012917492 40 1 4 0
2012919363 0 0 1 0
2012922226 40 1 4 1
2012926711 40 1 4 0
2012932026 40 1 4 1
2012936677 40 1 4 0
2012942158 40 1 4 1
2012945904 40 1 4 0
2012952117 40 1 4 1
2012955725 40 1 4 0
2012961772 40 1 4 1
2012965218 40 1 4 0
2012971850 40 1 4 1
2012975968 40 1 4 0
2012982011 40 1 4 1
2012985117 40 1 4 0
2012992599 40 1 4 1
2012995796 40 1 4 0
2013003697 40 1 4 1
2013006894 40 1 4 0
2013015048 40 1 4 1
2013017992 40 1 4 0
2013391624 1 0 1 1
2013418374 43 1 2 1
2013429842 43 1 2 0
2013433246 43 1 2 1
2013442989 43 1 2 0
2013447605 43 1 2 1
2013454439 43 1 2 0
2013459984 43 1 2 1
2013466881 43 1 2 0
2013472418 43 1 2 1
2013479240 43 1 2 0
2013485113 43 1 2 1
2013491010 43 1 2 0
2013497451 43 1 2 1
2013501423 43 1 2 0
2013507312 43 1 2 1
2013511284 43 1 2 0
2013517600 43 1 2 1
2013521663 43 1 2 0
2013527125 43 1 2 1
2013531097 43 1 2 0
2013536986 43 1 2 1
2013540203 43 1 2 0
2013546461 43 1 2 1
2013550393 43 1 2 0
2013555607 43 1 2 1
2013559711 43 1 2 0
2013565348 43 1 2 1
2013569915 43 1 2 0
2013574860 43 1 2 1
2013578811 43 1 2 0
2013584612 43 1 2 1
2013588182 43 1 2 0
2013594650 43 1 2 1
2013598096 43 1 2 0
2013603741 43 1 2 1
2013607484 43 1 2 0
2013610892 1 0 1 0
2013613291 43 1 2 1
2013617544 43 1 2 0
2013623286 43 1 2 1
2013627170 43 1 2 0
2013632372 43 1 2 1
2013636677 43 1 2 0
2013641615 43 1 2 1
2013650076 43 1 2 0
2013653161 43 1 2 1
2013663142 43 1 2 0
2013666169 43 1 2 1
2013673700 43 1 2 0
2013678119 43 1 2 1
2013682693 43 1 2 0
2013686868 43 1 2 1
2013691627 43 1 2 0
2013696900 43 1 2 1
2013700972 43 1 2 0
2013706233 43 1 2 1
2013709739 43 1 2 0
2013715937 43 1 2 1
2013719550 43 1 2 0
2013727982 43 1 2 1
2013730823 43 1 2 0
2013750199 43 1 2 1
2013752561 43 1 2 0
2013770391 43 1 2 1
2013773128 43 1 2 0
2013783671 43 1 2 1
2013786579 43 1 2 0
2013805643 43 1 2 1
2013808456 43 1 2 0
2013818292 43 1 2 1
2013821347 43 1 2 0
2013831587 43 1 2 1
2013834705 43 1 2 0
2013842489 43 1 2 1
2013845276 43 1 2 0
2013856824 43 1 2 1
2013859552 43 1 2 0
2019546975 38 1 7 1
2019550862 38 1 7 0
2019554763 38 1 7 1
2019558483 38 1 7 0
2019562378 38 1 7 1
2019566250 38 1 7 0
2019570135 38 1 7 1
2019574020 38 1 7 0
2019577740 38 1 7 1
2019581942 38 1 7 0
2019585790 38 1 7 1
2019590310 38 1 7 0
2019593961 38 1 7 1
2019597551 38 1 7 0
2019602103 38 1 7 1
2019603175 38 1 7 0
2022856965 36 1 7 1
2022861796 36 1 7 0
2022866238 36 1 7 1
2022870764 36 1 7 0
2022874981 36 1 7 1
2022879643 36 1 7 0
2022884330 36 1 7 1
2022888979 36 1 7 0
2022893915 36 1 7 1
2022897945 36 1 7 0
2022902881 36 1 7 1
2022907030 36 1 7 0
2022911800 36 1 7 1
2022915826 36 1 7 0
2022920426 36 1 7 1
2022924111 36 1 7 0
2022931012 36 1 7 1
2022934170 36 1 7 0
2023557125 38 1 7 1
2023562471 38 1 7 0
2023566221 38 1 7 1
2023571881 38 1 7 0
2023576133 38 1 7 1
2023581839 38 1 7 0
2023585925 38 1 7 1
2023590806 38 1 7 0
2023596323 38 1 7 1
2023600492 38 1 7 0
2023604967 38 1 7 1
2023609856 38 1 7 0
2023614128 38 1 7 1
2023618318 38 1 7 0
2023623523 38 1 7 1
2023628271 38 1 7 0
2023634196 38 1 7 1
2023638212 38 1 7 0
2023643717 38 1 7 1
2023647809 38 1 7 0
2023654144 38 1 7 1
2023657778 38 1 7 0
2023663615 38 1 7 1
2023667486 38 1 7 0
2023673410 38 1 7 1
2023676905 38 1 7 0
2023684735 38 1 7 1
2023687775 38 1 7 0
2023697123 38 1 7 1
2023700002 38 1 7 0
2023709922 38 1 7 1
2023712730 38 1 7 0
2023724312 38 1 7 1
2023726900 38 1 7 0
2023737113 38 1 7 1
2023740155 38 1 7 0
2023747234 38 1 7 1
2023750257 38 1 7 0
2023759095 38 1 7 1
2023762048 38 1 7 0
2023771220 38 1 7 1
2023774091 38 1 7 0
2023782634 38 1 7 1
2023786134 38 1 7 0
2023793444 38 1 7 1
2023796978 38 1 7 0
2023802524 38 1 7 1
2023806273 38 1 7 0
2023812762 38 1 7 1
2023816734 38 1 7 0
2023822964 38 1 7 1
2023826634 38 1 7 0
2023833139 38 1 7 1
2023836761 38 1 7 0
2023843073 38 1 7 1
2023846930 38 1 7 0
2023853255 38 1 7 1
2023856946 38 1 7 0
2023866462 38 1 7 1
2023869514 38 1 7 0
2023878587 38 1 7 1
2023881726 38 1 7 0
2023891519 38 1 7 1
2023893702 38 1 7 0
2024382707 36 1 7 1
2024390069 36 1 7 0
2024393331 36 1 7 1
2024400979 36 1 7 0
2024404846 36 1 7 1
2024409935 36 1 7 0
2024414004 36 1 7 1
2024417519 36 1 7 0
2024425864 36 1 7 1
2024430258 36 1 7 0
2024435766 36 1 7 1
2024440060 36 1 7 0
2024444180 36 1 7 1
2024450898 36 1 7 0
2024455718 36 1 7 1
2024459850 36 1 7 0
2024464891 36 1 7 1
2024465855 36 1 7 0
2024474111 36 1 7 1
2024478084 36 1 7 0
2024483888 36 1 7 1
2024487521 36 1 7 0
2024493855 36 1 7 1
2024497646 36 1 7 0
2024503367 36 1 7 1
2024506838 36 1 7 0
2024513591 36 1 7 1
2024516714 36 1 7 0
2024525389 36 1 7 1
2024531114 36 1 7 0
2024536347 36 1 7 1
2024538161 36 1 7 0
2027209182 40 1 1 1
2027213538 40 1 1 0
2027217716 40 1 1 1
2027222250 40 1 1 0
2027226531 40 1 1 1
2027231231 40 1 1 0
2027235583 40 1 1 1
2027240305 40 1 1 0
2027244942 40 1 1 1
2027249207 40 1 1 0
2027254065 40 1 1 1
2027258461 40 1 1 0
2027263229 40 1 1 1
2027267591 40 1 1 0
2027272208 40 1 1 1
2027276504 40 1 1 0
2027281275 40 1 1 1
2027285868 40 1 1 0
2027290403 40 1 1 1
2027294785 40 1 1 0
2027299303 40 1 1 1
2027304054 40 1 1 0
2027309446 40 1 1 1
2027312441 40 1 1 0
2027319023 40 1 1 1
2027321833 40 1 1 0
2027328311 40 1 1 1
2027332566 40 1 1 0
2027337357 40 1 1 1
2027341764 40 1 1 0
2027346579 40 1 1 1
2027350994 40 1 1 0
2027355718 40 1 1 1
2027360805 40 1 1 0
2027365414 40 1 1 1
2027369733 40 1 1 0
2027373932 40 1 1 1
2027378600 40 1 1 0
2027382948 40 1 1 1
2027387846 40 1 1 0
2027392186 40 1 1 1
2027396904 40 1 1 0
2027401640 40 1 1 1
2027406579 40 1 1 0
2027410972 40 1 1 1
2027415633 40 1 1 0
2027420017 40 1 1 1
2027424604 40 1 1 0
2027429171 40 1 1 1
2027433753 40 1 1 0
2027438232 40 1 1 1
2027442686 40 1 1 0
2027446999 40 1 1 1
2027451558 40 1 1 0
2027456314 40 1 1 1
2027460745 40 1 1 0
2027465580 40 1 1 1
2027470020 40 1 1 0
2027474839 40 1 1 1
2027479220 40 1 1 0
2027483897 40 1 1 1
2027488084 40 1 1 0
2027492832 40 1 1 1
2027497157 40 1 1 0
2027501984 40 1 1 1
2027506364 40 1 1 0
2027510938 40 1 1 1
2027515097 40 1 1 0
2027519552 40 1 1 1
2027523982 40 1 1 0
2027529094 40 1 1 1
2027533269 40 1 1 0
2027537977 40 1 1 1
2027542306 40 1 1 0
2027546812 40 1 1 1
2027551263 40 1 1 0
2027555951 40 1 1 1
2027560339 40 1 1 0
2027564948 40 1 1 1
2027569039 40 1 1 0
2027573989 40 1 1 1
2027578441 40 1 1 0
2027583220 40 1 1 1
2027587447 40 1 1 0
2027592400 40 1 1 1
2027596732 40 1 1 0
2027601756 40 1 1 1
2027606023 40 1 1 0
2027611269 40 1 1 1
2027615120 40 1 1 0
2027621631 40 1 1 1
2027625157 40 1 1 0
2027631471 40 1 1 1
2027635040 40 1 1 0
2027641603 40 1 1 1
2027645087 40 1 1 0
2027651896 40 1 1 1
2027655425 40 1 1 0
2027661853 40 1 1 1
2027665516 40 1 1 0
2027671806 40 1 1 1
2027675631 40 1 1 0
2027681668 40 1 1 1
2027685692 40 1 1 0
2027692333 40 1 1 1
2027695641 40 1 1 0
2027702578 40 1 1 1
2027706005 40 1 1 0
2027713227 40 1 1 1
2027718922 40 1 1 0
2027724333 40 1 1 1
2027729440 40 1 1 0
2027734618 40 1 1 1
2027739302 40 1 1 0
2027744606 40 1 1 1
2027749227 40 1 1 0
2027754942 40 1 1 1
2027759251 40 1 1 0
2027764970 40 1 1 1
2027770220 40 1 1 0
2027775615 40 1 1 1
2027780675 40 1 1 0
2027785639 40 1 1 1
2027791118 40 1 1 0
2027796442 40 1 1 1
2027801713 40 1 1 0
2027806931 40 1 1 1
2027812071 40 1 1 0
2027817126 40 1 1 1
2027822257 40 1 1 0
2027826545 40 1 1 1
2027831854 40 1 1 0
2027836146 40 1 1 1
2027840601 40 1 1 0
2027847180 40 1 1 1
2027853222 40 1 1 0
2027859408 40 1 1 1
2027866112 40 1 1 0
2027871437 40 1 1 1
2027878479 40 1 1 0
2027883579 40 1 1 1
2027891770 40 1 1 0
2027896529 40 1 1 1
2027903861 40 1 1 0
2027908367 40 1 1 1
2027913845 40 1 1 0
2027918438 40 1 1 1
2027924559 40 1 1 0
2027928961 40 1 1 1
2027936193 40 1 1 0
2027940790 40 1 1 1
2027948085 40 1 1 0
2027952389 40 1 1 1
2027959778 40 1 1 0
2027964158 40 1 1 1
2027971270 40 1 1 0
2027975740 40 1 1 1
2027982991 40 1 1 0
2027987347 40 1 1 1
2027994250 40 1 1 0
2027998644 40 1 1 1
2028005310 40 1 1 0
2028009954 40 1 1 1
2028016762 40 1 1 0
2028021573 40 1 1 1
2028028186 40 1 1 0
2028033080 40 1 1 1
2028039513 40 1 1 0
2028044233 40 1 1 1
2028050542 40 1 1 0
2028055278 40 1 1 1
2028061909 40 1 1 0
2028066776 40 1 1 1
2028074389 40 1 1 0
2028078521 40 1 1 1
2028086041 40 1 1 0
2028090326 40 1 1 1
2028098182 40 1 1 0
2028102467 40 1 1 1
2028109168 40 1 1 0
2028113409 40 1 1 1
2028117567 40 1 1 0
2028123421 40 1 1 1
2028126417 40 1 1 0
2028132109 40 1 1 1
2028136263 40 1 1 0
2028142461 40 1 1 1
2028145773 40 1 1 0
2028150524 40 1 1 1
2028153583 40 1 1 0
2028160805 40 1 1 1
2028163943 40 1 1 0
2028170394 40 1 1 1
2028174627 40 1 1 0
2028182940 40 1 1 1
2028186422 40 1 1 0
2028193632 40 1 1 1
2028196608 40 1 1 0
2028203988 40 1 1 1
2028207209 40 1 1 0
2028214759 40 1 1 1
2028217814 40 1 1 0
2028226210 40 1 1 1
2028231376 40 1 1 0
2028239938 40 1 1 1
2028243159 40 1 1 0
2028252567 40 1 1 1
2028255199 40 1 1 0
2028266212 40 1 1 1
2028269939 40 1 1 0
2028277655 40 1 1 1
2028280465 40 1 1 0
2028288770 40 1 1 1
2028292489 40 1 1 0
2028301015 40 1 1 1
2028303888 40 1 1 0
2028311825 40 1 1 1
2028316465 40 1 1 0
2028323548 40 1 1 1
2028328888 40 1 1 0
2028338047 40 1 1 1
2028341687 40 1 1 0
2028350091 40 1 1 1
2028352972 40 1 1 0
2028359929 40 1 1 1
2028363245 40 1 1 0
2028371376 40 1 1 1
2028374435 40 1 1 0
2028379008 40 1 1 1
2028383502 40 1 1 0
2028389431 40 1 1 1
2028395621 40 1 1 0
2028401210 40 1 1 1
2028411381 40 1 1 0
2028417646 40 1 1 1
2028425275 40 1 1 0
2028430561 40 1 1 1
2028436263 40 1 1 0
2028441094 40 1 1 1
2028446840 40 1 1 0
2028451449 40 1 1 1
2028457932 40 1 1 0
2028462644 40 1 1 1
2028469663 40 1 1 0
2028474305 40 1 1 1
2028481407 40 1 1 0
2028486074 40 1 1 1
2028492357 40 1 1 0
2028497143 40 1 1 1
2028503149 40 1 1 0
2028507823 40 1 1 1
2028513747 40 1 1 0
2028518292 40 1 1 1
2028523951 40 1 1 0
2028528916 40 1 1 1
2028534744 40 1 1 0
2028539874 40 1 1 1
2028545555 40 1 1 0
2028550673 40 1 1 1
2028556880 40 1 1 0
2028561832 40 1 1 1
2028567722 40 1 1 0
2028572844 40 1 1 1
2028578764 40 1 1 0
2028583886 40 1 1 1
2028590810 40 1 1 0
2028595387 40 1 1 1
2028601423 40 1 1 0
2028605846 40 1 1 1
2028614730 40 1 1 0
2028619410 40 1 1 1
2028627197 40 1 1 0
2028631728 40 1 1 1
2028635037 40 1 1 0
2047682100 41 1 4 1
2047686378 43 1 4 1
2047691930 43 1 4 0
2047694448 40 1 4 1
2047697145 43 1 4 1
2047697176 41 1 4 0
2047699859 41 1 4 1
2047701180 40 1 4 0
2047701540 43 1 4 0
2047704710 40 1 4 1
2047706146 43 1 4 1
2047710755 43 1 4 0
2047711764 40 1 4 0
2047711863 41 1 4 0
2047714641 41 1 4 1
2047714941 40 1 4 1
2047716135 43 1 4 1
2047720096 43 1 4 0
2047721540 40 1 4 0
2047724131 41 1 4 0
2047725887 43 1 4 1
2047725941 40 1 4 1
2047726897 41 1 4 1
2047730393 43 1 4 0
2047731908 40 1 4 0
2047735098 43 1 4 1
2047735498 40 1 4 1
2047735780 41 1 4 0
2047738886 41 1 4 1
2047739578 43 1 4 0
2047741354 40 1 4 0
2047743558 43 1 4 1
2047744641 40 1 4 1
2047745120 41 1 4 0
2047748474 41 1 4 1
2047748886 43 1 4 0
2047750745 40 1 4 0
2047752996 43 1 4 1
2047754364 40 1 4 1
2047755875 41 1 4 0
2047758470 43 1 4 0
2047759349 41 1 4 1
2047761132 40 1 4 0
2047762846 43 1 4 1
2047764506 40 1 4 1
2047766274 41 1 4 0
2047768224 43 1 4 0
2047770816 41 1 4 1
2047771364 40 1 4 0
2047772232 43 1 4 1
2047774544 40 1 4 1
2047777622 41 1 4 0
2047777796 43 1 4 0
2047781159 41 1 4 1
2047781609 43 1 4 1
2047781712 40 1 4 0
2047784991 40 1 4 1
2047786691 43 1 4 0
2047788334 41 1 4 0
2047790576 43 1 4 1
2047791662 41 1 4 1
2047792051 40 1 4 0
2047794994 40 1 4 1
2047796286 43 1 4 0
2047798511 41 1 4 0
2047800786 43 1 4 1
2047801558 41 1 4 1
2047803698 40 1 4 0
2047806569 43 1 4 0
2047806804 40 1 4 1
2047808513 41 1 4 0
2047810557 43 1 4 1
2047811683 41 1 4 1
2047816725 43 1 4 0
2047816915 40 1 4 0
2047817897 41 1 4 0
2047819918 40 1 4 1
2047820725 43 1 4 1
2047821052 41 1 4 1
2047826366 43 1 4 0
2047827855 41 1 4 0
2047829993 40 1 4 0
2047830414 43 1 4 1
2047831163 41 1 4 1
2047832668 40 1 4 1
2047835779 43 1 4 0
2047837580 41 1 4 0
2047839588 43 1 4 1
2047840758 41 1 4 1
2047843144 40 1 4 0
2047845665 43 1 4 0
2047846064 40 1 4 1
2047847276 41 1 4 0
2047849565 43 1 4 1
2047850687 41 1 4 1
2047855754 43 1 4 0
2047856879 40 1 4 0
2047857630 41 1 4 0
2047859641 40 1 4 1
2047860142 43 1 4 1
2047860697 41 1 4 1
2047866085 43 1 4 0
2047869083 41 1 4 0
2047869891 40 1 4 0
2047870801 43 1 4 1
2047871956 41 1 4 1
2047872898 40 1 4 1
2047875685 43 1 4 0
2047879846 43 1 4 1
2047881982 40 1 4 0
2047883071 41 1 4 0
2047884164 43 1 4 0
2047885163 40 1 4 1
2047885954 41 1 4 1
2047888325 43 1 4 1
2047893569 43 1 4 0
2047894429 40 1 4 0
2047895534 41 1 4 0
2047897274 40 1 4 1
2047897651 43 1 4 1
2047898676 41 1 4 1
2047903726 43 1 4 0
2047905682 41 1 4 0
2047906656 40 1 4 0
2047907399 43 1 4 1
2047908990 41 1 4 1
2047909569 40 1 4 1
2047914178 43 1 4 0
2047915848 41 1 4 0
2047917886 43 1 4 1
2047918219 40 1 4 0
2047919259 41 1 4 1
2047921275 40 1 4 1
2047925074 43 1 4 0
2047926401 41 1 4 0
2047928922 43 1 4 1
2047929273 40 1 4 0
2047929460 41 1 4 1
2047932277 40 1 4 1
2047935862 43 1 4 0
2047937118 41 1 4 0
2047939536 43 1 4 1
2047940521 41 1 4 1
2047941152 40 1 4 0
2047944366 40 1 4 1
2047946085 43 1 4 0
2047949156 41 1 4 0
2047949378 43 1 4 1
2047951530 40 1 4 0
2047952326 41 1 4 1
2047954681 40 1 4 1
2047956833 43 1 4 0
2047960115 43 1 4 1
2047960775 41 1 4 0
2047962007 40 1 4 0
2047963996 41 1 4 1
2047965474 40 1 4 1
2047967302 43 1 4 0
2047972243 43 1 4 1
2047972560 41 1 4 0
2047972675 40 1 4 0
2047973725 43 1 4 0
2047975713 41 1 4 1
2047976050 40 1 4 1
2047982591 41 1 4 0
2047982769 40 1 4 0
2047985992 41 1 4 1
2047986521 40 1 4 1
2047992624 40 1 4 0
2047993099 41 1 4 0
2047996387 40 1 4 1
2047996494 41 1 4 1
2048002637 40 1 4 0
2048004090 41 1 4 0
2048006397 40 1 4 1
2048006967 41 1 4 1
2048013002 40 1 4 0
2048014221 41 1 4 0
2048016508 40 1 4 1
2048017355 41 1 4 1
2048022682 40 1 4 0
2048025042 41 1 4 0
2048026282 40 1 4 1
2048028184 41 1 4 1
2048032251 40 1 4 0
2048034648 41 1 4 0
2048035934 40 1 4 1
2048038060 41 1 4 1
2048041938 40 1 4 0
2048045205 41 1 4 0
2048045621 40 1 4 1
2048048521 41 1 4 1
2048051486 40 1 4 0
2048054674 41 1 4 0
2048055339 40 1 4 1
2048058445 41 1 4 1
2048061054 40 1 4 0
2048063981 41 1 4 0
2048064895 40 1 4 1
2048067831 41 1 4 1
2048070472 40 1 4 0
2048073236 41 1 4 0
2048074400 40 1 4 1
2048076757 41 1 4 1
2048080577 40 1 4 0
2048082530 41 1 4 0
2048084359 40 1 4 1
2048086039 41 1 4 1
2048090654 40 1 4 0
2048092180 41 1 4 0
2048094661 40 1 4 1
2048095548 41 1 4 1
2048100786 40 1 4 0
2048101296 41 1 4 0
2048104307 40 1 4 1
2048104726 41 1 4 1
2048110306 40 1 4 0
2048110725 41 1 4 0
2048114109 40 1 4 1
2048114242 41 1 4 1
2048119711 40 1 4 0
2048120221 41 1 4 0
2048123542 40 1 4 1
2048123675 41 1 4 1
2048128974 40 1 4 0
2048129567 41 1 4 0
2048132993 41 1 4 1
2048133087 40 1 4 1
2048139016 40 1 4 0
2048139107 41 1 4 0
2048142723 41 1 4 1
2048143560 40 1 4 1
2048148500 40 1 4 0
2048148836 41 1 4 0
2048152436 41 1 4 1
2048153332 40 1 4 1
2048158057 40 1 4 0
2048159172 41 1 4 0
2048162451 40 1 4 1
2048162531 41 1 4 1
2048167068 40 1 4 0
2048168661 41 1 4 0
2048171716 40 1 4 1
2048172016 41 1 4 1
2048176275 40 1 4 0
2048178398 41 1 4 0
2048180107 40 1 4 1
2048181753 41 1 4 1
2048185914 40 1 4 0
2048187788 41 1 4 0
2048189752 40 1 4 1
2048190965 41 1 4 1
2048195857 40 1 4 0
2048197221 41 1 4 0
2048199453 40 1 4 1
2048200596 41 1 4 1
2048206089 40 1 4 0
2048206781 41 1 4 0
2048210322 41 1 4 1
2048216428 41 1 4 0
2048219961 41 1 4 1
2048225822 41 1 4 0
2048229692 41 1 4 1
2048235846 41 1 4 0
2048239980 41 1 4 1
2048246132 41 1 4 0
2048250084 41 1 4 1
2048255945 41 1 4 0
2048259976 41 1 4 1
2048265798 41 1 4 0
2048269671 41 1 4 1
2048274651 41 1 4 0
2048278500 41 1 4 1
2048284045 41 1 4 0
2048288151 41 1 4 1
2048293643 41 1 4 0
2048297783 41 1 4 1
2048303320 41 1 4 0
2048307189 41 1 4 1
2048312860 41 1 4 0
2048316903 41 1 4 1
2048322168 41 1 4 0
2048326207 41 1 4 1
2048331668 41 1 4 0
2048335782 41 1 4 1
2048341216 41 1 4 0
2048345160 41 1 4 1
2048349842 41 1 4 0
