2010023580 32 1 7 1
2010091011 32 1 7 0
2010093687 32 1 7 1
2010109234 32 1 7 0
2010112084 32 1 7 1
2010128860 32 1 7 0
2010131611 32 1 7 1
2010149308 34 1 7 1
2010150763 32 1 7 0
2010153419 32 1 7 1
2010155042 34 1 7 0
2010158828 34 1 7 1
2010163050 34 1 7 0
2010167625 32 1 7 0
2010170214 32 1 7 1
2010171898 34 1 7 1
2010175066 34 1 7 0
2010181949 32 1 7 0
2010183823 34 1 7 1
2010184894 32 1 7 1
2010187104 34 1 7 0
2010192095 34 1 7 1
2010194071 32 1 7 0
2010196758 34 1 7 0
2010197032 32 1 7 1
2010201417 34 1 7 1
2010206087 32 1 7 0
2010206090 34 1 7 0
2010209412 32 1 7 1
2010210343 34 1 7 1
2010215110 34 1 7 0
2010218689 32 1 7 0
2010219624 34 1 7 1
2010221666 32 1 7 1
2010224552 34 1 7 0
2010229126 34 1 7 1
2010229357 32 1 7 0
2010232674 32 1 7 1
2010233745 34 1 7 0
2010238350 34 1 7 1
2010239859 32 1 7 0
2010243536 32 1 7 1
2010243901 34 1 7 0
2010247247 34 1 7 1
2010250092 32 1 7 0
2010253761 32 1 7 1
2010259046 34 1 7 0
2010260023 32 1 7 0
2010263391 32 1 7 1
2010266071 34 1 7 1
2010269254 32 1 7 0
2010270894 34 1 7 0
2010273045 32 1 7 1
2010275151 34 1 7 1
2010279339 32 1 7 0
2010280739 34 1 7 0
2010283735 32 1 7 1
2010285021 34 1 7 1
2010287847 34 1 7 0
2010289044 32 1 7 0
2010294629 34 1 7 1
2010296985 34 1 7 0
2010303231 34 1 7 1
2010306123 34 1 7 0
2010314193 34 1 7 1
2010314445 34 1 7 0
2010314697 34 1 7 1
2010317107 34 1 7 0
2010323841 34 1 7 1
2010326749 34 1 7 0
2010335558 34 1 7 1
2010338798 34 1 7 0
2010345074 34 1 7 1
2010349485 34 1 7 0
2010355078 34 1 7 1
2010360418 34 1 7 0
2010363813 34 1 7 1
2010363896 10 0 1 1
2010370857 34 1 7 0
2010374331 34 1 7 1
2010380786 34 1 7 0
2010382786 10 0 1 0
2010384260 34 1 7 1
2010386568 10 0 1 1
2010391209 34 1 7 0
2010394766 34 1 7 1
2010403601 34 1 7 0
2010405632 10 0 1 0
2010406826 34 1 7 1
2010409493 10 0 1 1
2010415230 34 1 7 0
2010418376 34 1 7 1
2010426357 34 1 7 0
2010428122 10 0 1 0
2010429756 34 1 7 1
2010432323 10 0 1 1
2010437994 34 1 7 0
2010441136 34 1 7 1
2010449374 34 1 7 0
2010450865 10 0 1 0
2010452773 34 1 7 1
2010455232 10 0 1 1
2010461944 34 1 7 0
2010465007 34 1 7 1
2010474763 34 1 7 0
2010477735 34 1 7 1
2010478233 10 0 1 0
2010480750 10 0 1 1
2010486641 34 1 7 0
2010489870 34 1 7 1
2010499456 34 1 7 0
2010502681 34 1 7 1
2010503332 10 0 1 0
2010505687 10 0 1 1
2010511334 34 1 7 0
2010514895 34 1 7 1
2010522059 34 1 7 0
2010525190 10 0 1 0
2010525885 34 1 7 1
2010528636 10 0 1 1
2010532273 34 1 7 0
2010535933 34 1 7 1
2010542744 34 1 7 0
2010545111 10 0 1 0
2010546574 34 1 7 1
2010549403 10 0 1 1
2010554369 34 1 7 0
2010558229 10 0 1 0
2010558258 34 1 7 1
2010561426 10 0 1 1
2010566512 34 1 7 0
2010569735 34 1 7 1
2010570754 10 0 1 0
2010573358 10 0 1 1
2010581402 34 1 7 0
2010584354 34 1 7 1
2010584868 10 0 1 0
2010588666 10 0 1 1
2010595873 34 1 7 0
2010598734 34 1 7 1
2010599172 10 0 1 0
2010604472 10 0 1 1
2010609411 34 1 7 0
2010612129 10 0 1 0
2010612359 34 1 7 1
2010616093 10 0 1 1
2010623459 34 1 7 0
2010626407 34 1 7 1
2010626856 10 0 1 0
2010630638 10 0 1 1
2010637025 34 1 7 0
2010640164 34 1 7 1
2010640464 10 0 1 0
2010644404 10 0 1 1
2010649429 34 1 7 0
2010652381 34 1 7 1
2010652756 10 0 1 0
2010656451 10 0 1 1
2010661884 34 1 7 0
2010661930 48 1 3 1
2010665194 10 0 1 0
2010665366 34 1 7 1
2010667055 48 1 3 0
2010669312 10 0 1 1
2010669581 48 1 3 1
2010672145 34 1 7 0
2010675442 10 0 1 0
2010675694 34 1 7 1
2010679647 10 0 1 1
2010681241 48 1 3 0
2010682062 34 1 7 0
2010684200 48 1 3 1
2010685350 34 1 7 1
2010685445 10 0 1 0
2010689567 10 0 1 1
2010691813 34 1 7 0
2010695033 10 0 1 0
2010695615 34 1 7 1
2010696641 48 1 3 0
2010699521 48 1 3 1
2010699809 10 0 1 1
2010702987 34 1 7 0
2010706196 10 0 1 0
2010706373 34 1 7 1
2010710597 48 1 3 0
2010711065 10 0 1 1
2010713484 48 1 3 1
2010713928 34 1 7 0
2010717108 10 0 1 0
2010717398 34 1 7 1
2010721902 10 0 1 1
2010724366 48 1 3 0
2010725118 34 1 7 0
2010727275 48 1 3 1
2010728028 10 0 1 0
2010728236 34 1 7 1
2010732806 10 0 1 1
2010736715 34 1 7 0
2010737380 48 1 3 0
2010739841 34 1 7 1
2010739932 10 0 1 0
2010740270 48 1 3 1
2010744706 10 0 1 1
2010748822 34 1 7 0
2010750068 48 1 3 0
2010751749 10 0 1 0
2010752118 34 1 7 1
2010752874 48 1 3 1
2010756772 10 0 1 1
2010761826 34 1 7 0
2010762577 48 1 3 0
2010764902 10 0 1 0
2010764956 34 1 7 1
2010765504 48 1 3 1
2010769593 10 0 1 1
2010773830 34 1 7 0
2010776159 48 1 3 0
2010777017 34 1 7 1
2010777047 10 0 1 0
2010779086 48 1 3 1
2010782410 10 0 1 1
2010786747 34 1 7 0
2010789080 48 1 3 0
2010789864 10 0 1 0
2010790059 34 1 7 1
2010791983 48 1 3 1
2010795563 10 0 1 1
2010796001 48 1 3 0
2010799142 48 1 3 1
2010799929 34 1 7 0
2010802960 34 1 7 1
2010802987 10 0 1 0
2010803080 48 1 3 0
2010806569 48 1 3 1
2010807344 10 0 1 1
2010810693 48 1 3 0
2010811411 34 1 7 0
2010813767 48 1 3 1
2010814359 34 1 7 1
2010814743 10 0 1 0
2010818338 10 0 1 1
2010820827 48 1 3 0
2010823281 34 1 7 0
2010823704 48 1 3 1
2010826241 34 1 7 1
2010826752 10 0 1 0
2010829529 10 0 1 1
2010829641 48 1 3 0
2010832606 48 1 3 1
2010835554 34 1 7 0
2010838882 34 1 7 1
2010839028 48 1 3 0
2010839187 10 0 1 0
2010841752 48 1 3 1
2010841973 10 0 1 1
2010848094 34 1 7 0
2010848921 48 1 3 0
2010851649 34 1 7 1
2010851925 48 1 3 1
2010852368 10 0 1 0
2010854878 10 0 1 1
2010857411 48 1 3 0
2010858078 34 1 7 0
2010860371 48 1 3 1
2010861639 34 1 7 1
2010862190 10 0 1 0
2010864874 10 0 1 1
2010865066 48 1 3 0
2010867145 34 1 7 0
2010867810 48 1 3 1
2010870532 34 1 7 1
2010872808 48 1 3 0
2010876116 48 1 3 1
2010880451 48 1 3 0
2010883577 48 1 3 1
2010888207 48 1 3 0
2010891374 48 1 3 1
2010896253 48 1 3 0
2010899520 48 1 3 1
2010904609 48 1 3 0
2010907985 48 1 3 1
2010912968 48 1 3 0
2010916558 48 1 3 1
2010921374 34 1 7 0
2010922620 48 1 3 0
2010925263 34 1 7 1
2010925714 48 1 3 1
2010931437 34 1 7 0
2010932253 48 1 3 0
2010932933 10 0 1 0
2010934895 34 1 7 1
2010935259 48 1 3 1
2010942501 34 1 7 0
2010942516 48 1 3 0
2010945421 48 1 3 1
2010946121 34 1 7 1
2010952083 34 1 7 0
2010952582 48 1 3 0
2010955324 48 1 3 1
2010955964 34 1 7 1
2010962004 34 1 7 0
2010962409 48 1 3 0
2010965054 48 1 3 1
2010965363 34 1 7 1
2010972433 34 1 7 0
2010973952 48 1 3 0
2010976227 34 1 7 1
2010976751 48 1 3 1
2010982759 34 1 7 0
2010983106 48 1 3 0
2010985886 48 1 3 1
2010986375 34 1 7 1
2010992096 48 1 3 0
2010992433 34 1 7 0
2010994940 48 1 3 1
2010995962 34 1 7 1
2011003555 48 1 3 0
2011003856 34 1 7 0
2011006562 48 1 3 1
2011007215 34 1 7 1
2011011655 48 1 3 0
2011013184 34 1 7 0
2011014238 48 1 3 1
2011015100 48 1 3 0
2011016717 34 1 7 1
2011022458 34 1 7 0
2011026497 34 1 7 1
2011040089 34 1 7 0
2011044377 34 1 7 1
2011053644 34 1 7 0
2011057260 34 1 7 1
2011066096 34 1 7 0
2011071056 34 1 7 1
2011081290 34 1 7 0
2011086602 34 1 7 1
2011098500 34 1 7 0
2011102879 34 1 7 1
2011112694 34 1 7 0
2011116527 34 1 7 1
2011123469 34 1 7 0
2011126848 34 1 7 1
2011137003 34 1 7 0
2011140809 34 1 7 1
2011150205 34 1 7 0
2011154082 34 1 7 1
2011179835 34 1 7 0
2011184657 43 1 4 1
2011187148 34 1 7 1
2011189229 43 1 4 0
2011193831 43 1 4 1
2011198218 34 1 7 0
2011198317 43 1 4 0
2011202534 34 1 7 1
2011203242 43 1 4 1
2011207642 43 1 4 0
2011212414 43 1 4 1
2011214309 34 1 7 0
2011216777 43 1 4 0
2011219226 34 1 7 1
2011221375 43 1 4 1
2011225400 34 1 7 0
2011225906 43 1 4 0
2011229795 34 1 7 1
2011230377 43 1 4 1
2011234886 43 1 4 0
2011235777 34 1 7 0
2011239778 43 1 4 1
2011240350 34 1 7 1
2011244261 43 1 4 0
2011246890 34 1 7 0
2011248835 43 1 4 1
2011251380 34 1 7 1
2011253078 43 1 4 0
2011257550 34 1 7 0
2011257953 43 1 4 1
2011262220 43 1 4 0
2011262728 34 1 7 1
2011267019 43 1 4 1
2011269621 34 1 7 0
2011271181 43 1 4 0
2011274645 34 1 7 1
2011276285 43 1 4 1
2011279190 34 1 7 0
2011280477 43 1 4 0
2011282644 34 1 7 1
2011285055 43 1 4 1
2011289203 43 1 4 0
2011289261 34 1 7 0
2011293494 34 1 7 1
2011294137 43 1 4 1
2011299641 43 1 4 0
2011301573 34 1 7 0
2011306628 43 1 4 1
2011306752 43 1 4 0
2011307008 34 1 7 1
2011307241 43 1 4 1
2011310369 43 1 4 0
2011316178 34 1 7 0
2011319104 43 1 4 1
2011320158 34 1 7 1
2011322254 43 1 4 0
2011329491 34 1 7 0
2011330016 43 1 4 1
2011333270 43 1 4 0
2011333455 34 1 7 1
2011339370 34 1 7 0
2011341939 43 1 4 1
2011342741 34 1 7 1
2011345148 43 1 4 0
2011348723 34 1 7 0
2011352347 34 1 7 1
2011360180 34 1 7 0
2011360621 43 1 4 1
2011363233 43 1 4 0
2011363717 34 1 7 1
2011370910 34 1 7 0
2011371554 43 1 4 1
2011374281 34 1 7 1
2011375403 43 1 4 0
2011379843 43 1 4 1
2011380940 34 1 7 0
2011384295 43 1 4 0
2011384564 34 1 7 1
2011388648 43 1 4 1
2011391303 34 1 7 0
2011393282 43 1 4 0
2011394749 34 1 7 1
2011398319 43 1 4 1
2011400145 34 1 7 0
2011403000 43 1 4 0
2011403516 34 1 7 1
2011407614 43 1 4 1
2011411832 43 1 4 0
2011415717 34 1 7 0
2011417170 43 1 4 1
2011419859 34 1 7 1
2011421680 43 1 4 0
2011426649 43 1 4 1
2011430429 43 1 4 0
2011435848 34 1 7 0
2011436107 43 1 4 1
2011440330 34 1 7 1
2011440475 43 1 4 0
2011445251 43 1 4 1
2011449414 43 1 4 0
2011454560 34 1 7 0
2011455079 43 1 4 1
2011459046 34 1 7 1
2011459191 43 1 4 0
2011464731 43 1 4 1
2011468628 43 1 4 0
2011477332 34 1 7 0
2011482336 34 1 7 1
2011497498 34 1 7 0
2011504135 34 1 7 1
2011514802 34 1 7 0
2011520656 34 1 7 1
2011531235 34 1 7 0
2011536578 34 1 7 1
2011549956 34 1 7 0
2011556585 34 1 7 1
2011571746 34 1 7 0
2011578142 34 1 7 1
2011594330 34 1 7 0
2011599892 34 1 7 1
2011623383 34 1 7 0
2011628425 34 1 7 1
2011650073 34 1 7 0
2011654128 34 1 7 1
2011674878 34 1 7 0
2011678775 34 1 7 1
2011699660 34 1 7 0
2011703682 34 1 7 1
2011722066 34 1 7 0
2011726239 34 1 7 1
2011739014 34 1 7 0
2011745021 34 1 7 1
2011755985 34 1 7 0
2011761861 34 1 7 1
2011767641 34 1 7 0
2011770478 34 1 7 1
2011771712 11 0 1 1
2011777981 34 1 7 0
2011784067 34 1 7 1
2011793175 34 1 7 0
2011795510 34 1 7 1
2011803700 34 1 7 0
2011806461 34 1 7 1
2011813897 34 1 7 0
2011817730 34 1 7 1
2011825659 34 1 7 0
2011829160 34 1 7 1
2011837632 34 1 7 0
2011840797 34 1 7 1
2011847224 34 1 7 0
2011850808 34 1 7 1
2011858453 34 1 7 0
2011861618 34 1 7 1
2011868429 34 1 7 0
2011871266 34 1 7 1
2011884844 34 1 7 0
2011888092 34 1 7 1
2011893531 34 1 7 0
2011896202 34 1 7 1
2011901775 34 1 7 0
2011904813 34 1 7 1
2011913567 34 1 7 0
2011916736 34 1 7 1
2011925355 34 1 7 0
2011928943 34 1 7 1
2011934392 34 1 7 0
2011937316 34 1 7 1
2011988009 34 1 7 0
2011991933 34 1 7 1
2011999518 34 1 7 0
2012002445 34 1 7 1
2012012814 34 1 7 0
2012016715 8 0 1 1
2012016739 34 1 7 1
2012025570 34 1 7 0
2012029272 34 1 7 1
2012036532 34 1 7 0
2012039988 34 1 7 1
2012051016 34 1 7 0
2012053919 34 1 7 1
2012062478 34 1 7 0
2012066253 34 1 7 1
2012073533 34 1 7 0
2012076620 34 1 7 1
2012079974 34 1 7 0
2012084922 34 1 7 1
2012090446 34 1 7 0
2012097235 34 1 7 1
2012101151 34 1 7 0
2012114182 11 0 1 0
2012124708 34 1 7 1
2012127351 34 1 7 0
2012133655 34 1 7 1
2012137432 34 1 7 0
2012147076 34 1 7 1
2012150285 34 1 7 0
2012161828 34 1 7 1
2012164474 34 1 7 0
2012177107 34 1 7 1
2012180493 34 1 7 0
2012183429 34 1 7 1
2012189432 34 1 7 0
2012200956 34 1 7 1
2012203796 34 1 7 0
2012213165 34 1 7 1
2012215919 34 1 7 0
2012225926 10 0 1 1
2012226708 34 1 7 1
2012229346 34 1 7 0
2012237292 34 1 7 1
2012240059 34 1 7 0
2012248139 34 1 7 1
2012250739 34 1 7 0
2012257866 34 1 7 1
2012261481 34 1 7 0
2012270347 34 1 7 1
2012272828 34 1 7 0
2012276277 34 1 7 1
2012283665 34 1 7 0
2012287862 34 1 7 1
2012296040 34 1 7 0
2012300403 34 1 7 1
2012310520 34 1 7 0
2012315369 34 1 7 1
2012327026 34 1 7 0
2012331290 34 1 7 1
2012344145 34 1 7 0
2012348156 34 1 7 1
2012358816 34 1 7 0
2012362993 34 1 7 1
2012371748 34 1 7 0
2012375174 34 1 7 1
2012388594 34 1 7 0
2012392024 34 1 7 1
2012403230 34 1 7 0
2012408000 34 1 7 1
2012413968 34 1 7 0
2012416809 34 1 7 1
2012424113 34 1 7 0
2012428428 34 1 7 1
2012442786 34 1 7 0
2012447805 34 1 7 1
2012457327 34 1 7 0
2012460704 34 1 7 1
2012466452 34 1 7 0
2012470546 34 1 7 1
2012477123 34 1 7 0
2012480719 34 1 7 1
2012486248 34 1 7 0
2012489591 34 1 7 1
2012493760 34 1 7 0
2012497360 34 1 7 1
2012502138 34 1 7 0
2012505564 34 1 7 1
2012509741 34 1 7 0
2012512582 34 1 7 1
2012519139 34 1 7 0
2012522063 34 1 7 1
2012526070 34 1 7 0
2012528492 34 1 7 1
2012532151 34 1 7 0
2012534988 34 1 7 1
2012540363 34 1 7 0
2012543540 34 1 7 1
2012549342 34 1 7 0
2012552764 34 1 7 1
2012556913 34 1 7 0
2012559667 34 1 7 1
2012601918 34 1 7 0
2012605815 34 1 7 1
2012615032 34 1 7 0
2012617901 34 1 7 1
2012628470 34 1 7 0
2012632102 34 1 7 1
2012643033 34 1 7 0
2012649678 34 1 7 1
2012653382 34 1 7 0
2012659503 8 0 1 0
2012666169 34 1 7 1
2012675148 34 1 7 0
2012686851 34 1 7 1
2012687615 34 1 7 0
2012696791 34 1 7 1
2012700185 34 1 7 0
2012721689 34 1 7 1
2012723912 34 1 7 0
2012746289 34 1 7 1
2012749520 34 1 7 0
2012762902 34 1 7 1
2012765158 34 1 7 0
2012812988 34 1 7 1
2012815992 34 1 7 0
2012887339 34 1 7 1
2012891426 34 1 7 0
2012903848 34 1 7 1
2012906603 34 1 7 0
2012917944 34 1 7 1
2012920554 34 1 7 0
2012929875 34 1 7 1
2012932509 34 1 7 0
2012940111 10 0 1 0
2013012630 32 1 7 1
2013020433 32 1 7 0
2013023410 32 1 7 1
2013033949 32 1 7 0
2013037150 32 1 7 1
2013045081 32 1 7 0
2013049049 32 1 7 1
2013057428 32 1 7 0
2013061526 32 1 7 1
2013070477 32 1 7 0
2013074860 32 1 7 1
2013083181 32 1 7 0
2013087402 32 1 7 1
2013093244 32 1 7 0
2013096769 32 1 7 1
2013105877 32 1 7 0
2013110169 32 1 7 1
2013123491 32 1 7 0
2013128818 32 1 7 1
2013166459 32 1 7 0
2013172765 32 1 7 1
2013187570 32 1 7 0
2013203902 32 1 7 1
2013207766 32 1 7 0
2013212513 32 1 7 1
2013215892 32 1 7 0
2013220778 32 1 7 1
2013224458 32 1 7 0
2013230505 32 1 7 1
2013234611 32 1 7 0
2013239890 32 1 7 1
2013244079 32 1 7 0
2013251877 32 1 7 1
2013255315 32 1 7 0
2013260686 32 1 7 1
2013265069 32 1 7 0
2013270028 32 1 7 1
2013275535 32 1 7 0
2013280254 32 1 7 1
2013288141 32 1 7 0
2013296713 32 1 7 1
2013302108 32 1 7 0
2013309183 32 1 7 1
2013315922 32 1 7 0
2013324448 32 1 7 1
2013328851 32 1 7 0
2013335381 32 1 7 1
2013339630 32 1 7 0
2013344911 32 1 7 1
2013348749 32 1 7 0
2013357894 32 1 7 1
2013361715 32 1 7 0
2013367714 32 1 7 1
2013371460 32 1 7 0
2013377779 32 1 7 1
2013381110 32 1 7 0
2013388844 32 1 7 1
2013392448 32 1 7 0
2013399444 32 1 7 1
2013402941 32 1 7 0
2013411548 32 1 7 1
2013415648 32 1 7 0
2013422631 32 1 7 1
2013425956 32 1 7 0
2013437213 32 1 7 1
2013440293 32 1 7 0
2013446691 32 1 7 1
2013450109 32 1 7 0
2013455839 32 1 7 1
2013459672 32 1 7 0
2013465651 32 1 7 1
2013469318 32 1 7 0
2013476554 32 1 7 1
2013480881 32 1 7 0
2013485781 32 1 7 1
2013489946 32 1 7 0
2013496261 32 1 7 1
2013500090 32 1 7 0
2013511318 32 1 7 1
2013513902 32 1 7 0
2013530952 32 1 7 1
2013533659 32 1 7 0
2013544237 32 1 7 1
2013547790 32 1 7 0
2013554984 32 1 7 1
2013558537 32 1 7 0
2013566154 32 1 7 1
2013569371 32 1 7 0
2013577233 32 1 7 1
2013580446 32 1 7 0
2014996378 42 1 4 1
2015022637 42 1 4 0
2015050699 42 1 4 1
2015054653 42 1 4 0
2015059744 42 1 4 1
2015064128 42 1 4 0
2015068595 42 1 4 1
2015073667 42 1 4 0
2015077881 42 1 4 1
2015083716 42 1 4 0
2015087665 42 1 4 1
2015092460 42 1 4 0
2015096650 42 1 4 1
2015101520 42 1 4 0
2015105860 42 1 4 1
2015110271 42 1 4 0
2015115603 42 1 4 1
2015119998 42 1 4 0
2015125148 42 1 4 1
2015129630 42 1 4 0
2015134606 42 1 4 1
2015138657 42 1 4 0
2015144052 42 1 4 1
2015147427 42 1 4 0
2015450160 43 1 4 1
2015455484 43 1 4 0
2015458729 43 1 4 1
2015462897 43 1 4 0
2015468263 43 1 4 1
2015469049 43 1 4 0
2015475573 43 1 4 1
2015479491 43 1 4 0
2015497075 43 1 4 1
2015500881 43 1 4 0
2015510977 43 1 4 1
2015513560 43 1 4 0
2015522742 43 1 4 1
2015525147 43 1 4 0
2015542862 43 1 4 1
2015547172 43 1 4 0
2015555919 43 1 4 1
2015559731 43 1 4 0
2019771807 46 1 4 1
2019775319 46 1 4 0
2019779493 46 1 4 1
2019783843 46 1 4 0
2019788883 46 1 4 1
2019793645 46 1 4 0
2019798239 46 1 4 1
2019802874 46 1 4 0
2019807097 46 1 4 1
2019811241 46 1 4 0
2019815711 46 1 4 1
2019820063 46 1 4 0
2019824786 46 1 4 1
2019829130 46 1 4 0
2019834280 46 1 4 1
2019838351 46 1 4 0
2019843505 46 1 4 1
2019847457 46 1 4 0
2019853229 46 1 4 1
2019857354 46 1 4 0
2019862774 46 1 4 1
2019867148 46 1 4 0
2019872022 46 1 4 1
2019876388 46 1 4 0
2019880914 46 1 4 1
2019884829 46 1 4 0
2019889525 46 1 4 1
2019893954 46 1 4 0
2019898891 46 1 4 1
2019903071 46 1 4 0
2019908012 46 1 4 1
2019912137 46 1 4 0
2019916829 46 1 4 1
2019921037 46 1 4 0
2019925816 46 1 4 1
2019930123 46 1 4 0
2019935151 46 1 4 1
2019939189 46 1 4 0
2019944237 46 1 4 1
2019948425 46 1 4 0
2019953750 46 1 4 1
2019957586 46 1 4 0
2019962634 46 1 4 1
2019966473 46 1 4 0
2019972221 46 1 4 1
2019975828 46 1 4 0
2019981774 46 1 4 1
2019985239 46 1 4 0
2019991484 46 1 4 1
2019995290 46 1 4 0
2020000760 46 1 4 1
2020004417 46 1 4 0
2020010057 46 1 4 1
2020013786 46 1 4 0
2020020019 46 1 4 1
2020023592 46 1 4 0
2020029137 46 1 4 1
2020032326 46 1 4 0
2020038682 46 1 4 1
2020042194 46 1 4 0
2020047852 46 1 4 1
2020051658 46 1 4 0
2020057657 46 1 4 1
2020060966 46 1 4 0
2020067626 46 1 4 1
2020071257 46 1 4 0
2020077839 46 1 4 1
2020081254 46 1 4 0
2020087313 46 1 4 1
2020090761 46 1 4 0
2020095978 46 1 4 1
2020099885 46 1 4 0
2020105306 46 1 4 1
2020108985 46 1 4 0
2020115060 46 1 4 1
2020119011 46 1 4 0
2020124579 46 1 4 1
2020128660 46 1 4 0
2020134552 46 1 4 1
2020138913 46 1 4 0
2020144182 46 1 4 1
2020148384 46 1 4 0
2020153487 46 1 4 1
2020157513 46 1 4 0
2020162510 46 1 4 1
2020166755 46 1 4 0
2020171770 46 1 4 1
2020176079 46 1 4 0
2020181167 46 1 4 1
2020185370 46 1 4 0
2020190224 46 1 4 1
2020194556 46 1 4 0
2020199323 46 1 4 1
2020203394 46 1 4 0
2020209039 46 1 4 1
2020213035 46 1 4 0
2020218714 46 1 4 1
2020222272 46 1 4 0
2020228008 46 1 4 1
2020231707 46 1 4 0
2021550563 42 1 2 1
2021553948 42 1 2 0
2021563451 42 1 2 1
2021566765 42 1 2 0
2021575991 42 1 2 1
2021579310 42 1 2 0
2021592814 42 1 2 1
2021595172 42 1 2 0
2021736328 42 1 2 1
2021739369 42 1 2 0
2026178089 45 1 2 1
2026182116 45 1 2 0
2026187412 45 1 2 1
2026191273 45 1 2 0
2026196316 45 1 2 1
2026200763 45 1 2 0
2026206217 45 1 2 1
2026210572 45 1 2 0
2026215528 45 1 2 1
2026219812 45 1 2 0
2026228045 45 1 2 1
2026230657 45 1 2 0
2026239922 45 1 2 1
2026243281 45 1 2 0
2026247755 45 1 2 1
2026251051 45 1 2 0
2029332290 46 1 3 1
2029336562 46 1 3 0
2029354743 46 1 3 1
2029357470 46 1 3 0
2029373038 46 1 3 1
2029377168 46 1 3 0
2029384262 46 1 3 1
2029385925 46 1 3 0
2029392655 46 1 3 1
2029393073 46 1 3 0
