0b000501 0b001801 10000 100 2260 2000194833 2516 192 35
0b000501 0b001501 10000 100 2170956 2000040235 187314 182013 11
0b000701 0b001301 10000 100 1290924 2000265612 113175 108231 42
0b000401 0b001d01 10000 100 57001 2000461440 4812 4782 79
0b000501 0b001d01 10000 100 7291 2000515109 1155 614 90
0b000c01 0b001e01 10000 100 1914432 2000431767 247082 160508 71
0b000e01 0b001f01 10000 100 76871 2000787063 39476 6445 137
0b000e01 0b001301 10000 100 1383078 2000555193 477127 115960 96
0b000901 0b001101 10000 100 3806 2001264447 1005 319 199
0b000101 0b001601 10000 100 22676 2001272283 11125 1902 204
0b000101 0b001601 10001 100 199739 2001335802 17969 16747 215
0b000f01 0b001401 10000 100 56853 2001413619 20418 4767 228
0b000901 0b001d01 10000 100 14000 2001465957 5295 1173 237
0b000601 0b001f01 10000 100 242037 2001413095 100967 20296 227
0b000b01 0b001a01 10000 100 55919 2001541891 5790 4688 247
0b000a01 0b001301 10000 100 12695 2001624427 4372 1065 265
0b000601 0b001f01 10001 100 7489 2001704865 2226 629 278
0b000b01 0b001301 10000 100 79032 2001773956 6632 6629 290
0b000e01 0b001301 10001 100 39563 2001782382 21613 3318 291
0b000e01 0b001d01 10000 100 1986707 2001088381 737130 166566 187
0b000e01 0b001001 10000 100 57526 2001828799 15045 4824 297
0b000201 0b001b01 10000 100 198694 2001794223 59498 16659 293
0b000e01 0b001f01 10001 100 1793157 2001673457 308892 150341 272
0b000101 0b001f01 10000 100 15567 2001993813 8801 1306 321
0b000701 0b001301 10001 100 36481 2002035822 20090 3060 326
0b000e01 0b001901 10000 100 8251 2002139903 11820 694 345
0b000d01 0b001d01 10000 100 8137 2002161274 1823 685 349
0b000d01 0b001101 10000 100 46334 2002179581 28761 3887 358
0b000401 0b001301 10000 100 4923 2002291222 368 413 376
0b000b01 0b001701 10001 100 7016 2002294825 1195 592 377
0b000801 0b001501 10000 100 38423 2002493653 26322 3223 402
0b000501 0b001001 10000 100 8581 2002693750 4595 721 437
0b000501 0b001301 10000 100 41655 2002698495 19701 3493 440
0b000d01 0b001701 10000 100 39859 2002755527 7295 3342 451
0b000701 0b001d01 10000 100 24164 2002824767 19057 2029 464
0b000201 0b001501 10000 100 47621 2002815040 29264 3994 460
0b000601 0b001801 10000 100 23307 2003121569 8543 1956 519
0b000801 0b001e01 10001 100 8258 2003140269 2836 695 522
0b000f01 0b001101 10000 100 1592948 2002351503 802252 133552 384
0b000e01 0b001601 10000 100 283538 2003136388 94125 23773 521
0b000801 0b001e01 10000 100 1447 2003045547 214966 123 503
0b000e01 0b001f01 10002 100 2691143 2002598550 732198 225628 420
0b000701 0b001f01 10000 100 1867461 2001701066 1712550 156570 276
0b000101 0b001b01 10000 100 1288815 2002205050 1218124 108054 362
0b000f01 0b001501 10000 100 53889 2003392460 46507 4518 549
0b000e01 0b001601 10001 100 60139 2003442837 8183 5045 555
0b000b01 0b001301 10001 100 74528 2003517303 12625 6250 570
0b000001 0b001f01 10000 100 177393 2003608135 39199 14874 585
0b000d01 0b001001 10000 100 35906 2003703494 9940 3010 598
0b000901 0b001c01 10000 100 1423564 2002470909 1317892 119353 398
0b000f01 0b001c01 10000 100 3881919 2001863370 2044376 325460 303
0b000301 0b001701 10000 100 50242 2004071289 56207 4215 644
0b000101 0b001d01 10000 100 44845 2004125537 4361 3760 652
0b000901 0b001901 10000 100 1458645 2002647161 1505053 122294 431
0b000601 0b001401 10000 100 422270 2003360639 1192248 35405 544
0b000101 0b001c01 10000 100 605713 2004493263 81918 50784 697
0b000701 0b001801 10000 100 1007221 2003141772 1438600 84448 524
0b000301 0b001c01 10000 100 1227079 2003541600 1497737 102881 574
0b000a01 0b001401 10000 100 32542 2004850627 195078 2730 775
0b000b01 0b001601 10000 100 37360 2005190911 3654 3134 832
0b000f01 0b001801 10000 100 399 2005213535 155 35 836
0b000e01 0b001501 10000 100 25768 2005272338 14694 2161 852
0b000201 0b001601 10000 100 53012 2005406660 52134 4448 875
0b000501 0b001f01 10000 100 771356 2004828262 717566 64672 770
0b000101 0b001801 10000 100 43541 2005545702 31472 3652 899
0b000101 0b001a01 10000 100 30236 2005611626 3231 2537 910
0b000a01 0b001601 10000 100 779489 2005295341 473456 65354 854
0b000201 0b001f01 10000 100 6568008 2002129683 3812654 550665 340
0b000c01 0b001a01 10000 100 1863107 2004543536 1626573 156206 713
0b000101 0b001101 10000 100 4078 2006291999 1596 345 1033
0b000301 0b001c01 10001 100 228525 2006139779 357458 19161 1008
0b000801 0b001501 10001 100 78947 2006375044 133356 6619 1043
0b000a01 0b001901 10000 100 1663 2006557127 27094 140 1070
0b000d01 0b001901 10000 100 15298 2006622501 7469 1285 1077
0b000f01 0b001a01 10000 100 3492084 2003158093 3540871 292779 529
0b000101 0b001b01 10001 100 38249 2006731547 7470 3209 1090
0b000b01 0b001701 10000 100 4215244 2001851027 4951983 353408 299
0b000101 0b001701 10000 100 37119 2006993009 13377 3115 1133
0b000001 0b001701 10000 100 26023 2006986190 59451 2185 1131
0b000a01 0b001801 10000 100 3723 2007111569 338 313 1150
0b000a01 0b001b01 10000 100 816 2007143388 0 69 1155
0b000f01 0b001c01 10001 100 1590684 2006056254 1107830 133364 994
0b000101 0b001d01 10001 100 7231 2007234389 1920 609 1171
0b000e01 0b001701 10000 100 3722 2007400860 1587 313 1201
0b000f01 0b001b01 10000 100 23359 2007408144 16117 1960 1203
0b000b01 0b001201 10001 100 34035 2007394698 30088 2857 1200
0b000301 0b001401 10000 100 78388 2007386701 88298 6574 1197
0b000b01 0b001201 10000 100 4996222 2001636415 5883987 418886 267
0b000801 0b001c01 10000 100 170193 2007527302 130077 14272 1212
0b000b01 0b001901 10000 100 575158 2007330998 352787 48224 1189
0b000701 0b001401 10000 100 28752 2007767729 3379 2411 1246
0b000901 0b001b01 10000 100 20912 2007900155 2952 1753 1266
0b000c01 0b001e01 10001 100 168732 2007907578 36261 14147 1267
0b000f01 0b001201 10000 100 1420506 2007349333 929441 119097 1192
0b000301 0b001801 10000 100 9059 2008311806 21833 763 1329
0b000501 0b001c01 10000 100 13208 2008491021 11338 1110 1350
0b000d01 0b001801 10000 100 794463 2008162734 414800 66609 1307
0b000201 0b001f01 10001 100 919566 2008105119 507750 77098 1301
0b000001 0b001701 10001 100 6141 2008637487 4943 518 1371
0b000101 0b001301 10000 100 72277 2008622304 49992 6062 1366
0b000301 0b001501 10000 100 3291 2008674738 7035 278 1386
0b000701 0b001701 10000 100 25470 2008860448 47104 2137 1413
0b000901 0b001801 10000 100 375508 2008814989 94814 31484 1402
0b000201 0b001b01 10001 100 21450 2008965670 10250 1800 1430
0b000e01 0b001901 10001 100 1390158 2008764697 211741 116554 1398
0b000b01 0b001a01 10001 100 2458337 2007229881 1769998 206109 1168
0b000701 0b001901 10000 100 13716 2009015621 149158 1151 1439
0b000b01 0b001d01 10000 100 435659 2009037084 272693 36526 1440
0b000801 0b001401 10000 100 59789 2009317274 39725 5013 1471
0b000f01 0b001201 10001 100 46644 2009355815 36067 3912 1477
0b000601 0b001501 10001 100 42488 2009673466 31809 3564 1526
0b000001 0b001901 10000 100 48496 2009634047 109903 4067 1524
0b000401 0b001e01 10000 100 53637 2009804361 19390 4498 1544
0b000101 0b001e01 10000 100 2102 2009841718 755 179 1549
0b000301 0b001b01 10000 100 3685051 2004341088 5525872 308958 679
0b000a01 0b001301 10001 100 31587 2009874938 11325 2649 1555
0b000101 0b001701 10001 100 24293 2009939224 14989 2039 1569
0b000b01 0b001701 10002 100 49011 2009754768 205472 4112 1537
0b000d01 0b001901 10001 100 12421 2009972728 5987 1043 1571
0b000f01 0b001201 10002 100 1220 2010022232 435 105 1578
0b000601 0b001a01 10000 100 10309 2010080966 7711 866 1592
0b000d01 0b001f01 10000 100 12402 2010150326 26143 1042 1600
0b000601 0b001101 10000 100 1809320 2008042902 2156905 151696 1290
0b000f01 0b001001 10000 100 20650 2010242567 22027 1732 1611
0b000f01 0b001101 10001 100 1245948 2008816482 1627382 104460 1404
0b000b01 0b001801 10000 100 4004645 2008634857 1977449 335750 1369
0b000401 0b001801 10000 100 1071581 2007735457 2939950 89842 1243
0b000201 0b001701 10000 100 11129 2010676152 26729 936 1672
0b000e01 0b001001 10001 100 66359 2010686243 25939 5566 1675
0b000101 0b001201 10000 100 13901398 2003666002 7057777 1165495 595
0b000c01 0b001e01 10002 100 3223 2010734067 637 273 1682
0b000301 0b001d01 10000 100 23425 2010964962 48579 1966 1706
0b000a01 0b001e01 10000 100 770857 2010996028 91312 64629 1713
0b000e01 0b001201 10000 100 9375 2011166098 2501 788 1743
0b000801 0b001801 10000 100 8380508 2006441520 4727491 702623 1051
0b000601 0b001401 10001 100 2453204 2009902778 1349242 205679 1561
0b000b01 0b001001 10000 100 4447 2011195614 56879 374 1752
0b000b01 0b001c01 10000 100 55024 2011242283 19933 4616 1764
0b000301 0b001c01 10003 100 21 2011333575 115 5 1774
0b000e01 0b001c01 10000 100 46387 2011373267 52604 3891 1778
0b000e01 0b001301 10002 100 24583 2011504126 14017 2062 1793
0b000901 0b001901 10001 100 1776228 2011038513 493492 148921 1719
0b000001 0b001801 10000 100 5553016 2008887442 2747508 465568 1417
0b000d01 0b001201 10000 100 2020219 2008666647 3083115 169378 1381
0b000b01 0b001101 10000 100 1887918 2011082661 703611 158283 1729
0b000801 0b001e01 10002 100 24216 2011796662 5533 2033 1850
0b000201 0b001d01 10000 100 121618 2011698534 112407 10197 1833
0b000301 0b001c01 10004 100 22826 2011775957 38034 1914 1846
0b000501 0b001b01 10000 100 7402 2011866147 9307 622 1861
0b000e01 0b001001 10002 100 33751 2011868945 14610 2830 1863
0b000b01 0b001301 10002 100 1042 2011827628 113347 91 1856
0b000e01 0b001e01 10000 100 29854 2012171401 157441 2503 1915
0b000a01 0b001f01 10000 100 65800 2012324227 23068 5517 1936
0b000301 0b001c01 10002 100 1075404 2010081929 2482568 90164 1593
0b000201 0b001201 10000 100 3921444 2009144374 3462726 328776 1448
0b000001 0b001101 10000 100 1212809 2011658113 1045464 101682 1828
0b000101 0b001b01 10002 100 42637 2012724337 12273 3576 1997
0b000501 0b001001 10001 100 44113 2012717467 50658 3701 1995
0b000601 0b001701 10000 100 290544 2012648101 172613 24360 1980
0b000101 0b001801 10001 100 787235 2012714716 172241 66004 1993
0b000901 0b001401 10000 100 6109 2013106566 36698 515 2060
0b000e01 0b001201 10001 100 291975 2013081838 67487 24479 2055
0b000401 0b001b01 10000 100 470556 2012796321 399435 39453 2017
0b000501 0b001401 10000 100 30258 2013182078 40857 2539 2071
0b000e01 0b001d01 10001 100 117906 2013376068 61771 9885 2105
0b000901 0b001d01 10001 100 1730314 2011632379 1866642 145072 1818
0b000501 0b001d01 10001 100 20782 2013567050 31867 1743 2136
0b000901 0b001901 10002 100 55485 2013600375 9201 4653 2139
0b000001 0b001d01 10000 100 33889 2013603627 61560 2841 2140
0b000801 0b001801 10001 100 1450939 2012179654 1501497 121646 1918
0b000101 0b001a01 10001 100 44971 2013683084 36468 3770 2153
0b000b01 0b001801 10001 100 87679 2013728469 43260 7352 2163
0b000101 0b001501 10000 100 101595 2013789265 30656 8519 2173
0b000c01 0b001801 10000 100 26754 2013859123 8816 2244 2188
0b000701 0b001201 10000 100 7406885 2003496403 10488160 620993 564
0b000201 0b001f01 10002 100 3203748 2009774806 4277275 268603 1542
0b000201 0b001801 10000 100 1571243 2010994818 3062721 131735 1712
0b000f01 0b001601 10000 100 4244172 2008389379 5708039 355834 1334
0b000b01 0b001301 10003 100 4894177 2012387386 1830219 410330 1949
0b000401 0b001d01 10001 100 9998 2014151366 72139 838 2232
0b000f01 0b001701 10000 100 27548 2014224586 120587 2311 2242
0b000301 0b001801 10001 100 54788 2014244563 136881 4594 2245
0b000301 0b001301 10000 100 2504464 2009398121 5008672 209976 1484
0b000801 0b001101 10000 100 76336 2014370750 37653 6402 2265
0b000c01 0b001c01 10000 100 7593937 2012206881 2227606 636675 1920
0b000301 0b001c01 10005 100 46145 2014376672 109456 3872 2266
0b000701 0b001201 10001 100 3690 2014614277 31333 310 2301
0b000401 0b001c01 10000 100 45143 2014602613 45124 3788 2298
0b000c01 0b001a01 10003 100 34680 2014648011 17463 2908 2305
0b000e01 0b001b01 10000 100 31326 2014848850 8762 2628 2339
0b000501 0b001e01 10000 100 518759 2014244634 663406 43493 2246
0b000401 0b001e01 10001 100 105097 2014886183 155978 8814 2347
0b000201 0b001501 10002 100 59855 2015181676 46042 5018 2397
0b000201 0b001501 10001 100 1903668 2012594929 2638139 159604 1973
0b000b01 0b001201 10002 100 199447 2015203076 170463 16723 2400
0b000001 0b001101 10002 100 1031098 2014171902 1213472 86450 2233
0b000201 0b001301 10000 100 4741806 2010659867 4821263 397553 1666
0b000001 0b001c01 10000 100 50474 2015439733 112042 4233 2434
0b000001 0b001b01 10000 100 892064 2014460838 1105762 74794 2280
0b000c01 0b001801 10001 100 33884 2015703311 67955 2841 2483
0b000a01 0b001801 10001 100 1888950 2013847925 1941781 158369 2185
0b000601 0b001401 10003 100 3697 2015843410 14770 311 2506
0b000c01 0b001401 10000 100 1021442 2014537251 1394668 85639 2290
0b000c01 0b001701 10000 100 7088 2015945889 2892 597 2521
0b000701 0b001d01 10001 100 3247269 2012041407 3965512 272253 1891
0b000501 0b001701 10000 100 679849 2015824669 245335 56999 2503
0b000d01 0b001301 10001 100 28975 2016101002 48958 2429 2539
0b000d01 0b001901 10002 100 1098252 2015961537 259788 92080 2522
0b000301 0b001401 10001 100 3822 2016208954 67371 321 2550
0b000a01 0b001601 10001 100 169467 2016218793 90856 14210 2552
0b000601 0b001501 10002 100 182170 2015177677 1200900 15276 2395
0b000801 0b001f01 10001 100 8676 2016467421 1267 728 2594
0b000301 0b001b01 10002 100 4724 2016462318 6741 397 2593
0b000201 0b001501 10003 100 17118 2016570365 4277 1438 2611
0b000f01 0b001301 10000 100 4291668 2011211840 5636807 359814 1760
0b000f01 0b001901 10000 100 1640544 2014737404 2169379 137544 2321
0b000701 0b001501 10000 100 63289 2016953473 54233 5308 2674
0b000c01 0b001001 10000 100 1170640 2016811301 198598 98147 2655
0b000f01 0b001101 10003 100 2453 2017114735 3820 207 2697
0b000101 0b001a01 10002 100 74755 2017222537 49121 6268 2718
0b000d01 0b001201 10001 100 1432520 2017018531 255942 120104 2682
0b000101 0b001901 10000 100 46688 2017284480 17874 3915 2725
0b000d01 0b001a01 10000 100 22338 2017382752 38521 1875 2743
0b000201 0b001b01 10002 100 24340 2017532974 20639 2043 2760
0b000c01 0b001301 10000 100 1690159 2016294777 1363471 141706 2558
0b000b01 0b001001 10001 100 5627688 2012452401 5223108 471826 1957
0b000201 0b001001 10000 100 127364 2017642110 73279 10680 2780
0b000c01 0b001901 10000 100 6002602 2012330433 5394365 503259 1938
0b000301 0b001e01 10000 100 653815 2016594850 1146920 54816 2615
0b000301 0b001901 10000 100 53073 2017676252 91434 4453 2786
0b000701 0b001e01 10001 100 1267 2017785849 110 109 2797
0b000001 0b001b01 10001 100 54455 2017838987 12914 4567 2806
0b000101 0b001301 10001 100 6984 2017883519 1862 585 2812
0b000301 0b001201 10001 100 38327 2017838940 54181 3215 2805
0b000501 0b001701 10001 100 13067 2017939183 58723 1099 2820
0b000601 0b001501 10003 100 32692 2017942608 60551 2742 2821
0b000f01 0b001801 10001 100 148758 2017907429 238947 12472 2816
0b000601 0b001e01 10000 100 8874645 2012305586 5853555 744051 1933
0b000001 0b001601 10000 100 22031 2018168016 24840 1850 2853
0b000d01 0b001301 10000 100 9009609 2009600214 8644696 755367 1519
0b000801 0b001101 10001 100 11027 2018326565 7130 928 2884
0b000301 0b001a01 10000 100 6020744 2007383734 10991318 504780 1196
0b000001 0b001401 10000 100 72528 2018328082 67422 6082 2885
0b000701 0b001e01 10000 100 1741030 2016329058 2096580 145971 2563
0b000401 0b001101 10000 100 7693 2018510963 6062 646 2922
0b000901 0b001001 10000 100 1224537 2017296839 1251651 102666 2726
0b000201 0b001801 10001 100 13937 2018779614 8285 1168 2963
0b000501 0b001501 10001 100 34787 2018867941 15147 2917 2975
0b000c01 0b001a01 10002 100 7240312 2010650479 8308185 607030 1662
0b000c01 0b001801 10002 100 23957 2018981908 4600 2008 2985
0b000d01 0b001c01 10000 100 5071 2019006908 473 428 2990
0b000d01 0b001801 10001 100 70620 2019027298 21066 5922 2994
0b000b01 0b001a01 10002 100 4858583 2016478998 2580763 407345 2595
0b000601 0b001d01 10000 100 20532 2019033977 35584 1723 2995
0b000501 0b001501 10002 100 4263 2019373079 3355 360 3046
0b000801 0b001a01 10000 100 72681 2019414015 43431 6094 3053
0b000f01 0b001801 10002 100 174572 2019229847 234751 14637 3024
0b000601 0b001d01 10001 100 26098 2019543463 4743 2191 3065
0b000501 0b001401 10001 100 9004 2019548417 97510 758 3066
0b000701 0b001301 10002 100 152061 2019692936 72981 12752 3086
0b000401 0b001b01 10001 100 2506561 2017563001 2206673 210151 2769
0b000001 0b001501 10000 100 154550 2019738817 43304 12959 3092
0b000401 0b001b01 10002 100 16479 2019790088 10179 1383 3106
0b000401 0b001d01 10002 100 2259145 2016413104 3449679 189410 2582
0b000701 0b001f01 10002 100 27449 2019795452 114411 2303 3108
0b000001 0b001801 10001 100 26435 2020123621 32383 2218 3165
0b000a01 0b001601 10002 100 35404 2020154216 6095 2970 3171
0b000d01 0b001e01 10000 100 1579021 2019066629 1450108 132388 3000
0b000b01 0b001201 10003 100 919048 2020220240 310603 77056 3185
0b000901 0b001201 10000 100 5193265 2012366128 8174336 435406 1947
0b000301 0b001301 10001 100 224193 2020389026 324927 18799 3207
0b000701 0b001f01 10001 100 1947660 2018886141 1839793 163293 2977
0b000201 0b001301 10001 100 1736772 2019965323 821845 145611 3142
0b000501 0b001201 10000 100 257261 2020705433 100381 21571 3262
0b000f01 0b001f01 10000 100 77239 2020744848 104863 6478 3267
0b000101 0b001f01 10001 100 53541 2020955972 20481 4490 3294
0b000501 0b001e01 10001 100 769237 2020802607 210320 64495 3277
0b000301 0b001601 10000 100 2353438 2017056417 4035109 197314 2688
0b000e01 0b001401 10000 100 4809718 2018988648 2129544 403247 2987
0b000d01 0b001201 10002 100 4096 2021124685 1250 346 3323
0b000501 0b001f01 10001 100 1512452 2020641159 678263 126806 3252
0b000e01 0b001a01 10000 100 20931 2021444267 26216 1755 3366
0b000f01 0b001901 10001 100 1811989 2018809066 2680558 151917 2966
0b000f01 0b001b01 10001 100 28823 2021488564 51247 2417 3375
0b000a01 0b001601 10003 100 139410 2021416306 128054 11690 3360
0b000001 0b001801 10002 100 22445 2021553747 18049 1883 3386
0b000d01 0b001101 10001 100 6901073 2019112331 2467509 578589 3010
0b000701 0b001801 10001 100 63863 2021580757 137579 5354 3392
0b000b01 0b001901 10001 100 1734408 2020165920 1571890 145415 3174
0b000a01 0b001001 10000 100 75229 2021741468 56881 6310 3424
0b000a01 0b001f01 10001 100 74551 2021758923 84227 6252 3427
0b000401 0b001901 10000 100 536671 2020635412 1384596 44995 3251
0b000e01 0b001001 10003 100 7968871 2018065023 4014585 668110 2838
0b000401 0b001401 10000 100 45390 2022084635 22094 3807 3482
0b000f01 0b001501 10001 100 9771166 2010405049 11722806 819217 1630
0b000301 0b001701 10002 100 5969671 2013271448 8931780 500498 2082
0b000901 0b001d01 10002 100 495244 2021966840 379472 41524 3466
0b000c01 0b001b01 10000 100 1797688 2020843086 1573839 150719 3284
0b000301 0b001701 10001 100 7358627 2011381473 11184327 616948 1780
0b000c01 0b001301 10001 100 49941 2022559440 16640 4187 3565
0b000401 0b001401 10001 100 35528 2022584515 9540 2980 3571
0b000001 0b001b01 10002 100 510458 2022435261 270824 42798 3544
0b000001 0b001001 10000 100 6095366 2020984537 1796059 511037 3300
0b000c01 0b001f01 10000 100 4369680 2020495662 2372747 366355 3224
0b000201 0b001901 10000 100 17658 2022860930 11437 1481 3611
0b000001 0b001401 10001 100 26437 2022892376 3740 2218 3615
0b000b01 0b001b01 10000 100 54886 2022927870 28798 4602 3619
0b000001 0b001201 10000 100 2095 2023035022 124 179 3642
0b000301 0b001d01 10002 100 18494 2023051337 13239 1552 3645
0b000701 0b001401 10001 100 3372271 2021396172 1708435 282734 3356
0b000601 0b001a01 10001 100 16034 2023116364 10739 1348 3654
0b000001 0b001001 10001 100 19730 2023177326 3363 1655 3665
0b000a01 0b001501 10000 100 1053 2023293874 132 91 3689
0b000901 0b001301 10000 100 20201 2023298024 13160 1696 3690
0b000e01 0b001801 10000 100 32701 2023324907 13142 2742 3695
0b000701 0b001701 10001 100 295 2023353966 269 27 3700
0b000401 0b001401 10002 100 157243 2023199953 163654 13186 3667
0b000201 0b001d01 10001 100 47343 2023365898 8301 3971 3704
0b000401 0b001d01 10003 100 5093117 2020136277 3239604 427010 3167
0b000f01 0b001101 10004 100 25126 2023477065 50782 2109 3720
0b000401 0b001a01 10000 100 1612401 2022174716 1410659 135186 3501
0b000701 0b001401 10002 100 29053 2023447007 209263 2439 3715
0b000e01 0b001e01 10001 100 3824771 2021457600 2284343 320669 3368
0b000c01 0b001e01 10003 100 148787 2023721618 36456 12475 3747
0b000001 0b001f01 10001 100 1558 2023776456 19128 132 3763
0b000101 0b001201 10001 100 110669 2023829469 26863 9279 3769
0b000901 0b001001 10001 100 5270 2023910356 3122 444 3789
0b000201 0b001601 10001 100 39253 2023883317 35375 3293 3783
0b000b01 0b001b01 10001 100 14303 2023956200 4940 1201 3800
0b000801 0b001a01 10001 100 133765 2024096793 22507 11215 3818
0b000001 0b001101 10001 100 22238544 2011731483 12586352 1864481 1838
0b000f01 0b001d01 10000 100 727 2024334989 312 62 3850
0b000101 0b001c01 10001 100 1404038 2023233101 1212037 117718 3673
0b000001 0b001b01 10003 100 1076316 2023952711 494772 90240 3798
0b000e01 0b001c01 10001 100 475424 2023320827 1152152 39861 3694
0b000f01 0b001201 10003 100 8312864 2013795582 10686543 696951 2176
0b000f01 0b001101 10002 100 8803394 2013850607 10681054 738078 2186
0b000201 0b001801 10002 100 2333577 2024603008 373896 195648 3898
0b000d01 0b001401 10000 100 6128 2025085513 1059 517 3980
0b000f01 0b001401 10001 100 492648 2024547851 611692 41304 3889
0b000801 0b001701 10000 100 4986 2025225660 3149 418 4003
0b000201 0b001f01 10004 100 29674 2025237505 10433 2489 4005
0b000701 0b001b01 10000 100 517718 2025118089 205194 43406 3985
0b000a01 0b001401 10001 100 630 2025349046 119 54 4029
0b000001 0b001401 10002 100 76903 2025504575 105300 6447 4045
0b000801 0b001601 10000 100 1576132 2024547674 1068739 132146 3888
0b000401 0b001701 10000 100 4522624 2022844238 2849655 379178 3607
0b000a01 0b001c01 10000 100 33421 2025684038 11114 2804 4073
0b000301 0b001d01 10001 100 9281567 2017253788 8449653 778168 2723
0b000701 0b001f01 10003 100 1819 2025611724 113215 153 4061
0b000d01 0b001701 10001 100 60718 2025714648 14646 5091 4079
0b000901 0b001301 10001 100 787724 2025339375 450679 66043 4026
0b000601 0b001501 10000 100 8991447 2006888936 18927113 753845 1115
0b000e01 0b001401 10001 100 79162 2025776540 77465 6640 4089
0b000a01 0b001f01 10002 100 1544489 2024423307 1438777 129491 3864
0b000001 0b001001 10002 100 3273 2025952262 702 277 4111
0b000401 0b001801 10001 100 1423584 2024726145 1295793 119354 3910
0b000001 0b001401 10003 100 17992 2026104769 7045 1508 4132
0b000101 0b001801 10002 100 4757 2026173353 6607 399 4143
0b000901 0b001b01 10002 100 64531 2026327623 25085 5412 4162
0b000d01 0b001001 10001 100 754493 2026263684 117025 63258 4151
0b000201 0b001801 10003 100 2888 2026466421 13958 242 4183
0b000101 0b001101 10001 100 99555 2026449212 47652 8348 4178
0b000501 0b001901 10000 100 152975 2026362413 217230 12825 4168
0b000e01 0b001801 10001 100 4868897 2024179955 2548230 408208 3828
0b000201 0b001801 10004 100 8376 2026922609 125773 704 4249
0b000301 0b001b01 10003 100 4447 2027189342 29528 374 4283
0b000901 0b001c01 10001 100 27599 2027201632 24578 2315 4284
0b000201 0b001f01 10003 100 4483711 2025112293 2170964 375915 3982
0b000601 0b001f01 10002 100 127493 2027153600 191346 10690 4275
0b000101 0b001001 10000 100 9167 2027307179 42718 771 4300
0b000101 0b001c01 10002 100 31 2027399566 0 6 4310
0b000701 0b001c01 10000 100 32639 2027475250 4774 2737 4319
0b000a01 0b001801 10002 100 76280 2027566130 13749 6398 4335
0b000701 0b001201 10002 100 58710 2027592945 127396 4923 4337
0b000801 0b001401 10001 100 8033916 2025497753 2270138 673563 4044
0b000d01 0b001301 10002 100 6146286 2025194679 2663188 515307 3996
0b000101 0b001b01 10003 100 51321 2027910433 16161 4305 4396
0b000901 0b001b01 10001 100 12106644 2022394355 5664193 1015022 3533
0b000901 0b001201 10001 100 6071 2028065181 3355 512 4430
0b000a01 0b001401 10002 100 19056 2028195771 80205 1601 4452
0b000c01 0b001501 10000 100 463462 2028046110 297959 38858 4428
0b000d01 0b001f01 10001 100 71793 2028408251 41113 6019 4481
0b000201 0b001401 10000 100 673604 2026908705 1557935 56476 4245
0b000301 0b001201 10000 100 23586303 2005395002 23189621 1977478 871
0b000501 0b001c01 10001 100 1986929 2024842682 3769132 166584 3936
0b000d01 0b001a01 10001 100 420556 2028590647 157657 35261 4505
0b000e01 0b001b01 10001 100 122592 2028727335 21857 10279 4529
0b000401 0b001501 10000 100 1482493 2028447363 348976 124294 4489
0b000701 0b001a01 10000 100 8504 2028856725 1465 714 4551
0b000501 0b001b01 10001 100 1274767 2025373250 3500868 106877 4031
0b000c01 0b001a01 10001 100 18776694 2006800388 22081237 1574239 1100
0b000601 0b001901 10000 100 7404 2028944205 6987 623 4569
0b000501 0b001001 10003 100 116187 2028811398 166434 9744 4538
0b000001 0b001d01 10001 100 44287 2029015531 12270 3715 4583
0b000301 0b001f01 10000 100 42400 2029170070 22171 3557 4611
0b000f01 0b001901 10002 100 44210 2029171427 31713 3709 4612
0b000901 0b001a01 10000 100 67726 2029193156 32199 5679 4615
0b000201 0b001401 10001 100 25398 2029265989 8840 2131 4632
0b000901 0b001601 10000 100 914391 2027994085 1290768 76664 4416
0b000a01 0b001901 10001 100 25815 2029271142 46028 2165 4633
0b000801 0b001401 10002 100 48018 2029324942 70725 4029 4646
0b000601 0b001c01 10001 100 15233 2029390686 24630 1280 4653
0b000301 0b001a01 10001 100 377587 2029306275 181064 31658 4643
0b000901 0b001501 10000 100 2606041 2027684934 1878360 218494 4363
0b000b01 0b001b01 10002 100 1264086 2029301536 334924 105984 4641
0b000701 0b001601 10001 100 4940 2029712421 3842 414 4703
0b000b01 0b001d01 10001 100 7710382 2025318427 4498000 646440 4017
0b000901 0b001f01 10000 100 41513 2029838798 5386 3482 4714
0b000401 0b001101 10001 100 4459052 2021495746 8408895 373850 3377
0b000c01 0b001901 10001 100 76339 2029702059 203123 6402 4701
0b000e01 0b001c01 10002 100 4561304 2028153050 1946716 382422 4450
0b000d01 0b001501 10000 100 1937396 2028710728 1568181 162433 4526
0b000501 0b001601 10001 100 1876048 2026369573 4693220 157291 4169
0b000501 0b001801 10002 100 1861787 2028453514 4400567 156093 4491
0b000301 0b001801 10002 100 7864814 2022483924 10630962 659386 3551
0b000c01 0b001d01 10000 100 6790605 2028894949 4248581 569325 4560
0b000301 0b001b01 10001 100 19469611 2008694789 24794480 1632333 1389
0b000601 0b001c01 10000 100 3659576 2028306086 7168096 306820 4465
0b000701 0b001601 10000 100 24128539 2024365242 11493034 2022938 3855
0b000701 0b001201 10003 100 5793144 2027845468 8456385 485700 4385
0b000501 0b001601 10000 100 7156587 2013422843 25831719 600009 2110
0b000401 0b001501 10001 100 8648757 2028996927 10846804 725112 4577
0b000801 0b001f01 10000 100 12998485 2008461032 33165768 1089794 1344
0b000301 0b001601 10001 100 9598834 2025046314 17416741 804766 3974
0b000601 0b001401 10002 100 26424127 2014044895 40617893 2215402 2219
0b000501 0b001001 10002 100 27764710 2016346138 39042590 2327794 2570
0b000501 0b001801 10001 100 29436816 2021418951 39895369 2467983 3361
0b000b01 0b001f01 10000 100 23353855 2004764450 64094157 1957987 758
Average intra_dc ratio: 23.181055328724845
