2018095484 40 1 4 1
2018102263 40 1 4 0
2018105484 40 1 4 1
2018112105 40 1 4 0
2018115923 40 1 4 1
2018122623 40 1 4 0
2018126227 40 1 4 1
2018133254 40 1 4 0
2018136369 40 1 4 1
2018143219 40 1 4 0
2018146097 42 1 4 1
2018146793 40 1 4 1
2018151121 42 1 4 0
2018152396 40 1 4 0
2018155086 42 1 4 1
2018155928 40 1 4 1
2018160620 42 1 4 0
2018161837 40 1 4 0
2018164758 42 1 4 1
2018165532 40 1 4 1
2018170616 42 1 4 0
2018171051 40 1 4 0
2018174683 42 1 4 1
2018174690 40 1 4 1
2018179328 42 1 4 0
2018180220 40 1 4 0
2018183406 42 1 4 1
2018184157 40 1 4 1
2018188232 42 1 4 0
2018189915 40 1 4 0
2018192805 42 1 4 1
2018193320 40 1 4 1
2018198308 42 1 4 0
2018199062 40 1 4 0
2018202289 42 1 4 1
2018202666 40 1 4 1
2018207157 42 1 4 0
2018207878 40 1 4 0
2018211150 40 1 4 1
2018211635 42 1 4 1
2018216383 42 1 4 0
2018216589 40 1 4 0
2018220102 42 1 4 1
2018220290 40 1 4 1
2018225723 42 1 4 0
2018225923 40 1 4 0
2018229950 40 1 4 1
2018230038 42 1 4 1
2018235473 40 1 4 0
2018235901 42 1 4 0
2018239750 40 1 4 1
2018240059 42 1 4 1
2018245242 42 1 4 0
2018245346 40 1 4 0
2018248792 40 1 4 1
2018248890 42 1 4 1
2018252666 42 1 4 0
2018254491 40 1 4 0
2018257261 42 1 4 1
2018258095 40 1 4 1
2018262062 42 1 4 0
2018264088 40 1 4 0
2018267452 42 1 4 1
2018267717 40 1 4 1
2018272846 42 1 4 0
2018273064 40 1 4 0
2018277109 40 1 4 1
2018281864 42 1 4 1
2018284144 40 1 4 0
2018287549 40 1 4 1
2018288213 42 1 4 0
2018293983 42 1 4 1
2018294596 40 1 4 0
2018297119 42 1 4 0
2018298177 40 1 4 1
2018301034 42 1 4 1
2018305355 40 1 4 0
2018305984 42 1 4 0
2018308909 40 1 4 1
2018313440 42 1 4 1
2018315448 40 1 4 0
2018318667 42 1 4 0
2018319167 40 1 4 1
2018322920 42 1 4 1
2018325801 42 1 4 0
2018325981 40 1 4 0
2018329698 40 1 4 1
2018331442 42 1 4 1
2018336236 40 1 4 0
2018337196 42 1 4 0
2018339872 40 1 4 1
2018344296 42 1 4 1
2018346366 40 1 4 0
2018348438 42 1 4 0
2018349911 40 1 4 1
2018351473 42 1 4 1
2018356053 42 1 4 0
2018357180 40 1 4 0
2018360290 40 1 4 1
2018362580 42 1 4 1
2018367547 40 1 4 0
2018367887 42 1 4 0
2018371009 40 1 4 1
2018371025 42 1 4 1
2018374661 42 1 4 0
2018378242 40 1 4 0
2018381156 42 1 4 1
2018381617 40 1 4 1
2018386367 42 1 4 0
2018387708 40 1 4 0
2018391265 40 1 4 1
2018396744 40 1 4 0
2018400942 40 1 4 1
2018404049 40 1 4 0
2018408271 40 1 4 1
2018411385 40 1 4 0
2018415900 40 1 4 1
2018420324 40 1 4 0
2018424448 40 1 4 1
2018428046 40 1 4 0
2018433228 40 1 4 1
2018437861 40 1 4 0
2018442158 40 1 4 1
2018446669 40 1 4 0
2018450555 40 1 4 1
2018454971 40 1 4 0
2018459110 40 1 4 1
2018463593 40 1 4 0
2018468432 40 1 4 1
2018472674 40 1 4 0
2018476892 40 1 4 1
2018481644 40 1 4 0
2018487167 40 1 4 1
2018491725 40 1 4 0
2018496216 40 1 4 1
2018500391 40 1 4 0
2018505732 40 1 4 1
2018509780 40 1 4 0
2018514757 40 1 4 1
2018519572 40 1 4 0
2018524391 40 1 4 1
2018528597 40 1 4 0
2018533764 40 1 4 1
2018538781 40 1 4 0
2018544106 40 1 4 1
2018548320 40 1 4 0
2018554361 40 1 4 1
2018557911 40 1 4 0
2018563517 40 1 4 1
2018567387 40 1 4 0
2018572985 40 1 4 1
2018576602 40 1 4 0
2018582483 40 1 4 1
2018586867 40 1 4 0
2018593170 40 1 4 1
2018596431 40 1 4 0
2018602946 40 1 4 1
2018607255 40 1 4 0
2018754469 43 1 4 1
2018760037 43 1 4 0
2018766907 43 1 4 1
2018770561 43 1 4 0
2018774741 43 1 4 1
2018779340 43 1 4 0
2018783822 43 1 4 1
2018786973 43 1 4 0
2018790749 43 1 4 1
2018795042 43 1 4 0
2018801114 43 1 4 1
2018805467 43 1 4 0
2018811677 43 1 4 1
2018816070 43 1 4 0
2018822425 43 1 4 1
2018827847 43 1 4 0
2018832026 43 1 4 1
2018836159 43 1 4 0
2018841205 43 1 4 1
2018845514 43 1 4 0
2018850680 43 1 4 1
2018855072 43 1 4 0
2018864087 43 1 4 1
2018866858 43 1 4 0
2018873171 43 1 4 1
2018877078 43 1 4 0
2018886205 43 1 4 1
2018889008 43 1 4 0
2018895593 43 1 4 1
2018898261 43 1 4 0
2018917115 43 1 4 1
2018920487 43 1 4 0
2018927367 43 1 4 1
2018931198 43 1 4 0
2018937509 43 1 4 1
2018940320 43 1 4 0
2018949430 43 1 4 1
2018952631 43 1 4 0
2018960738 43 1 4 1
2018964240 43 1 4 0
2018970916 43 1 4 1
2018974378 43 1 4 0
2018981710 43 1 4 1
2018985085 43 1 4 0
2018994291 43 1 4 1
2018997599 43 1 4 0
2019003504 43 1 4 1
2019006968 43 1 4 0
2019013268 43 1 4 1
2019016883 43 1 4 0
2019022209 43 1 4 1
2019026521 43 1 4 0
2019032659 43 1 4 1
2019036303 43 1 4 0
2019042046 43 1 4 1
2019046777 43 1 4 0
2019052063 43 1 4 1
2019056553 43 1 4 0
2019060695 43 1 4 1
2019065185 43 1 4 0
2019070418 43 1 4 1
2019074663 43 1 4 0
2019080153 43 1 4 1
2019083793 43 1 4 0
2019090042 43 1 4 1
2019093243 43 1 4 0
2019101524 43 1 4 1
2019104571 43 1 4 0
2019111820 43 1 4 1
2019116709 43 1 4 0
2019122021 43 1 4 1
2019125724 43 1 4 0
2019131210 43 1 4 1
2019134850 43 1 4 0
2019141340 43 1 4 1
2019144885 43 1 4 0
2019152051 43 1 4 1
2019155426 43 1 4 0
2019162566 43 1 4 1
2019165979 43 1 4 0
2019173153 43 1 4 1
2019176462 43 1 4 0
2019184602 43 1 4 1
2019187693 43 1 4 0
2019195064 43 1 4 1
2019198565 43 1 4 0
2019205272 43 1 4 1
2019210188 43 1 4 0
2019217232 43 1 4 1
2019222621 43 1 4 0
2019225964 43 1 4 1
2019230516 43 1 4 0
2019234110 43 1 4 1
2019238213 43 1 4 0
2019241077 43 1 4 1
2019245004 43 1 4 0
2019249304 43 1 4 1
2019254541 43 1 4 0
2019259027 43 1 4 1
2019264492 43 1 4 0
2019269206 43 1 4 1
2019273778 43 1 4 0
2019277165 43 1 4 1
2019280611 43 1 4 0
2019286492 43 1 4 1
2019289363 43 1 4 0
2019295113 43 1 4 1
2019297825 43 1 4 0
2019306355 43 1 4 1
2019310177 43 1 4 0
2019316554 43 1 4 1
2019320469 43 1 4 0
2019328530 43 1 4 1
2019332791 43 1 4 0
2019343242 43 1 4 1
2019345814 43 1 4 0
2022516109 42 1 4 1
2022519354 42 1 4 0
2022531637 42 1 4 1
2022534554 42 1 4 0
2022545453 42 1 4 1
2022548595 42 1 4 0
2022559549 42 1 4 1
2022562015 42 1 4 0
2024215346 42 1 4 1
2024224659 42 1 4 0
2024228212 42 1 4 1
2024235551 42 1 4 0
2024240033 42 1 4 1
2024246759 42 1 4 0
2024250979 42 1 4 1
2024258030 42 1 4 0
2024261836 42 1 4 1
2024268258 42 1 4 0
2024271716 42 1 4 1
2024278404 42 1 4 0
2024281783 42 1 4 1
2024288431 42 1 4 0
2024292672 42 1 4 1
2024297903 42 1 4 0
2024303279 42 1 4 1
2024307059 42 1 4 0
2024313867 42 1 4 1
2024318069 42 1 4 0
2024635600 42 1 4 1
2024640215 42 1 4 0
2024645087 42 1 4 1
2024648658 42 1 4 0
2024653965 42 1 4 1
2024657445 42 1 4 0
2024665187 42 1 4 1
2024668411 42 1 4 0
2024676071 42 1 4 1
2024678937 42 1 4 0
2024689856 42 1 4 1
2024692683 42 1 4 0
2024705220 42 1 4 1
2024707921 42 1 4 0
2024726958 42 1 4 1
2024727143 42 1 4 0
2024727642 42 1 4 1
2024727987 42 1 4 0
2024728346 42 1 4 1
2024728675 42 1 4 0
2024731706 42 1 4 1
2024734865 42 1 4 0
