2001881519 14 0 1 1
2001885682 14 0 1 0
2001890579 14 0 1 1
2001894734 14 0 1 0
2001899619 14 0 1 1
2001903864 14 0 1 0
2001908685 14 0 1 1
2001912922 14 0 1 0
2001917989 14 0 1 1
2001922309 14 0 1 0
2001926981 14 0 1 1
2001931586 14 0 1 0
2001935996 14 0 1 1
2001940633 14 0 1 0
2001945043 14 0 1 1
2001949680 14 0 1 0
2001954256 14 0 1 1
2001958644 14 0 1 0
2001963303 14 0 1 1
2001967691 14 0 1 0
2001972433 14 0 1 1
2001976987 14 0 1 0
2001981812 14 0 1 1
2001985453 14 0 1 0
2001991357 14 0 1 1
2001994998 14 0 1 0
2002001068 14 0 1 1
2002004709 14 0 1 0
2002010862 14 0 1 1
2002014503 14 0 1 0
2002020822 14 0 1 1
2002024463 14 0 1 0
2002030533 14 0 1 1
2002034008 14 0 1 0
2002040410 14 0 1 1
2002044217 14 0 1 0
2002050121 14 0 1 1
2002053777 14 0 1 0
2002059764 14 0 1 1
2002063579 14 0 1 0
2002088241 14 0 1 1
2002089392 14 0 1 0
2002184384 12 0 1 1
2002187104 12 0 1 0
2002207170 12 0 1 1
2002209705 12 0 1 0
2002245474 12 0 1 1
2002247825 12 0 1 0
2002290231 12 0 1 1
2002292618 12 0 1 0
2006432680 26 0 1 1
2006443426 26 0 1 0
2006446327 26 0 1 1
2006447221 27 0 1 1
2006454352 26 0 1 0
2006455748 27 0 1 0
2006458669 26 0 1 1
2006459162 27 0 1 1
2006464114 26 0 1 0
2006467271 27 0 1 0
2006468686 26 0 1 1
2006470519 27 0 1 1
2006474171 26 0 1 0
2006478701 27 0 1 0
2006478743 26 0 1 1
2006482032 27 0 1 1
2006484145 26 0 1 0
2006488634 26 0 1 1
2006490384 27 0 1 0
2006493372 26 0 1 0
2006493715 27 0 1 1
2006499355 26 0 1 1
2006501719 27 0 1 0
2006503287 26 0 1 0
2006506244 27 0 1 1
2006509563 26 0 1 1
2006513226 26 0 1 0
2006514418 27 0 1 0
2006517666 27 0 1 1
2006519111 26 0 1 1
2006523162 26 0 1 0
2006526461 27 0 1 0
2006528958 26 0 1 1
2006529626 27 0 1 1
2006534153 26 0 1 0
2006539012 26 0 1 1
2006539173 27 0 1 0
2006542172 27 0 1 1
2006543780 26 0 1 0
2006549028 26 0 1 1
2006551114 27 0 1 0
2006554083 26 0 1 0
2006554113 27 0 1 1
2006558851 26 0 1 1
2006562877 27 0 1 0
2006564453 26 0 1 0
2006565959 27 0 1 1
2006568223 26 0 1 1
2006574377 27 0 1 0
2006575239 26 0 1 0
2006577874 27 0 1 1
2006578863 26 0 1 1
2006585541 27 0 1 0
2006586389 26 0 1 0
2006588789 27 0 1 1
2006589981 26 0 1 1
2006596965 26 0 1 0
2006597621 27 0 1 0
2006600620 27 0 1 1
2006600775 26 0 1 1
2006607976 26 0 1 0
2006609718 27 0 1 0
2006612078 26 0 1 1
2006612717 27 0 1 1
2006619967 26 0 1 0
2006621479 27 0 1 0
2006623721 26 0 1 1
2006624312 27 0 1 1
2006631515 26 0 1 0
2006632591 27 0 1 0
2006638203 27 0 1 1
2006642067 27 0 1 0
2006644428 26 0 1 1
2006647688 27 0 1 1
2006647831 26 0 1 0
2006651721 27 0 1 0
2006656657 27 0 1 1
2006660525 27 0 1 0
2006665094 26 0 1 1
2006668414 26 0 1 0
2006677778 26 0 1 1
2006681600 26 0 1 0
2006685922 27 0 1 1
2006689657 27 0 1 0
2006690276 26 0 1 1
2006693596 26 0 1 0
2006696688 27 0 1 1
2006700346 27 0 1 0
2006702596 26 0 1 1
2006706339 26 0 1 0
2006707385 27 0 1 1
2006710529 27 0 1 0
2006715177 26 0 1 1
2006718580 26 0 1 0
2006731344 26 0 1 1
2006734237 26 0 1 0
2006751006 26 0 1 1
2006753729 26 0 1 0
2007232281 16 0 1 1
2007235644 16 0 1 0
2007243955 16 0 1 1
2007247098 16 0 1 0
2007256239 16 0 1 1
2007259548 16 0 1 0
2007268855 16 0 1 1
2007272081 16 0 1 0
2007283380 16 0 1 1
2007286440 16 0 1 0
2007294834 16 0 1 1
2007297977 16 0 1 0
2007307284 16 0 1 1
2007310261 16 0 1 0
2007320638 16 0 1 1
2007323707 16 0 1 0
2007334757 16 0 1 1
2007337817 16 0 1 0
2007347954 16 0 1 1
2007351097 16 0 1 0
2007361234 16 0 1 1
2007364211 16 0 1 0
2007374763 16 0 1 1
2007377823 16 0 1 0
2007392442 16 0 1 1
2007393427 16 0 1 0
2007539783 18 0 1 1
2007543380 18 0 1 0
2007550445 18 0 1 1
2007553904 18 0 1 0
2007560649 18 0 1 1
2007564104 18 0 1 0
2007571197 18 0 1 1
2007574664 18 0 1 0
2007581492 18 0 1 1
2007584868 18 0 1 0
2007592479 18 0 1 1
2007595859 18 0 1 0
2007602703 18 0 1 1
2007606328 18 0 1 0
2007613417 18 0 1 1
2007616963 18 0 1 0
2007623969 18 0 1 1
2007627693 18 0 1 0
2007633663 18 0 1 1
2007637470 18 0 1 0
2007643440 18 0 1 1
2007647077 18 0 1 0
2007653905 18 0 1 1
2007657451 18 0 1 0
2008848313 19 0 1 1
2008852925 19 0 1 0
2008857597 19 0 1 1
2008862190 19 0 1 0
2008866854 19 0 1 1
2008871424 19 0 1 0
2008875975 19 0 1 1
2008880475 19 0 1 0
2008885758 19 0 1 1
2008889930 19 0 1 0
2008895303 19 0 1 1
2008899488 19 0 1 0
2008904878 19 0 1 1
2008909046 19 0 1 0
2008914407 19 0 1 1
2008918711 19 0 1 0
2008923712 19 0 1 1
2008928018 19 0 1 0
2008933228 19 0 1 1
2008937299 19 0 1 0
2008942153 19 0 1 1
2008946600 19 0 1 0
2008951450 19 0 1 1
2008955770 19 0 1 0
2008960667 19 0 1 1
2008964835 19 0 1 0
2008969722 19 0 1 1
2008974131 19 0 1 0
2008978927 19 0 1 1
2008982523 19 0 1 0
2008988629 19 0 1 1
2008992223 19 0 1 0
2008998210 19 0 1 1
2009002017 19 0 1 0
2009007838 19 0 1 1
2009011479 19 0 1 0
2009017134 19 0 1 1
2009020945 19 0 1 0
2009026766 19 0 1 1
2009030573 19 0 1 0
2009036560 19 0 1 1
2009040367 19 0 1 0
2009046354 19 0 1 1
2009049995 19 0 1 0
2009055816 19 0 1 1
2009059457 19 0 1 0
2009065444 19 0 1 1
2009069085 19 0 1 0
2009086612 19 0 1 1
2009090233 19 0 1 0
2009096137 19 0 1 1
2009099524 19 0 1 0
2009125099 19 0 1 1
2009127732 19 0 1 0
2009156876 19 0 1 1
2009159362 19 0 1 0
2011308357 30 0 1 1
2011312675 30 0 1 0
2011318923 30 0 1 1
2011322450 30 0 1 0
2011328789 30 0 1 1
2011332391 30 0 1 0
2011337923 30 0 1 1
2011342497 30 0 1 0
2011346976 30 0 1 1
2011351578 30 0 1 0
2011356066 30 0 1 1
2011360557 30 0 1 0
2011365335 30 0 1 1
2011369773 30 0 1 0
2011374551 30 0 1 1
2011378910 30 0 1 0
2011383767 30 0 1 1
2011387284 30 0 1 0
2011399090 30 0 1 1
2011401686 30 0 1 0
2011415662 30 0 1 1
2011418681 30 0 1 0
2011429894 30 0 1 1
2011430128 29 0 1 1
2011432154 30 0 1 0
2011462530 29 0 1 0
2011466344 29 0 1 1
2011470222 30 0 1 1
2011472120 29 0 1 0
2011473403 30 0 1 0
2011476278 29 0 1 1
2011477593 30 0 1 1
2011481491 29 0 1 0
2011481944 30 0 1 0
2011485584 29 0 1 1
2011491442 8 0 1 1
2011491526 29 0 1 0
2011494127 30 0 1 1
2011495208 29 0 1 1
2011495965 8 0 1 0
2011497770 30 0 1 0
2011499847 29 0 1 0
2011500462 8 0 1 1
2011504348 29 0 1 1
2011504824 8 0 1 0
2011508994 29 0 1 0
2011509981 8 0 1 1
2011513357 29 0 1 1
2011513849 8 0 1 0
2011517714 29 0 1 0
2011519587 8 0 1 1
2011523467 8 0 1 0
2011527205 29 0 1 1
2011528008 29 0 1 0
2011529205 8 0 1 1
2011533081 8 0 1 0
2011538819 8 0 1 1
2011542766 8 0 1 0
2011546175 30 0 1 1
2011548093 8 0 1 1
2011548420 30 0 1 0
2011552071 8 0 1 0
2011557398 8 0 1 1
2011560534 8 0 1 0
2011565857 8 0 1 1
2011569918 8 0 1 0
2011574392 30 0 1 1
2011575241 8 0 1 1
2011576519 30 0 1 0
2011579219 8 0 1 0
2011584376 8 0 1 1
2011588437 8 0 1 0
2011593594 8 0 1 1
2011597568 8 0 1 0
2011602642 8 0 1 1
2011606719 8 0 1 0
2011611959 8 0 1 1
2011616052 8 0 1 0
2011621375 8 0 1 1
2011625389 8 0 1 0
2011630712 8 0 1 1
2011634730 8 0 1 0
2011639970 8 0 1 1
2011643957 8 0 1 0
2011649280 8 0 1 1
2011653268 8 0 1 0
2011658425 8 0 1 1
2011662408 8 0 1 0
2011665146 31 0 1 1
2011667814 8 0 1 1
2011671272 31 0 1 0
2011671472 8 0 1 0
2011675852 31 0 1 1
2011677542 8 0 1 1
2011680951 8 0 1 0
2011682195 31 0 1 0
2011687068 31 0 1 1
2011688104 8 0 1 1
2011691521 8 0 1 0
2011692339 31 0 1 0
2011696626 31 0 1 1
2011698670 8 0 1 1
2011702423 8 0 1 0
2011703678 31 0 1 0
2011708244 8 0 1 1
2011708603 31 0 1 1
2011712278 8 0 1 0
2011715197 31 0 1 0
2011717020 8 0 1 1
2011720901 8 0 1 0
2011725925 31 0 1 1
2011726473 8 0 1 1
2011729345 31 0 1 0
2011730426 8 0 1 0
2011736243 8 0 1 1
2011738605 31 0 1 1
2011740118 8 0 1 0
2011741925 31 0 1 0
2011745885 8 0 1 1
2011746075 31 0 1 1
2011749622 8 0 1 0
2011752772 31 0 1 0
2011757060 8 0 1 1
2011757293 31 0 1 1
2011760648 8 0 1 0
2011764075 31 0 1 0
2011766663 8 0 1 1
2011769179 31 0 1 1
2011770235 8 0 1 0
2011775537 31 0 1 0
2011776254 8 0 1 1
2011779996 8 0 1 0
2011780320 31 0 1 1
2011786019 8 0 1 1
2011787263 31 0 1 0
2011789698 8 0 1 0
2011791812 31 0 1 1
2011795480 8 0 1 1
2011797512 31 0 1 0
2011799139 8 0 1 0
2011802171 31 0 1 1
2011804905 8 0 1 1
2011808361 31 0 1 0
2011808652 8 0 1 0
2011812787 31 0 1 1
2011814383 8 0 1 1
2011818130 8 0 1 0
2011819429 31 0 1 0
2011823829 8 0 1 1
2011827523 8 0 1 0
2011829068 31 0 1 1
2011833480 8 0 1 1
2011835122 31 0 1 0
2011837002 8 0 1 0
2011839615 31 0 1 1
2011842784 8 0 1 1
2011843294 31 0 1 0
2011846427 8 0 1 0
2011848285 31 0 1 1
2011852399 31 0 1 0
2011854633 8 0 1 1
2011857225 31 0 1 1
2011857809 8 0 1 0
2011861089 31 0 1 0
2011865992 8 0 1 1
2011865997 31 0 1 1
2011868908 31 0 1 0
2011870978 8 0 1 0
2011875329 8 0 1 1
2011880184 8 0 1 0
2011884366 8 0 1 1
2011888915 8 0 1 0
2011893519 8 0 1 1
2011897771 8 0 1 0
2011902335 8 0 1 1
2011906903 8 0 1 0
2011911963 8 0 1 1
2011916360 8 0 1 0
2011921135 8 0 1 1
2011925514 8 0 1 0
2011930284 8 0 1 1
2011934635 8 0 1 0
2011938646 8 0 1 1
2011943828 8 0 1 0
2011949523 8 0 1 1
2011953427 8 0 1 0
2011958695 8 0 1 1
2011962559 8 0 1 0
2011968250 8 0 1 1
2011972058 8 0 1 0
2011977583 8 0 1 1
2011981257 8 0 1 0
2011986695 8 0 1 1
2011993832 8 0 1 0
2011999902 8 0 1 1
2012006197 8 0 1 0
2012243337 8 0 1 1
2012245862 8 0 1 0
2012267225 8 0 1 1
2012269859 8 0 1 0
2012290268 8 0 1 1
2012292844 8 0 1 0
2017936817 28 0 1 1
2017939339 28 0 1 0
2017966823 28 0 1 1
2017969136 28 0 1 0
2018401808 17 0 1 1
2018406583 17 0 1 0
2018410567 17 0 1 1
2018415547 17 0 1 0
2018419895 17 0 1 1
2018425073 17 0 1 0
2018429281 17 0 1 1
2018434286 17 0 1 0
2018443609 17 0 1 1
2018445978 17 0 1 0
2018465185 17 0 1 1
2018467716 17 0 1 0
2018472531 17 0 1 1
2018477928 17 0 1 0
2018481897 17 0 1 1
2018486678 17 0 1 0
2018491157 17 0 1 1
2018495746 17 0 1 0
2018500278 17 0 1 1
2018504836 17 0 1 0
2018509129 17 0 1 1
2018513717 17 0 1 0
2018518274 17 0 1 1
2018522878 17 0 1 0
2018527367 17 0 1 1
2018531977 17 0 1 0
2018536413 17 0 1 1
2018541024 17 0 1 0
2018545324 17 0 1 1
2018549922 17 0 1 0
2018554654 17 0 1 1
2018559418 17 0 1 0
2018564123 17 0 1 1
2018568414 17 0 1 0
2018572931 17 0 1 1
2018577438 17 0 1 0
2018581906 17 0 1 1
2018586591 17 0 1 0
2018590967 17 0 1 1
2018595760 17 0 1 0
2018600263 17 0 1 1
2018604546 17 0 1 0
2018608882 17 0 1 1
2018613317 17 0 1 0
2018618241 17 0 1 1
2018622755 17 0 1 0
2018627497 17 0 1 1
2018631909 17 0 1 0
2018636604 17 0 1 1
2018636791 10 0 1 1
2018640969 10 0 1 0
2018641103 17 0 1 0
2018645946 17 0 1 1
2018646043 10 0 1 1
2018650182 10 0 1 0
2018650331 17 0 1 0
2018655113 17 0 1 1
2018655339 10 0 1 1
2018659395 10 0 1 0
2018659631 17 0 1 0
2018664469 10 0 1 1
2018664553 17 0 1 1
2018668525 10 0 1 0
2018669057 17 0 1 0
2018673730 17 0 1 1
2018673765 10 0 1 1
2018677917 10 0 1 0
2018678603 17 0 1 0
2018682806 17 0 1 1
2018683187 10 0 1 1
2018687239 10 0 1 0
2018687846 17 0 1 0
2018691993 17 0 1 1
2018692382 10 0 1 1
2018696457 10 0 1 0
2018696941 17 0 1 0
2018701163 17 0 1 1
2018701282 10 0 1 1
2018705449 10 0 1 0
2018706692 17 0 1 0
2018710440 10 0 1 1
2018710486 17 0 1 1
2018714475 10 0 1 0
2018715869 17 0 1 0
2018719798 10 0 1 1
2018719936 17 0 1 1
2018723854 10 0 1 0
2018725533 17 0 1 0
2018729260 10 0 1 1
2018729414 17 0 1 1
2018733399 10 0 1 0
2018734710 17 0 1 0
2018738390 10 0 1 1
2018738528 17 0 1 1
2018743213 10 0 1 0
2018743838 17 0 1 0
2018747653 17 0 1 1
2018748121 10 0 1 1
2018752005 16 0 1 1
2018752629 10 0 1 0
2018752840 17 0 1 0
2018756153 16 0 1 0
2018756750 17 0 1 1
2018757454 10 0 1 1
2018760729 16 0 1 1
2018761828 10 0 1 0
2018762598 17 0 1 0
2018764996 16 0 1 0
2018766575 17 0 1 1
2018766736 10 0 1 1
2018770319 16 0 1 1
2018771201 10 0 1 0
2018772641 17 0 1 0
2018773424 16 0 1 0
2018776026 10 0 1 1
2018776376 17 0 1 1
2018780321 10 0 1 0
2018783960 17 0 1 0
2018785146 10 0 1 1
2018786134 16 0 1 1
2018787154 17 0 1 1
2018789028 16 0 1 0
2018789350 10 0 1 0
2018793640 17 0 1 0
2018794175 10 0 1 1
2018796921 17 0 1 1
2018798304 10 0 1 0
2018800912 16 0 1 1
2018803212 10 0 1 1
2018803968 16 0 1 0
2018804134 17 0 1 0
2018807236 10 0 1 0
2018807667 17 0 1 1
2018808046 16 0 1 1
2018810827 16 0 1 0
2018813140 10 0 1 1
2018814426 17 0 1 0
2018816803 10 0 1 0
2018817555 17 0 1 1
2018818142 16 0 1 1
2018822477 16 0 1 0
2018822956 10 0 1 1
2018824101 17 0 1 0
2018826662 10 0 1 0
2018827331 17 0 1 1
2018832037 16 0 1 1
2018833147 10 0 1 1
2018834981 17 0 1 0
2018835425 16 0 1 0
2018836687 10 0 1 0
2018839806 17 0 1 1
2018843255 10 0 1 1
2018845064 16 0 1 1
2018846896 10 0 1 0
2018847732 16 0 1 0
2018847829 17 0 1 0
2018851446 17 0 1 1
2018854958 10 0 1 1
2018856965 17 0 1 0
2018858184 10 0 1 0
2018858655 16 0 1 1
2018862267 17 0 1 1
2018863433 16 0 1 0
2018866246 10 0 1 1
2018867318 17 0 1 0
2018869389 10 0 1 0
2018871364 17 0 1 1
2018872405 16 0 1 1
2018874572 17 0 1 0
2018875246 16 0 1 0
2018880541 17 0 1 1
2018884315 16 0 1 1
2018885889 17 0 1 0
2018888122 16 0 1 0
2018890450 17 0 1 1
2018894747 16 0 1 1
2018896230 17 0 1 0
2018898455 16 0 1 0
2018900468 17 0 1 1
2018906727 17 0 1 0
2018907377 16 0 1 1
2018910713 17 0 1 1
2018912756 16 0 1 0
2018915608 17 0 1 0
2018919487 28 0 1 1
2018919599 17 0 1 1
2018921958 28 0 1 0
2018923833 16 0 1 1
2018924634 17 0 1 0
2018926573 16 0 1 0
2018929161 17 0 1 1
2018932532 16 0 1 1
2018934284 17 0 1 0
2018935721 16 0 1 0
2018938706 17 0 1 1
2018943965 17 0 1 0
2018946960 16 0 1 1
2018947850 17 0 1 1
2018948114 28 0 1 1
2018949810 16 0 1 0
2018950728 28 0 1 0
2018959189 17 0 1 0
2018962358 7 0 1 1
2018962538 16 0 1 1
2018963588 17 0 1 1
2018964453 23 0 1 1
2018965307 16 0 1 0
2018966004 7 0 1 0
2018967007 28 0 1 1
2018968698 23 0 1 0
2018969642 28 0 1 0
2018971903 7 0 1 1
2018973385 23 0 1 1
2018975284 17 0 1 0
2018975721 7 0 1 0
2018976838 23 0 1 0
2018981218 17 0 1 1
2018981608 23 0 1 1
2018981821 7 0 1 1
2018985172 23 0 1 0
2018985515 7 0 1 0
2018988867 28 0 1 1
2018988887 23 0 1 1
2018991188 7 0 1 1
2018991451 28 0 1 0
2018993250 17 0 1 0
2018995218 23 0 1 0
2018996030 7 0 1 0
2018998901 23 0 1 1
2018999013 17 0 1 1
2019000372 7 0 1 1
2019004204 23 0 1 0
2019005016 7 0 1 0
2019008385 23 0 1 1
2019009336 7 0 1 1
2019012601 17 0 1 0
2019013562 23 0 1 0
2019013887 28 0 1 1
2019013984 7 0 1 0
2019016383 28 0 1 0
2019017743 23 0 1 1
2019018154 17 0 1 1
2019018466 7 0 1 1
2019023007 23 0 1 0
2019023446 7 0 1 0
2019023699 28 0 1 1
2019026424 17 0 1 0
2019027333 28 0 1 0
2019027351 23 0 1 1
2019027762 7 0 1 1
2019030233 17 0 1 1
2019032380 23 0 1 0
2019032576 7 0 1 0
2019033818 28 0 1 1
2019036553 23 0 1 1
2019036809 7 0 1 1
2019037188 28 0 1 0
2019039845 17 0 1 0
2019041540 7 0 1 0
2019041591 23 0 1 0
2019043009 28 0 1 1
2019044823 17 0 1 1
2019045853 7 0 1 1
2019045915 23 0 1 1
2019047379 28 0 1 0
2019050635 7 0 1 0
2019050762 23 0 1 0
2019053022 17 0 1 0
2019054603 23 0 1 1
2019054907 7 0 1 1
2019055111 28 0 1 1
2019057839 17 0 1 1
2019058285 28 0 1 0
2019059424 23 0 1 0
2019059555 7 0 1 0
2019063789 7 0 1 1
2019064037 20 0 1 1
2019064521 28 0 1 1
2019065348 23 0 1 1
2019065822 17 0 1 0
2019067240 20 0 1 0
2019068123 28 0 1 0
2019068422 23 0 1 0
2019068432 7 0 1 0
2019070658 17 0 1 1
2019072752 7 0 1 1
2019073395 17 0 1 0
2019074433 23 0 1 1
2019075659 20 0 1 1
2019075687 28 0 1 1
2019077493 7 0 1 0
2019077938 23 0 1 0
2019078618 20 0 1 0
2019078775 28 0 1 0
2019079669 17 0 1 1
2019081716 7 0 1 1
2019083075 17 0 1 0
2019084181 28 0 1 1
2019084949 23 0 1 1
2019086108 20 0 1 1
2019086447 7 0 1 0
2019086660 28 0 1 0
2019088058 17 0 1 1
2019088367 23 0 1 0
2019089490 20 0 1 0
2019090665 7 0 1 1
2019094447 20 0 1 1
2019095283 7 0 1 0
2019099010 20 0 1 0
2019099496 7 0 1 1
2019102586 17 0 1 0
2019103381 20 0 1 1
2019104158 7 0 1 0
2019106490 17 0 1 1
2019107921 20 0 1 0
2019108608 7 0 1 1
2019112288 20 0 1 1
2019112386 17 0 1 0
2019112647 23 0 1 1
2019113357 7 0 1 0
2019114796 17 0 1 1
2019115251 23 0 1 0
2019116275 20 0 1 0
2019117566 7 0 1 1
2019120895 20 0 1 1
2019122303 7 0 1 0
2019122767 17 0 1 0
2019125671 20 0 1 0
2019126619 7 0 1 1
2019126837 17 0 1 1
2019130122 20 0 1 1
2019131370 7 0 1 0
2019134725 20 0 1 0
2019137464 17 0 1 0
2019139259 20 0 1 1
2019141085 23 0 1 1
2019141368 17 0 1 1
2019143641 23 0 1 0
2019143811 20 0 1 0
2019146540 7 0 1 1
2019148883 7 0 1 0
2019148937 20 0 1 1
2019151912 17 0 1 0
2019153819 20 0 1 0
2019155500 17 0 1 1
2019159617 20 0 1 1
2019163322 20 0 1 0
2019164804 17 0 1 0
2019167657 23 0 1 1
2019168910 17 0 1 1
2019169119 20 0 1 1
2019170091 23 0 1 0
2019172313 20 0 1 0
2019177910 20 0 1 1
2019180732 17 0 1 0
2019181411 20 0 1 0
2019183921 17 0 1 1
2019187024 20 0 1 1
2019190627 20 0 1 0
2019192640 17 0 1 0
2019194008 23 0 1 1
2019196667 17 0 1 1
2019196787 23 0 1 0
2019196979 20 0 1 1
2019200128 20 0 1 0
2019205715 17 0 1 0
2019206328 23 0 1 1
2019207870 20 0 1 1
2019209716 23 0 1 0
2019209912 17 0 1 1
2019210748 20 0 1 0
2019212574 4 0 1 1
2019215690 4 0 1 0
2019217310 23 0 1 1
2019218892 17 0 1 0
2019220421 20 0 1 1
2019220680 23 0 1 0
2019222113 7 0 1 1
2019223255 17 0 1 1
2019223286 20 0 1 0
2019223337 4 0 1 1
2019224786 7 0 1 0
2019226738 4 0 1 0
2019228047 23 0 1 1
2019231561 23 0 1 0
2019231741 17 0 1 0
2019233140 4 0 1 1
2019236015 20 0 1 1
2019236563 17 0 1 1
2019236869 4 0 1 0
2019238509 23 0 1 1
2019239101 20 0 1 0
2019241754 23 0 1 0
2019242023 7 0 1 1
2019242604 10 0 1 1
2019243188 4 0 1 1
2019244636 17 0 1 0
2019244872 7 0 1 0
2019246458 10 0 1 0
2019246664 4 0 1 0
2019248987 17 0 1 1
2019252347 10 0 1 1
2019253228 4 0 1 1
2019255937 10 0 1 0
2019256704 4 0 1 0
2019257914 17 0 1 0
2019261105 7 0 1 1
2019261758 10 0 1 1
2019262127 17 0 1 1
2019262608 4 0 1 1
2019263906 20 0 1 1
2019263966 7 0 1 0
2019265482 10 0 1 0
2019265997 4 0 1 0
2019266303 20 0 1 0
2019271984 4 0 1 1
2019272216 10 0 1 1
2019272218 17 0 1 0
2019275539 4 0 1 0
2019275940 10 0 1 0
2019276257 17 0 1 1
2019278045 7 0 1 1
2019280732 7 0 1 0
2019282024 4 0 1 1
2019283172 10 0 1 1
2019285496 4 0 1 0
2019286352 17 0 1 0
2019287062 10 0 1 0
2019290723 17 0 1 1
2019291566 4 0 1 1
2019294660 7 0 1 1
2019295121 4 0 1 0
2019296917 7 0 1 0
2019299474 17 0 1 0
2019302104 4 0 1 1
2019304513 17 0 1 1
2019305653 4 0 1 0
2019311594 10 0 1 1
2019312572 17 0 1 0
2019312796 4 0 1 1
2019313063 20 0 1 1
2019314452 10 0 1 0
2019314636 7 0 1 1
2019315232 20 0 1 0
2019316097 4 0 1 0
2019317026 7 0 1 0
2019317085 17 0 1 1
2019320519 10 0 1 1
2019322987 4 0 1 1
2019323748 10 0 1 0
2019324853 17 0 1 0
2019326716 4 0 1 0
2019329568 17 0 1 1
2019330884 7 0 1 1
2019332680 4 0 1 1
2019333055 10 0 1 1
2019333626 7 0 1 0
2019335995 4 0 1 0
2019336469 17 0 1 0
2019338522 10 0 1 0
2019340196 20 0 1 1
2019341441 17 0 1 1
2019341623 4 0 1 1
2019343056 20 0 1 0
2019344094 10 0 1 1
2019345401 4 0 1 0
2019347314 7 0 1 1
2019348067 10 0 1 0
2019348927 17 0 1 0
2019349921 7 0 1 0
2019351642 20 0 1 1
2019351871 4 0 1 1
2019353473 10 0 1 1
2019353895 17 0 1 1
2019354225 20 0 1 0
2019355714 4 0 1 0
2019357363 10 0 1 0
2019361302 17 0 1 0
2019361838 7 0 1 1
2019361845 4 0 1 1
2019362935 10 0 1 1
2019364419 7 0 1 0
2019365375 4 0 1 0
2019366108 17 0 1 1
2019366991 10 0 1 0
2019368063 20 0 1 1
2019370438 20 0 1 0
2019371506 4 0 1 1
2019372563 10 0 1 1
2019373610 17 0 1 0
2019375141 4 0 1 0
2019376619 10 0 1 0
2019378760 17 0 1 1
2019380852 4 0 1 1
2019382191 10 0 1 1
2019384531 4 0 1 0
2019385404 7 0 1 1
2019385934 17 0 1 0
2019386081 10 0 1 0
2019388433 7 0 1 0
2019390914 17 0 1 1
2019391408 4 0 1 1
2019391487 10 0 1 1
2019394268 20 0 1 1
2019395066 4 0 1 0
2019396041 10 0 1 0
2019396709 20 0 1 0
2019398084 17 0 1 0
2019400944 4 0 1 1
2019401613 10 0 1 1
2019402388 17 0 1 1
2019403350 7 0 1 1
2019404209 4 0 1 0
2019405669 10 0 1 0
2019406112 7 0 1 0
2019409396 17 0 1 0
2019411075 10 0 1 1
2019413281 17 0 1 1
2019414965 10 0 1 0
2019419451 17 0 1 0
2019420202 7 0 1 1
2019420537 10 0 1 1
2019422710 7 0 1 0
2019424593 10 0 1 0
2019425617 17 0 1 1
2019430082 10 0 1 1
2019432973 17 0 1 0
2019434138 10 0 1 0
2019434771 7 0 1 1
2019437096 7 0 1 0
2019437123 17 0 1 1
2019439710 10 0 1 1
2019442028 17 0 1 0
2019443600 10 0 1 0
2019447783 17 0 1 1
2019449006 10 0 1 1
2019449230 7 0 1 1
2019451625 7 0 1 0
2019452509 6 0 1 1
2019452896 10 0 1 0
2019456155 17 0 1 0
2019458302 10 0 1 1
2019461230 17 0 1 1
2019462192 10 0 1 0
2019464957 17 0 1 0
2019467432 10 0 1 1
2019469779 17 0 1 1
2019471986 10 0 1 0
2019473000 17 0 1 0
2019480538 17 0 1 1
2019484265 17 0 1 0
2019490277 17 0 1 1
2019494087 17 0 1 0
2019496715 17 0 1 1
2019499509 17 0 1 0
2019507209 17 0 1 1
2019511663 17 0 1 0
2019515390 17 0 1 1
2019518188 17 0 1 0
2019526568 17 0 1 1
2019531564 17 0 1 0
2019536382 17 0 1 1
2019539429 17 0 1 0
2019550580 17 0 1 1
2019552690 17 0 1 0
2019557920 6 0 1 0
2019559339 17 0 1 1
2019562386 17 0 1 0
2019565920 6 0 1 1
2019566445 17 0 1 1
2019568888 6 0 1 0
2019572105 17 0 1 0
2019577263 17 0 1 1
2019581251 17 0 1 0
2019586062 17 0 1 1
2019586250 19 0 1 1
2019586253 19 0 1 0
2019586515 19 0 1 1
2019588970 19 0 1 0
2019593779 17 0 1 0
2019595073 19 0 1 1
2019598324 19 0 1 0
2019598590 17 0 1 1
2019601424 17 0 1 0
2019602914 19 0 1 1
2019605978 17 0 1 1
2019606245 19 0 1 0
2019610706 17 0 1 0
2019613916 19 0 1 1
2019617399 17 0 1 1
2019617531 7 0 1 1
2019617931 19 0 1 0
2019619477 4 0 1 1
2019620477 7 0 1 0
2019620573 17 0 1 0
2019621910 4 0 1 0
2019624270 19 0 1 1
2019625384 17 0 1 1
2019627106 4 0 1 1
2019627570 19 0 1 0
2019632068 4 0 1 0
2019633188 17 0 1 0
2019634905 19 0 1 1
2019637741 19 0 1 0
2019638074 17 0 1 1
2019641188 7 0 1 1
2019642393 4 0 1 1
2019644325 19 0 1 1
2019644526 7 0 1 0
2019647490 19 0 1 0
2019648799 4 0 1 0
2019648879 17 0 1 0
2019652244 19 0 1 1
2019655655 17 0 1 1
2019655673 19 0 1 0
2019660610 4 0 1 1
2019665262 17 0 1 0
2019666597 19 0 1 1
2019668469 4 0 1 0
2019671221 19 0 1 0
2019673627 17 0 1 1
2019675714 7 0 1 1
2019678695 7 0 1 0
2019680412 4 0 1 1
2019681232 19 0 1 1
2019683673 17 0 1 0
2019684266 19 0 1 0
2019685774 4 0 1 0
2019686596 23 0 1 1
2019690103 19 0 1 1
2019690113 23 0 1 0
2019690399 17 0 1 1
2019694055 19 0 1 0
2019694966 23 0 1 1
2019696544 17 0 1 0
2019697580 4 0 1 1
2019698862 23 0 1 0
2019702357 17 0 1 1
2019703817 4 0 1 0
2019705976 23 0 1 1
2019707174 17 0 1 0
2019709674 23 0 1 0
2019712240 17 0 1 1
2019714982 17 0 1 0
2019715978 23 0 1 1
2019719279 4 0 1 1
2019719957 23 0 1 0
2019724098 4 0 1 0
2019724636 23 0 1 1
2019727799 23 0 1 0
2019733648 23 0 1 1
2019737102 23 0 1 0
2019740373 4 0 1 1
2019741368 19 0 1 1
2019743116 23 0 1 1
2019743911 4 0 1 0
2019744211 19 0 1 0
2019746985 23 0 1 0
2019752158 23 0 1 1
2019756781 23 0 1 0
2019760205 4 0 1 1
2019762287 23 0 1 1
2019764025 4 0 1 0
2019768172 23 0 1 0
2019775594 23 0 1 1
2019780935 23 0 1 0
2019787191 23 0 1 1
2019791364 18 0 1 1
2019791664 23 0 1 0
2019795072 18 0 1 0
2019795278 4 0 1 1
2019795920 23 0 1 1
2019798427 4 0 1 0
2019800784 23 0 1 0
2019801097 18 0 1 1
2019804892 18 0 1 0
2019805380 23 0 1 1
2019810920 23 0 1 0
2019811621 18 0 1 1
2019814761 23 0 1 1
2019814815 18 0 1 0
2019819704 23 0 1 0
2019821461 18 0 1 1
2019823375 23 0 1 1
2019825438 18 0 1 0
2019830176 23 0 1 0
2019833211 18 0 1 1
2019833515 23 0 1 1
2019836990 18 0 1 0
2019840901 23 0 1 0
2019842869 18 0 1 1
2019844240 23 0 1 1
2019846523 18 0 1 0
2019850361 23 0 1 0
2019850629 18 0 1 1
2019853613 23 0 1 1
2019855717 18 0 1 0
2019860828 18 0 1 1
2019861168 23 0 1 0
2019865088 23 0 1 1
2019867923 18 0 1 0
2019874383 18 0 1 1
2019878301 4 0 1 1
2019878718 18 0 1 0
2019883040 4 0 1 0
2019883757 18 0 1 1
2019885794 4 0 1 1
2019887058 18 0 1 0
2019890512 7 0 1 1
2019892921 4 0 1 0
2019895334 18 0 1 1
2019897434 4 0 1 1
2019897450 7 0 1 0
2019899592 18 0 1 0
2019900972 7 0 1 1
2019903518 18 0 1 1
2019905877 4 0 1 0
2019907678 18 0 1 0
2019909152 7 0 1 0
2019910473 4 0 1 1
2019913057 18 0 1 1
2019914033 7 0 1 1
2019916543 4 0 1 0
2019918030 18 0 1 0
2019920033 7 0 1 0
2019920301 4 0 1 1
2019921184 23 0 1 0
2019924098 7 0 1 1
2019925186 18 0 1 1
2019926428 4 0 1 0
2019927693 23 0 1 1
2019929900 18 0 1 0
2019930167 7 0 1 0
2019931150 23 0 1 0
2019933692 7 0 1 1
2019935109 18 0 1 1
2019939007 18 0 1 0
2019943425 4 0 1 1
2019944957 7 0 1 0
2019945536 18 0 1 1
2019947119 4 0 1 0
2019949970 7 0 1 1
2019950462 18 0 1 0
2019955813 18 0 1 1
2019956304 4 0 1 1
2019957375 7 0 1 0
2019959498 4 0 1 0
2019959814 18 0 1 0
2019961844 7 0 1 1
2019965177 18 0 1 1
2019969008 18 0 1 0
2019971794 7 0 1 0
2019972363 4 0 1 1
2019973873 18 0 1 1
2019975367 4 0 1 0
2019975544 7 0 1 1
2019977395 18 0 1 0
2019982332 7 0 1 0
2019985510 7 0 1 1
2019995892 7 0 1 0
2020000769 7 0 1 1
2020005319 7 0 1 0
2020009810 7 0 1 1
2020014201 7 0 1 0
2020019151 7 0 1 1
2020023486 7 0 1 0
2020028361 7 0 1 1
2020033411 7 0 1 0
2020039333 7 0 1 1
2020042693 7 0 1 0
2020050060 7 0 1 1
2020053352 7 0 1 0
2020061652 7 0 1 1
2020065110 7 0 1 0
2020073149 7 0 1 1
2020076437 7 0 1 0
2020103368 7 0 1 1
2020107114 7 0 1 0
2020113864 7 0 1 1
2020116787 7 0 1 0
2020125781 7 0 1 1
2020129137 7 0 1 0
2020135620 22 0 1 1
2020138372 7 0 1 1
2020141736 7 0 1 0
2020151949 7 0 1 1
2020155430 7 0 1 0
2020162370 7 0 1 1
2020166073 7 0 1 0
2020173638 22 0 1 0
2020175582 7 0 1 1
2020178868 7 0 1 0
2020180040 22 0 1 1
2020188233 22 0 1 0
2020188909 7 0 1 1
2020191398 22 0 1 1
2020191861 7 0 1 0
2020196922 22 0 1 0
2020199921 22 0 1 1
2020207129 22 0 1 0
2020211373 22 0 1 1
2020218597 22 0 1 0
2020222426 22 0 1 1
2020230662 22 0 1 0
2020234989 22 0 1 1
2020242972 22 0 1 0
2020247299 22 0 1 1
2020253851 22 0 1 0
2020257431 22 0 1 1
2020261299 22 0 1 0
2020264796 22 0 1 1
2020271803 22 0 1 0
2020277458 22 0 1 1
2020284766 22 0 1 0
2020288346 22 0 1 1
2020292902 22 0 1 0
2020297063 22 0 1 1
2020304414 22 0 1 0
2020309322 22 0 1 1
2020315519 22 0 1 0
2020319597 22 0 1 1
2020325193 22 0 1 0
2020328773 22 0 1 1
2020333401 22 0 1 0
2020337259 22 0 1 1
2020342405 22 0 1 0
2020347313 22 0 1 1
2020353325 22 0 1 0
2020358482 22 0 1 1
2020364683 22 0 1 0
2020370338 22 0 1 1
2020376970 22 0 1 0
2020382127 22 0 1 1
2020388996 22 0 1 0
2020394070 22 0 1 1
2020400717 22 0 1 0
2020404546 22 0 1 1
2020408900 22 0 1 0
2020413891 22 0 1 1
2020418261 22 0 1 0
2020423003 22 0 1 1
2020427286 22 0 1 0
2020432111 22 0 1 1
2020436394 22 0 1 0
2020441136 22 0 1 1
2020445249 22 0 1 0
2020450090 22 0 1 1
2020454274 22 0 1 0
2020458945 22 0 1 1
2020466675 22 0 1 0
2020470230 22 0 1 1
2020475024 22 0 1 0
2020478728 22 0 1 1
2020484049 22 0 1 0
2020488230 22 0 1 1
2020492987 22 0 1 0
2020497656 22 0 1 1
2020502095 22 0 1 0
2020506981 22 0 1 1
2020510614 22 0 1 0
2020515451 22 0 1 1
2020519655 22 0 1 0
2020524665 22 0 1 1
2020528890 22 0 1 0
2020533652 22 0 1 1
2020537789 22 0 1 0
2020542665 22 0 1 1
2020547024 22 0 1 0
2020552039 22 0 1 1
2020556125 22 0 1 0
2020560800 22 0 1 1
2020565005 22 0 1 0
2020570167 22 0 1 1
2020574185 22 0 1 0
2020579698 22 0 1 1
2020583677 22 0 1 0
2020588696 22 0 1 1
2020592829 22 0 1 0
2020598939 22 0 1 1
2020601898 22 0 1 0
2020610352 22 0 1 1
2020613632 22 0 1 0
2020621166 22 0 1 1
2020624440 22 0 1 0
2020631740 22 0 1 1
2020634948 22 0 1 0
2020640923 9 0 1 1
2020642331 22 0 1 1
2020645687 22 0 1 0
2020646124 9 0 1 0
2020649973 9 0 1 1
2020653301 22 0 1 1
2020655160 9 0 1 0
2020656521 22 0 1 0
2020659009 9 0 1 1
2020664189 22 0 1 1
2020664281 9 0 1 0
2020667488 22 0 1 0
2020669225 9 0 1 1
2020672070 9 0 1 0
2020675438 22 0 1 1
2020678656 22 0 1 0
2020679536 9 0 1 1
2020682315 9 0 1 0
2020686023 22 0 1 1
2020689660 9 0 1 1
2020689857 22 0 1 0
2020692482 9 0 1 0
2020695558 22 0 1 1
2020699488 22 0 1 0
2020701550 9 0 1 1
2020704781 9 0 1 0
2020705110 22 0 1 1
2020708813 22 0 1 0
2020714293 22 0 1 1
2020715860 9 0 1 1
2020718005 22 0 1 0
2020719871 9 0 1 0
2020723532 22 0 1 1
2020731714 9 0 1 1
2020734625 9 0 1 0
2020739673 9 0 1 1
2020742669 9 0 1 0
2020745690 22 0 1 0
2020753417 9 0 1 1
2020754645 22 0 1 1
2020756188 9 0 1 0
2020761569 22 0 1 0
2020762296 9 0 1 1
2020765100 9 0 1 0
2020765965 22 0 1 1
2020770293 22 0 1 0
2020773334 9 0 1 1
2020773791 22 0 1 1
2020776085 9 0 1 0
2020778368 22 0 1 0
2020783198 22 0 1 1
2020785592 9 0 1 1
2020788368 22 0 1 0
2020788737 9 0 1 0
2020792870 22 0 1 1
2020797250 9 0 1 1
2020798293 22 0 1 0
2020800526 9 0 1 0
2020803369 22 0 1 1
2020807467 22 0 1 0
2020811036 9 0 1 1
2020814816 9 0 1 0
2020820370 11 0 1 1
2020823061 11 0 1 0
2020827496 9 0 1 1
2020831350 9 0 1 0
2020840802 11 0 1 1
2020843518 11 0 1 0
2020844138 9 0 1 1
2020847555 9 0 1 0
2020858207 9 0 1 1
2020860491 11 0 1 1
2020861029 9 0 1 0
2020862893 11 0 1 0
2020867234 9 0 1 1
2020870021 9 0 1 0
2020872110 22 0 1 1
2020874469 22 0 1 0
2020875785 11 0 1 1
2020878911 11 0 1 0
2020883863 9 0 1 1
2020886839 9 0 1 0
2020902274 9 0 1 1
2020903377 11 0 1 1
2020905017 9 0 1 0
2020906234 11 0 1 0
2020915391 11 0 1 1
2020916254 9 0 1 1
2020918123 11 0 1 0
2020919230 9 0 1 0
2020928363 11 0 1 1
2020928451 9 0 1 1
2020930846 9 0 1 0
2020931308 11 0 1 0
2020940548 11 0 1 1
2020943469 11 0 1 0
2020957452 11 0 1 1
2020960273 11 0 1 0
2020972007 11 0 1 1
2020974929 11 0 1 0
2020986331 11 0 1 1
2020989048 11 0 1 0
2021006687 11 0 1 1
2021008923 11 0 1 0
2021034315 11 0 1 1
2021036805 11 0 1 0
2021044384 11 0 1 1
2021047678 11 0 1 0
2021054268 11 0 1 1
2021057422 11 0 1 0
2021063137 11 0 1 1
2021066488 11 0 1 0
2021073704 11 0 1 1
2021076830 11 0 1 0
2021085550 11 0 1 1
2021089238 11 0 1 0
2021095234 11 0 1 1
2021098970 11 0 1 0
2021104626 11 0 1 1
2021108296 11 0 1 0
2021113495 11 0 1 1
2021117018 11 0 1 0
2021123181 11 0 1 1
2021126466 11 0 1 0
2021132550 11 0 1 1
2021137164 11 0 1 0
2021142206 11 0 1 1
2021146608 11 0 1 0
2021151070 11 0 1 1
2021155124 11 0 1 0
2021159311 11 0 1 1
2021163222 11 0 1 0
2021171171 11 0 1 1
2021175491 11 0 1 0
2021183296 11 0 1 1
2021185941 11 0 1 0
2021196014 11 0 1 1
2021198941 11 0 1 0
2021209683 11 0 1 1
2021211708 11 0 1 0
2021220231 11 0 1 1
2021221774 11 0 1 0
2021229644 11 0 1 1
2021233157 11 0 1 0
2021244681 11 0 1 1
2021247579 11 0 1 0
2021262759 11 0 1 1
2021266214 11 0 1 0
2021282197 11 0 1 1
2021284859 11 0 1 0
2021293176 10 0 1 1
2021328459 11 0 1 1
2021331042 11 0 1 0
2021345075 11 0 1 1
2021347322 11 0 1 0
2021365658 11 0 1 1
2021367744 11 0 1 0
2021379652 11 0 1 1
2021382240 11 0 1 0
2021405725 11 0 1 1
2021408475 11 0 1 0
2021425976 11 0 1 1
2021428904 11 0 1 0
2021451275 11 0 1 1
2021454112 11 0 1 0
2021507324 10 0 1 0
2021512075 10 0 1 1
2021515284 10 0 1 0
2021533685 11 0 1 1
2021537443 11 0 1 0
2021542118 11 0 1 1
2021548125 11 0 1 0
2021554970 11 0 1 1
2021561736 11 0 1 0
2021568332 11 0 1 1
2021572177 11 0 1 0
2021576271 11 0 1 1
2021581950 11 0 1 0
2021587965 11 0 1 1
2021594984 11 0 1 0
2021601177 11 0 1 1
2021607725 11 0 1 0
2021613726 11 0 1 1
2021619672 11 0 1 0
2021624259 11 0 1 1
2021628635 11 0 1 0
2021631231 11 0 1 1
2021636970 11 0 1 0
2021641071 11 0 1 1
2021650876 11 0 1 0
2021655943 11 0 1 1
2021667024 11 0 1 0
2021671577 11 0 1 1
2021681815 11 0 1 0
2021686033 11 0 1 1
2021695702 11 0 1 0
2021699824 11 0 1 1
2021705808 11 0 1 0
2021708831 11 0 1 1
2021717298 11 0 1 0
2021721598 11 0 1 1
2021727332 11 0 1 0
2021729951 11 0 1 1
2021736639 11 0 1 0
2021740855 11 0 1 1
2021746667 11 0 1 0
2021750680 11 0 1 1
2021759828 11 0 1 0
2021764390 11 0 1 1
2021769890 11 0 1 0
2021773738 11 0 1 1
2021782048 11 0 1 0
2021786518 11 0 1 1
2021792541 11 0 1 0
2021796071 11 0 1 1
2021802569 11 0 1 0
2021806691 11 0 1 1
2021812649 11 0 1 0
2021815382 11 0 1 1
2021823145 11 0 1 0
2021827567 11 0 1 1
2021833530 11 0 1 0
2021837308 11 0 1 1
2021846652 11 0 1 0
2021851190 11 0 1 1
2021856765 11 0 1 0
2021860539 11 0 1 1
2021866538 11 0 1 0
2021870578 11 0 1 1
2021880651 11 0 1 0
2021885244 11 0 1 1
2021890929 11 0 1 0
2021894794 11 0 1 1
2021900372 11 0 1 0
2021904217 11 0 1 1
2021909866 11 0 1 0
2021912533 11 0 1 1
2021918875 11 0 1 0
2021922804 11 0 1 1
2021928235 11 0 1 0
2021935578 11 0 1 1
2021938610 11 0 1 0
2021947127 11 0 1 1
2021950282 11 0 1 0
2021959430 11 0 1 1
2021963084 11 0 1 0
2021971688 11 0 1 1
2021974618 11 0 1 0
2021981954 11 0 1 1
2021984985 11 0 1 0
2022150903 11 0 1 1
2022154809 11 0 1 0
2022159480 11 0 1 1
2022163604 11 0 1 0
2022169860 11 0 1 1
2022173243 11 0 1 0
2022179677 11 0 1 1
2022183578 11 0 1 0
2022191265 11 0 1 1
2022197309 11 0 1 0
2022204241 11 0 1 1
2022210768 11 0 1 0
2022217447 11 0 1 1
2022224010 11 0 1 0
2022231859 11 0 1 1
2022234602 11 0 1 0
2022240862 11 0 1 1
2022243688 11 0 1 0
2022256692 11 0 1 1
2022258523 11 0 1 0
2022264591 22 0 1 1
2022269498 22 0 1 0
2022273659 22 0 1 1
2022278531 22 0 1 0
2022282941 22 0 1 1
2022287987 22 0 1 0
2022292563 22 0 1 1
2022297107 22 0 1 0
2022302015 22 0 1 1
2022306227 22 0 1 0
2022311135 22 0 1 1
2022315363 22 0 1 0
2022320520 22 0 1 1
2022324689 22 0 1 0
2022329929 22 0 1 1
2022333932 22 0 1 0
2022339089 22 0 1 1
2022343064 22 0 1 0
2022347640 22 0 1 1
2022352184 22 0 1 0
2022357507 22 0 1 1
2022361561 22 0 1 0
2022366801 22 0 1 1
2022370507 22 0 1 0
2022375913 22 0 1 1
2022379967 22 0 1 0
2022385456 22 0 1 1
2022389427 22 0 1 0
2022394833 22 0 1 1
2022398804 22 0 1 0
2023539731 11 0 1 1
2023543106 11 0 1 0
2023549866 11 0 1 1
2023553169 11 0 1 0
2023559572 11 0 1 1
2023563109 11 0 1 0
2023568702 11 0 1 1
2023572402 11 0 1 0
2023579107 11 0 1 1
2023582687 11 0 1 0
2023594068 11 0 1 1
2023597208 11 0 1 0
2023604240 11 0 1 1
2023607569 11 0 1 0
2023613407 11 0 1 1
2023617588 11 0 1 0
2023622917 11 0 1 1
2023626788 11 0 1 0
2023632064 11 0 1 1
2023636232 11 0 1 0
2023641544 11 0 1 1
2023645520 11 0 1 0
2023650831 11 0 1 1
2023654871 11 0 1 0
2023660105 11 0 1 1
2023665436 11 0 1 0
2023669388 11 0 1 1
2023674678 11 0 1 0
2023678630 11 0 1 1
2023683991 11 0 1 0
2023688107 11 0 1 1
2023693628 11 0 1 0
2023697654 11 0 1 1
2023703047 11 0 1 0
2023706765 11 0 1 1
2023711711 11 0 1 0
2023715934 11 0 1 1
2023720985 11 0 1 0
2023724295 11 0 1 1
2023730856 11 0 1 0
2023734576 11 0 1 1
2023740708 11 0 1 0
2023744464 11 0 1 1
2023750528 11 0 1 0
2023754711 11 0 1 1
2023760068 11 0 1 0
2023764085 11 0 1 1
2023769295 11 0 1 0
2023775427 11 0 1 1
2023779176 11 0 1 0
2023783606 11 0 1 1
2023789171 11 0 1 0
2023792966 11 0 1 1
2023798112 11 0 1 0
2023802650 11 0 1 1
2023807220 11 0 1 0
2023811714 11 0 1 1
2023816405 11 0 1 0
2023821209 11 0 1 1
2023826072 11 0 1 0
2023835408 11 0 1 1
2023838542 11 0 1 0
2023847996 11 0 1 1
2023851266 11 0 1 0
2023860638 11 0 1 1
2023863774 11 0 1 0
2023873571 11 0 1 1
2023876811 11 0 1 0
2023886473 11 0 1 1
2023889627 11 0 1 0
2023898378 11 0 1 1
2023901519 11 0 1 0
2023910008 11 0 1 1
2023913095 11 0 1 0
2023923373 11 0 1 1
2023926569 11 0 1 0
2023937125 11 0 1 1
2023939924 11 0 1 0
2023947478 11 0 1 1
2023950804 11 0 1 0
2023958526 11 0 1 1
2023961810 11 0 1 0
2023969218 11 0 1 1
2023972495 11 0 1 0
2023978848 11 0 1 1
2023979932 10 0 1 1
2023983330 10 0 1 0
2023983374 11 0 1 0
2023990815 10 0 1 1
2023992828 11 0 1 1
2023994144 10 0 1 0
2023995800 11 0 1 0
2024000052 10 0 1 1
2024004179 10 0 1 0
2024009174 10 0 1 1
2024013352 10 0 1 0
2024018343 10 0 1 1
2024022367 10 0 1 0
2024028192 10 0 1 1
2024031573 10 0 1 0
2024038809 10 0 1 1
2024041764 10 0 1 0
2024050079 10 0 1 1
2024053222 10 0 1 0
2024064363 10 0 1 1
2024067790 10 0 1 0
2024071951 10 0 1 1
2024074772 10 0 1 0
2024081925 10 0 1 1
2024084083 11 0 1 1
2024087272 11 0 1 0
2024087921 10 0 1 0
2024093424 11 0 1 1
2024097556 11 0 1 0
2024097734 10 0 1 1
2024103420 10 0 1 0
2024111046 11 0 1 1
2024111154 10 0 1 1
2024114618 11 0 1 0
2024116089 10 0 1 0
2024123657 10 0 1 1
2024128067 11 0 1 1
2024129064 10 0 1 0
2024130563 11 0 1 0
2024135343 11 0 1 1
2024138296 10 0 1 1
2024139025 11 0 1 0
2024143316 10 0 1 0
2024150133 10 0 1 1
2024152843 11 0 1 1
2024152973 10 0 1 0
2024156524 11 0 1 0
2024157466 10 0 1 1
2024161103 10 0 1 0
2024165400 11 0 1 1
2024166675 10 0 1 1
2024169055 11 0 1 0
2024170309 10 0 1 0
2024172627 11 0 1 1
2024174636 10 0 1 1
2024177720 10 0 1 0
2024179270 11 0 1 0
2024184786 10 0 1 1
2024188178 10 0 1 0
2024190478 11 0 1 1
2024194963 11 0 1 0
2024196406 10 0 1 1
2024200904 10 0 1 0
2024208057 10 0 1 1
2024211968 10 0 1 0
2024220200 10 0 1 1
2024224344 10 0 1 0
2024227426 10 0 1 1
2024230888 10 0 1 0
2024240361 10 0 1 1
2024243728 10 0 1 0
2024247904 10 0 1 1
2024252106 10 0 1 0
2024260006 10 0 1 1
2024263104 10 0 1 0
2024268929 10 0 1 1
2024273120 10 0 1 0
2024284008 10 0 1 1
2024290348 10 0 1 0
2024301485 10 0 1 1
2024304716 10 0 1 0
2024310122 10 0 1 1
2024313936 10 0 1 0
2024323662 10 0 1 1
2024328559 10 0 1 0
2024342326 10 0 1 1
2024345092 10 0 1 0
2024352765 10 0 1 1
2024355282 10 0 1 0
2024370818 10 0 1 1
2024373307 10 0 1 0
2024380290 10 0 1 1
2024381170 10 0 1 0
2024395378 10 0 1 1
2024399554 10 0 1 0
2024413513 10 0 1 1
2024416955 10 0 1 0
2024432682 10 0 1 1
2024435749 10 0 1 0
2024454073 10 0 1 1
2024456552 10 0 1 0
2024467440 10 0 1 1
2024470337 10 0 1 0
2024480391 10 0 1 1
2024483106 10 0 1 0
2024492917 10 0 1 1
2024495879 10 0 1 0
2024504609 10 0 1 1
2024508349 10 0 1 0
2024520067 10 0 1 1
2024523195 10 0 1 0
2024527775 10 0 1 1
2024531916 10 0 1 0
2024540646 10 0 1 1
2024543159 10 0 1 0
2024552470 10 0 1 1
2024556372 10 0 1 0
2024564236 10 0 1 1
2024566938 9 0 1 1
2024569978 10 0 1 0
2024571139 9 0 1 0
2024575305 10 0 1 1
2024579356 9 0 1 1
2024579942 10 0 1 0
2024582171 9 0 1 0
2024584463 10 0 1 1
2024591388 10 0 1 0
2024595321 10 0 1 1
2024596246 9 0 1 1
2024599356 9 0 1 0
2024599796 10 0 1 0
2024604653 10 0 1 1
2024606977 9 0 1 1
2024609291 9 0 1 0
2024609397 10 0 1 0
2024614424 10 0 1 1
2024616994 9 0 1 1
2024618718 10 0 1 0
2024619825 9 0 1 0
2024623334 10 0 1 1
2024628823 10 0 1 0
2024632307 9 0 1 1
2024633017 10 0 1 1
2024635000 9 0 1 0
2024637196 10 0 1 0
2024641114 10 0 1 1
2024646514 10 0 1 0
2024650371 10 0 1 1
2024653771 9 0 1 1
2024655742 10 0 1 0
2024656323 9 0 1 0
2024660363 10 0 1 1
2024664794 10 0 1 0
2024669061 10 0 1 1
2024670418 9 0 1 1
2024673210 9 0 1 0
2024673927 10 0 1 0
2024678026 10 0 1 1
2024682029 10 0 1 0
2024688108 10 0 1 1
2024691818 10 0 1 0
2024697866 10 0 1 1
2024702303 10 0 1 0
2024704579 9 0 1 1
2024707214 9 0 1 0
2024708741 10 0 1 1
2024712232 10 0 1 0
2024718738 10 0 1 1
2024723535 10 0 1 0
2024729698 10 0 1 1
2024730035 9 0 1 1
2024732566 9 0 1 0
2024732935 10 0 1 0
2024739495 10 0 1 1
2024742584 10 0 1 0
2024747899 9 0 1 1
2024748363 10 0 1 1
2024750421 9 0 1 0
2024750794 10 0 1 0
2024764274 10 0 1 1
2024765356 9 0 1 1
2024767649 10 0 1 0
2024767724 9 0 1 0
2024781833 9 0 1 1
2024784620 9 0 1 0
2024799415 9 0 1 1
2024802382 9 0 1 0
2024810673 10 0 1 1
2024813504 10 0 1 0
2024817680 9 0 1 1
2024820638 9 0 1 0
2024833101 9 0 1 1
2024836151 9 0 1 0
2024845794 10 0 1 1
2024845952 10 0 1 0
2024848623 9 0 1 1
2024851982 9 0 1 0
2024861340 9 0 1 1
2024864733 9 0 1 0
2024870863 10 0 1 1
2024873813 10 0 1 0
2024876138 9 0 1 1
2024879788 9 0 1 0
2024887846 9 0 1 1
2024891154 9 0 1 0
2024900737 9 0 1 1
2024904469 9 0 1 0
2024911116 10 0 1 1
2024914095 10 0 1 0
2024920277 9 0 1 1
2024923885 9 0 1 0
2024932833 9 0 1 1
2024934138 10 0 1 1
2024936093 9 0 1 0
2024936940 10 0 1 0
2024946745 9 0 1 1
2024947038 10 0 1 1
2024949013 9 0 1 0
2024951051 10 0 1 0
2024958251 10 0 1 1
2024959380 9 0 1 1
2024960734 10 0 1 0
2024962300 9 0 1 0
2024968547 10 0 1 1
2024971947 10 0 1 0
2024975553 9 0 1 1
2024978153 9 0 1 0
2024978818 10 0 1 1
2024982116 10 0 1 0
2024987988 10 0 1 1
2024991271 9 0 1 1
2024991849 10 0 1 0
2024994290 9 0 1 0
2025003523 9 0 1 1
2025006044 9 0 1 0
2025016134 9 0 1 1
2025018876 9 0 1 0
2025035358 9 0 1 1
2025039215 9 0 1 0
2025059203 9 0 1 1
2025062222 9 0 1 0
2025073380 9 0 1 1
2025076482 9 0 1 0
2025087477 9 0 1 1
2025090633 9 0 1 0
2025098963 9 0 1 1
2025102116 9 0 1 0
2025111429 9 0 1 1
2025114558 9 0 1 0
2025122517 9 0 1 1
2025125683 9 0 1 0
2025131454 9 0 1 1
2025134592 9 0 1 0
2025143013 9 0 1 1
2025146237 9 0 1 0
2025153243 9 0 1 1
2025157021 9 0 1 0
2025164284 9 0 1 1
2025167193 9 0 1 0
2025175424 9 0 1 1
2025179610 9 0 1 0
2025186236 9 0 1 1
2025189762 9 0 1 0
2025195704 9 0 1 1
2025199131 9 0 1 0
2025207406 9 0 1 1
2025210707 9 0 1 0
2025215668 9 0 1 1
2025219075 9 0 1 0
2025227068 9 0 1 1
2025231100 9 0 1 0
2025241837 9 0 1 1
2025246197 9 0 1 0
2025254859 9 0 1 1
2025258974 9 0 1 0
2025267609 9 0 1 1
2025270791 9 0 1 0
2025276709 9 0 1 1
2025279626 9 0 1 0
2025292656 9 0 1 1
2025296652 9 0 1 0
2025306254 9 0 1 1
2025309578 9 0 1 0
2025319089 9 0 1 1
2025322227 9 0 1 0
2025333758 9 0 1 1
2025336979 9 0 1 0
2025349083 9 0 1 1
2025352297 9 0 1 0
2025361521 9 0 1 1
2025364820 9 0 1 0
2025374178 9 0 1 1
2025377376 9 0 1 0
2025383847 9 0 1 1
2025387495 9 0 1 0
2025395801 9 0 1 1
2025399868 9 0 1 0
2025408126 9 0 1 1
2025411383 9 0 1 0
2025418874 9 0 1 1
2025423230 9 0 1 0
2025431460 9 0 1 1
2025434693 9 0 1 0
2025444129 9 0 1 1
2025447358 9 0 1 0
2025457553 9 0 1 1
2025460185 9 0 1 0
2025471769 9 0 1 1
2025474441 9 0 1 0
2025493711 9 0 1 1
2025496794 9 0 1 0
2025513699 9 0 1 1
2025516592 9 0 1 0
2025522137 9 0 1 1
2025525238 9 0 1 0
2025531320 9 0 1 1
2025534536 9 0 1 0
2025540311 9 0 1 1
2025543496 9 0 1 0
2025549971 9 0 1 1
2025553449 9 0 1 0
2025560505 9 0 1 1
2025563897 9 0 1 0
2025571640 9 0 1 1
2025575741 9 0 1 0
2025582302 9 0 1 1
2025585646 9 0 1 0
2025591361 9 0 1 1
2025594527 9 0 1 0
2025602436 9 0 1 1
2025606371 9 0 1 0
2025612003 9 0 1 1
2025615106 9 0 1 0
2025621916 9 0 1 1
2025625517 9 0 1 0
2025633657 9 0 1 1
2025638078 9 0 1 0
2025646244 9 0 1 1
2025649346 9 0 1 0
2025654215 9 0 1 1
2025657507 9 0 1 0
2025663052 9 0 1 1
2025666260 9 0 1 0
2025672145 9 0 1 1
2025675234 9 0 1 0
2025683060 9 0 1 1
2025686493 9 0 1 0
2025690943 9 0 1 1
2025695112 9 0 1 0
2025701333 9 0 1 1
2025704987 9 0 1 0
2025708737 9 0 1 1
2025712343 9 0 1 0
2025718550 9 0 1 1
2025723565 9 0 1 0
2025730041 9 0 1 1
2025733859 9 0 1 0
2025739747 9 0 1 1
2025744734 9 0 1 0
2025751278 9 0 1 1
2025754792 9 0 1 0
2025759910 9 0 1 1
2025763738 9 0 1 0
2025770102 9 0 1 1
2025773680 9 0 1 0
2025777138 9 0 1 1
2025780698 9 0 1 0
2025786810 9 0 1 1
2025791908 9 0 1 0
2025798251 9 0 1 1
2025803626 9 0 1 0
2025809723 9 0 1 1
2025813307 9 0 1 0
2025816177 9 0 1 1
2025819430 9 0 1 0
2025826056 9 0 1 1
2025831132 9 0 1 0
2025837160 9 0 1 1
2025842707 9 0 1 0
2025848574 9 0 1 1
2025852196 9 0 1 0
2025855742 9 0 1 1
2025859502 9 0 1 0
2025865773 9 0 1 1
2025869635 9 0 1 0
2025873192 9 0 1 1
2025876849 9 0 1 0
2025884042 9 0 1 1
2025888144 9 0 1 0
2025896345 9 0 1 1
2025899530 9 0 1 0
2025906142 9 0 1 1
2025909742 9 0 1 0
2025917860 9 0 1 1
2025921045 9 0 1 0
2025929254 9 0 1 1
2025932526 9 0 1 0
2025938557 9 0 1 1
2025941406 9 0 1 0
2025957197 9 0 1 1
2025960577 9 0 1 0
2025972211 9 0 1 1
2025974910 9 0 1 0
2025985349 9 0 1 1
2025989012 9 0 1 0
2025997232 9 0 1 1
2026000804 9 0 1 0
2026149357 9 0 1 1
2026152953 9 0 1 0
2026155466 9 0 1 1
2026159414 9 0 1 0
2026162852 9 0 1 1
2026167041 9 0 1 0
2026172546 9 0 1 1
2026178723 9 0 1 0
2026183896 9 0 1 1
2026189915 9 0 1 0
2026195871 9 0 1 1
2026201499 9 0 1 0
2026208040 9 0 1 1
2026212067 9 0 1 0
2026217268 9 0 1 1
2026220607 9 0 1 0
2026226976 9 0 1 1
2026231904 9 0 1 0
2026235832 9 0 1 1
2026239752 9 0 1 0
2026245012 9 0 1 1
2026251185 9 0 1 0
2026256706 9 0 1 1
2026263132 9 0 1 0
2026268969 9 0 1 1
2026273391 9 0 1 0
2026277232 9 0 1 1
2026280820 9 0 1 0
2026286491 9 0 1 1
2026292008 9 0 1 0
2026297928 9 0 1 1
2026303603 9 0 1 0
2026309361 9 0 1 1
2026314281 9 0 1 0
2026317869 9 0 1 1
2026321627 9 0 1 0
2026327638 9 0 1 1
2026331064 9 0 1 0
2030193454 26 0 1 1
2030196196 26 0 1 0
2030209977 26 0 1 1
2030212885 26 0 1 0
2030226666 26 0 1 1
2030229491 26 0 1 0
2030244486 26 0 1 1
2030247176 26 0 1 0
2030260834 26 0 1 1
2030263469 26 0 1 0
2030277562 26 0 1 1
2030280332 26 0 1 0
2030296370 26 0 1 1
2030298921 26 0 1 0
2030316571 26 0 1 1
2030319169 26 0 1 0
2030332712 5 0 1 1
2030336930 5 0 1 0
2030337401 26 0 1 1
2030340054 26 0 1 0
2030341849 5 0 1 1
2030346047 5 0 1 0
2030350731 5 0 1 1
2030355077 5 0 1 0
2030358017 26 0 1 1
2030360139 5 0 1 1
2030360566 26 0 1 0
2030364438 5 0 1 0
2030370204 5 0 1 1
2030374038 5 0 1 0
2030378366 26 0 1 1
2030379638 5 0 1 1
2030380975 26 0 1 0
2030383290 5 0 1 0
2030388554 5 0 1 1
2030392368 5 0 1 0
2030397885 5 0 1 1
2030399452 26 0 1 1
2030401955 5 0 1 0
2030402101 26 0 1 0
2030421341 26 0 1 1
2030423887 26 0 1 0
2030442367 26 0 1 1
2030444961 26 0 1 0
2030457440 26 0 1 1
2030460183 26 0 1 0
2030472607 26 0 1 1
2030475305 26 0 1 0
2030487316 26 0 1 1
2030490249 26 0 1 0
2030503575 26 0 1 1
2030506345 26 0 1 0
2030519169 26 0 1 1
2030522003 26 0 1 0
2030534396 26 0 1 1
2030537794 26 0 1 0
2030550283 26 0 1 1
2030553214 26 0 1 0
2030561738 26 0 1 1
2030564733 26 0 1 0
2030574101 26 0 1 1
2030577080 26 0 1 0
2030588693 26 0 1 1
2030592093 26 0 1 0
2030603793 26 0 1 1
2030606493 26 0 1 0
2030616039 26 0 1 1
2030618885 26 0 1 0
2030628565 26 0 1 1
2030631281 26 0 1 0
2030642987 26 0 1 1
2030645726 26 0 1 0
2030655399 26 0 1 1
2030658156 26 0 1 0
2030670092 26 0 1 1
2030673473 26 0 1 0
2030684924 26 0 1 1
2030687794 26 0 1 0
2030696790 26 0 1 1
2030699510 26 0 1 0
2030710365 26 0 1 1
2030713122 26 0 1 0
2030722210 26 0 1 1
2030725105 26 0 1 0
2030736723 26 0 1 1
2030740117 26 0 1 0
2030751145 26 0 1 1
2030753962 26 0 1 0
2030763381 26 0 1 1
2030766329 26 0 1 0
2030777614 26 0 1 1
2030780439 26 0 1 0
2030789693 26 0 1 1
2030792541 26 0 1 0
2030804159 26 0 1 1
2030806868 26 0 1 0
2030815615 26 0 1 1
2030818335 26 0 1 0
2030827870 26 0 1 1
2030830948 26 0 1 0
2030842002 26 0 1 1
2030845453 26 0 1 0
2030856826 26 0 1 1
2030860421 26 0 1 0
2030872361 26 0 1 1
2030875217 26 0 1 0
2030884067 26 0 1 1
2030886811 26 0 1 0
2030895395 26 0 1 1
2030898239 26 0 1 0
2030909749 26 0 1 1
2030912691 26 0 1 0
2030925367 26 0 1 1
2030928237 26 0 1 0
2030942160 26 0 1 1
2030944793 26 0 1 0
2030959731 26 0 1 1
2030962433 26 0 1 0
2030983400 26 0 1 1
2030986117 26 0 1 0
2031012129 26 0 1 1
2031014475 26 0 1 0
2031049278 26 0 1 1
2031051699 26 0 1 0
2031104865 26 0 1 1
2031107214 26 0 1 0
2070403711 48 1 4 1
2070407962 48 1 4 0
2070411922 48 1 4 1
2070416179 48 1 4 0
2070420139 48 1 4 1
2070424396 48 1 4 0
2070428356 48 1 4 1
2070432613 48 1 4 0
2070436573 48 1 4 1
2070440830 48 1 4 0
2070444790 48 1 4 1
2070447612 48 1 4 0
2070451032 48 1 4 1
2070454634 48 1 4 0
2070458114 48 1 4 1
2070462021 48 1 4 0
2070465541 48 1 4 1
2070469657 48 1 4 0
2070473197 48 1 4 1
2070476636 43 1 1 1
2070476673 42 1 1 1
2070477044 48 1 4 0
2070479384 48 1 4 1
2070481201 43 1 1 0
2070481284 42 1 1 0
2070485694 43 1 1 1
2070485777 42 1 1 1
2070486600 48 1 4 0
2070488720 48 1 4 1
2070490331 43 1 1 0
2070490414 42 1 1 0
2070494824 43 1 1 1
2070494907 42 1 1 1
2070495813 48 1 4 0
2070497893 48 1 4 1
2070499461 43 1 1 0
2070499544 42 1 1 0
2070503954 43 1 1 1
2070504037 42 1 1 1
2070508591 43 1 1 0
2070508674 42 1 1 0
2070509591 48 1 4 0
2070513071 48 1 4 1
2070513084 43 1 1 1
2070513167 42 1 1 1
2070517721 43 1 1 0
2070517804 42 1 1 0
2070521792 48 1 4 0
2070522214 43 1 1 1
2070522297 42 1 1 1
2070524412 48 1 4 1
2070526851 43 1 1 0
2070526934 42 1 1 0
2070531344 43 1 1 1
2070531427 42 1 1 1
2070535981 43 1 1 0
2070536064 42 1 1 0
2070537313 48 1 4 0
2070540474 43 1 1 1
2070540557 42 1 1 1
2070540693 48 1 4 1
2070545111 43 1 1 0
2070545194 42 1 1 0
2070549604 43 1 1 1
2070549687 42 1 1 1
2070550095 48 1 4 0
2070552355 48 1 4 1
2070554241 43 1 1 0
2070554324 42 1 1 0
2070558734 43 1 1 1
2070558817 42 1 1 1
2070563371 43 1 1 0
2070563454 42 1 1 0
2070564786 48 1 4 0
2070567864 43 1 1 1
2070567947 42 1 1 1
2070568226 48 1 4 1
2070572501 43 1 1 0
2070572584 42 1 1 0
2070576994 43 1 1 1
2070577077 42 1 1 1
2070581631 43 1 1 0
2070581714 42 1 1 0
2070582880 48 1 4 0
2070585820 48 1 4 1
2070586124 43 1 1 1
2070586207 42 1 1 1
2070590761 43 1 1 0
2070590844 42 1 1 0
2070595254 43 1 1 1
2070595337 42 1 1 1
2070599891 43 1 1 0
2070599974 42 1 1 0
2070601721 48 1 4 0
2070604384 43 1 1 1
2070604467 42 1 1 1
2070604621 48 1 4 1
2070609021 43 1 1 0
2070609104 42 1 1 0
2070613514 43 1 1 1
2070613597 42 1 1 1
2070618151 43 1 1 0
2070618234 42 1 1 0
2070620479 48 1 4 0
2070622644 43 1 1 1
2070622727 42 1 1 1
2070623419 48 1 4 1
2070627281 43 1 1 0
2070627364 42 1 1 0
2070631774 43 1 1 1
2070631857 42 1 1 1
2070636411 43 1 1 0
2070636494 42 1 1 0
2070639320 48 1 4 0
2070640904 43 1 1 1
2070640987 42 1 1 1
2070642140 48 1 4 1
2070645541 43 1 1 0
2070645624 42 1 1 0
2070650034 43 1 1 1
2070650117 42 1 1 1
2070654671 43 1 1 0
2070654754 42 1 1 0
2070657995 48 1 4 0
2070659164 43 1 1 1
2070659247 42 1 1 1
2070660695 48 1 4 1
2070663801 43 1 1 0
2070663884 42 1 1 0
2070668294 43 1 1 1
2070668377 42 1 1 1
2070672931 43 1 1 0
2070673014 42 1 1 0
2070677424 43 1 1 1
2070677507 42 1 1 1
2070677583 48 1 4 0
2070679863 48 1 4 1
2070682061 43 1 1 0
2070682144 42 1 1 0
2070686554 43 1 1 1
2070686637 42 1 1 1
2070691191 43 1 1 0
2070691274 42 1 1 0
2070695684 43 1 1 1
2070695760 48 1 4 0
2070695767 42 1 1 1
2070698040 48 1 4 1
2070700321 43 1 1 0
2070700404 42 1 1 0
2070704814 43 1 1 1
2070704897 42 1 1 1
2070709451 43 1 1 0
2070709534 42 1 1 0
2070713944 43 1 1 1
2070714020 48 1 4 0
2070714027 42 1 1 1
2070716300 48 1 4 1
2070718581 43 1 1 0
2070718664 42 1 1 0
2070723074 43 1 1 1
2070723157 42 1 1 1
2070727711 43 1 1 0
2070727794 42 1 1 0
2070732204 43 1 1 1
2070732280 48 1 4 0
2070732287 42 1 1 1
2070734560 48 1 4 1
2070736841 43 1 1 0
2070736924 42 1 1 0
2070741334 43 1 1 1
2070741417 42 1 1 1
2070745971 43 1 1 0
2070746054 42 1 1 0
2070750464 43 1 1 1
2070750540 48 1 4 0
2070750547 42 1 1 1
2070752820 48 1 4 1
2070755101 43 1 1 0
2070755184 42 1 1 0
2070759594 43 1 1 1
2070759677 42 1 1 1
2070764231 43 1 1 0
2070764314 42 1 1 0
2070768724 43 1 1 1
2070768800 48 1 4 0
2070768807 42 1 1 1
2070771100 48 1 4 1
2070773361 43 1 1 0
2070773444 42 1 1 0
2070777854 43 1 1 1
2070777937 42 1 1 1
2070782491 43 1 1 0
2070782574 42 1 1 0
2070786984 43 1 1 1
2070787060 48 1 4 0
2070787067 42 1 1 1
2070789360 48 1 4 1
2070791621 43 1 1 0
2070791704 42 1 1 0
2070796114 43 1 1 1
2070796197 42 1 1 1
2070800751 43 1 1 0
2070800834 42 1 1 0
2070805244 43 1 1 1
2070805327 42 1 1 1
2070805403 48 1 4 0
2070807683 48 1 4 1
2070809881 43 1 1 0
2070809964 42 1 1 0
2070814374 43 1 1 1
2070814457 42 1 1 1
2070819011 43 1 1 0
2070819094 42 1 1 0
2070823504 43 1 1 1
2070823580 48 1 4 0
2070823587 42 1 1 1
2070825860 48 1 4 1
2070828141 43 1 1 0
2070828224 42 1 1 0
2070832634 43 1 1 1
2070832717 42 1 1 1
2070837271 43 1 1 0
2070837354 42 1 1 0
2070841764 43 1 1 1
2070841840 48 1 4 0
2070841847 42 1 1 1
2070844140 48 1 4 1
2070846401 43 1 1 0
2070846484 42 1 1 0
2070850894 43 1 1 1
2070850977 42 1 1 1
2070855531 43 1 1 0
2070855614 42 1 1 0
2070860024 43 1 1 1
2070860100 48 1 4 0
2070860107 42 1 1 1
2070862380 48 1 4 1
2070864661 43 1 1 0
2070864744 42 1 1 0
2070869154 43 1 1 1
2070869237 42 1 1 1
2070873791 43 1 1 0
2070873874 42 1 1 0
2070878284 43 1 1 1
2070878360 48 1 4 0
2070878367 42 1 1 1
2070880660 48 1 4 1
2070882921 43 1 1 0
2070883004 42 1 1 0
2070887414 43 1 1 1
2070887497 42 1 1 1
2070892051 43 1 1 0
2070892134 42 1 1 0
2070896544 43 1 1 1
2070896620 48 1 4 0
2070896627 42 1 1 1
2070898900 48 1 4 1
2070901181 43 1 1 0
2070901264 42 1 1 0
2070905674 43 1 1 1
2070905757 42 1 1 1
2070910311 43 1 1 0
2070910394 42 1 1 0
2070914797 48 1 4 0
2070914804 43 1 1 1
2070914887 42 1 1 1
2070917097 48 1 4 1
2070919441 43 1 1 0
2070919524 42 1 1 0
2070923934 43 1 1 1
2070924017 42 1 1 1
2070928571 43 1 1 0
2070928654 42 1 1 0
2070933057 48 1 4 0
2070933064 43 1 1 1
2070933147 42 1 1 1
2070935357 48 1 4 1
2070937701 43 1 1 0
2070937784 42 1 1 0
2070942194 43 1 1 1
2070942277 42 1 1 1
2070946831 43 1 1 0
2070946914 42 1 1 0
2070951324 43 1 1 1
2070951400 48 1 4 0
2070951407 42 1 1 1
2070953700 48 1 4 1
2070955961 43 1 1 0
2070956044 42 1 1 0
2070960454 43 1 1 1
2070960537 42 1 1 1
2070965091 43 1 1 0
2070965174 42 1 1 0
2070969584 43 1 1 1
2070969660 48 1 4 0
2070969667 42 1 1 1
2070971960 48 1 4 1
2070974221 43 1 1 0
2070974304 42 1 1 0
2070978714 43 1 1 1
2070978797 42 1 1 1
2070983351 43 1 1 0
2070983434 42 1 1 0
2070987844 43 1 1 1
2070987920 48 1 4 0
2070987927 42 1 1 1
2070990220 48 1 4 1
2070992481 43 1 1 0
2070992564 42 1 1 0
2070996974 43 1 1 1
2070997057 42 1 1 1
2071001611 43 1 1 0
2071001694 42 1 1 0
2071006104 43 1 1 1
2071006180 48 1 4 0
2071006187 42 1 1 1
2071008480 48 1 4 1
2071010741 43 1 1 0
2071010824 42 1 1 0
2071015234 43 1 1 1
2071015317 42 1 1 1
2071019871 43 1 1 0
2071019954 42 1 1 0
2071024364 43 1 1 1
2071024440 48 1 4 0
2071024447 42 1 1 1
2071026740 48 1 4 1
2071029001 43 1 1 0
2071029084 42 1 1 0
2071033494 43 1 1 1
2071033577 42 1 1 1
2071038131 43 1 1 0
2071038214 42 1 1 0
2071042624 43 1 1 1
2071042700 48 1 4 0
2071042707 42 1 1 1
2071044980 48 1 4 1
2071047261 43 1 1 0
2071047344 42 1 1 0
2071051754 43 1 1 1
2071051837 42 1 1 1
2071056391 43 1 1 0
2071056474 42 1 1 0
2071060884 43 1 1 1
2071060960 48 1 4 0
2071060967 42 1 1 1
2071063260 48 1 4 1
2071065521 43 1 1 0
2071065604 42 1 1 0
2071070014 43 1 1 1
2071070097 42 1 1 1
2071074651 43 1 1 0
2071074734 42 1 1 0
2071079144 43 1 1 1
2071079220 48 1 4 0
2071079227 42 1 1 1
2071081520 48 1 4 1
2071083781 43 1 1 0
2071083864 42 1 1 0
2071088274 43 1 1 1
2071088357 42 1 1 1
2071092911 43 1 1 0
2071092994 42 1 1 0
2071097404 43 1 1 1
2071097480 48 1 4 0
2071097487 42 1 1 1
2071099760 48 1 4 1
2071102041 43 1 1 0
2071102124 42 1 1 0
2071106534 43 1 1 1
2071106617 42 1 1 1
2071111171 43 1 1 0
2071111254 42 1 1 0
2071115657 48 1 4 0
2071115664 43 1 1 1
2071115747 42 1 1 1
2071117957 48 1 4 1
2071120301 43 1 1 0
2071120384 42 1 1 0
2071124794 43 1 1 1
2071124877 42 1 1 1
2071129431 43 1 1 0
2071129514 42 1 1 0
2071133924 43 1 1 1
2071134000 48 1 4 0
2071134007 42 1 1 1
2071136300 48 1 4 1
2071138561 43 1 1 0
2071138644 42 1 1 0
2071143054 43 1 1 1
2071143137 42 1 1 1
2071147691 43 1 1 0
2071147774 42 1 1 0
2071152184 43 1 1 1
2071152260 48 1 4 0
2071152267 42 1 1 1
2071154540 48 1 4 1
2071156821 43 1 1 0
2071156904 42 1 1 0
2071161314 43 1 1 1
2071161397 42 1 1 1
2071165951 43 1 1 0
2071166034 42 1 1 0
2071170437 48 1 4 0
2071170444 43 1 1 1
2071170527 42 1 1 1
2071172737 48 1 4 1
2071175081 43 1 1 0
2071175164 42 1 1 0
2071179574 43 1 1 1
2071179657 42 1 1 1
2071184211 43 1 1 0
2071184294 42 1 1 0
2071188704 43 1 1 1
2071188780 48 1 4 0
2071188787 42 1 1 1
2071191080 48 1 4 1
2071193341 43 1 1 0
2071193424 42 1 1 0
2071197834 43 1 1 1
2071197917 42 1 1 1
2071202471 43 1 1 0
2071202554 42 1 1 0
2071206964 43 1 1 1
2071207040 48 1 4 0
2071207047 42 1 1 1
2071209320 48 1 4 1
2071211601 43 1 1 0
2071211684 42 1 1 0
2071216094 43 1 1 1
2071216177 42 1 1 1
2071220731 43 1 1 0
2071220814 42 1 1 0
2071225224 43 1 1 1
2071225300 48 1 4 0
2071225307 42 1 1 1
2071227580 48 1 4 1
2071229861 43 1 1 0
2071229944 42 1 1 0
2071234935 43 1 1 1
2071239157 43 1 1 0
2071243145 48 1 4 0
2071244231 43 1 1 1
2071245725 48 1 4 1
2071248453 43 1 1 0
2071253527 43 1 1 1
2071257749 43 1 1 0
2071259330 48 1 4 0
2071262370 48 1 4 1
2071262989 43 1 1 1
2071267211 43 1 1 0
2071268709 48 1 4 0
2071272285 43 1 1 1
2071272669 48 1 4 1
2071276507 43 1 1 0
2071279001 48 1 4 0
2071281581 43 1 1 1
2071283621 48 1 4 1
2071285803 43 1 1 0
2071287495 48 1 4 0
2071290877 43 1 1 1
2071293495 48 1 4 1
2071295099 43 1 1 0
2071298070 48 1 4 0
2071300339 43 1 1 1
2071302450 48 1 4 1
2071304561 43 1 1 0
2071306391 48 1 4 0
2071309635 43 1 1 1
2071311591 48 1 4 1
2071313857 43 1 1 0
2071315500 48 1 4 0
2071318931 43 1 1 1
2071321520 48 1 4 1
2071323153 43 1 1 0
2071325211 48 1 4 0
2071328227 43 1 1 1
2071331051 48 1 4 1
2071332449 43 1 1 0
2071335856 48 1 4 0
2071337689 43 1 1 1
2071339476 48 1 4 1
2071341911 43 1 1 0
2071345429 48 1 4 0
2071346985 43 1 1 1
2071348949 48 1 4 1
2071351207 43 1 1 0
2071354808 48 1 4 0
2071356281 43 1 1 1
2071358288 48 1 4 1
2071360503 43 1 1 0
2071364104 48 1 4 0
2071365577 43 1 1 1
2071367584 48 1 4 1
2071369799 43 1 1 0
2071373400 48 1 4 0
2071375039 43 1 1 1
2071376940 48 1 4 1
2071379261 43 1 1 0
2071382834 48 1 4 0
2071384335 43 1 1 1
2071386334 48 1 4 1
2071388557 43 1 1 0
2071392158 48 1 4 0
2071393631 43 1 1 1
2071395638 48 1 4 1
2071397853 43 1 1 0
2071401454 48 1 4 0
2071402927 43 1 1 1
2071404934 48 1 4 1
2071407149 43 1 1 0
2071410750 48 1 4 0
2071412389 43 1 1 1
2071414290 48 1 4 1
2071416611 43 1 1 0
2071420184 48 1 4 0
2071421685 43 1 1 1
2071423684 48 1 4 1
2071425907 43 1 1 0
2071429508 48 1 4 0
2071430981 43 1 1 1
2071432988 48 1 4 1
2071435203 43 1 1 0
2071438804 48 1 4 0
2071440277 43 1 1 1
2071442284 48 1 4 1
2071444499 43 1 1 0
2071448100 48 1 4 0
2071449739 43 1 1 1
2071451640 48 1 4 1
2071453961 43 1 1 0
2071457534 48 1 4 0
2071459035 43 1 1 1
2071461034 48 1 4 1
2071463257 43 1 1 0
2071466858 48 1 4 0
2071468331 43 1 1 1
2071470338 48 1 4 1
2071472553 43 1 1 0
2071476154 48 1 4 0
2071477627 43 1 1 1
2071479634 48 1 4 1
2071481849 43 1 1 0
2071485450 48 1 4 0
2071487089 43 1 1 1
2071488990 48 1 4 1
2071491311 43 1 1 0
2071494884 48 1 4 0
2071496385 43 1 1 1
2071498384 48 1 4 1
2071500607 43 1 1 0
2071504208 48 1 4 0
2071505681 43 1 1 1
2071507688 48 1 4 1
2071509903 43 1 1 0
2071513504 48 1 4 0
2071514977 43 1 1 1
2071516984 48 1 4 1
2071519199 43 1 1 0
2071522800 48 1 4 0
2071524439 43 1 1 1
2071526340 48 1 4 1
2071528661 43 1 1 0
2071532234 48 1 4 0
2071533735 43 1 1 1
2071535734 48 1 4 1
2071537957 43 1 1 0
2071541558 48 1 4 0
2071543031 43 1 1 1
2071545043 48 1 4 1
2071547253 43 1 1 0
2071550854 48 1 4 0
2071552327 43 1 1 1
2071554334 48 1 4 1
2071556549 43 1 1 0
2071560150 48 1 4 0
2071561789 43 1 1 1
2071563690 48 1 4 1
2071566011 43 1 1 0
2071567952 48 1 4 0
2071571085 43 1 1 1
2071573172 48 1 4 1
2071575307 43 1 1 0
2071577027 48 1 4 0
2071580381 43 1 1 1
2071583027 48 1 4 1
2071584603 43 1 1 0
2071586710 48 1 4 0
2071589677 43 1 1 1
2071592510 48 1 4 1
2071593899 43 1 1 0
2071596117 48 1 4 0
2071599139 43 1 1 1
2071601953 48 1 4 1
2071603361 43 1 1 0
2071605579 48 1 4 0
2071608435 43 1 1 1
2071611339 48 1 4 1
2071612657 43 1 1 0
2071614930 48 1 4 0
2071617731 43 1 1 1
2071620650 48 1 4 1
2071621953 43 1 1 0
2071624226 48 1 4 0
2071627027 43 1 1 1
2071629946 48 1 4 1
2071631249 43 1 1 0
2071633522 48 1 4 0
2071636489 43 1 1 1
2071639322 48 1 4 1
2071640711 43 1 1 0
2071643537 48 1 4 0
2071645785 43 1 1 1
2071647277 48 1 4 1
2071650007 43 1 1 0
2071653359 48 1 4 0
2071655081 43 1 1 1
2071656919 48 1 4 1
2071659303 43 1 1 0
2071662821 48 1 4 0
2071664377 43 1 1 1
2071666341 48 1 4 1
2071668599 43 1 1 0
2071672200 48 1 4 0
2071673839 43 1 1 1
2071675740 48 1 4 1
2071678061 43 1 1 0
2071681634 48 1 4 0
2071683135 43 1 1 1
2071685134 48 1 4 1
2071687357 43 1 1 0
2071690958 48 1 4 0
2071692431 43 1 1 1
2071694438 48 1 4 1
2071696653 43 1 1 0
2071700254 48 1 4 0
2071701727 43 1 1 1
2071703734 48 1 4 1
2071705949 43 1 1 0
2071709572 48 1 4 0
2071711189 43 1 1 1
2071713112 48 1 4 1
2071715411 43 1 1 0
2071718984 48 1 4 0
2071720485 43 1 1 1
2071722484 48 1 4 1
2071724707 43 1 1 0
2071728330 48 1 4 0
2071729781 43 1 1 1
2071731810 48 1 4 1
2071734003 43 1 1 0
2071737626 48 1 4 0
2071739077 43 1 1 1
2071741106 48 1 4 1
2071743299 43 1 1 0
2071745926 48 1 4 0
2071748539 43 1 1 1
2071752761 43 1 1 0
