2003213801 40 1 2 1
2003216635 40 1 2 0
2003222189 40 1 2 1
2003226109 40 1 2 0
2003231817 40 1 2 1
2003235660 40 1 2 0
2003241526 40 1 2 1
2003245601 40 1 2 0
2003251637 40 1 2 1
2003255546 40 1 2 0
2003264891 40 1 2 1
2003268207 40 1 2 0
2003275512 40 1 2 1
2003278911 40 1 2 0
2003286390 40 1 2 1
2003290552 40 1 2 0
2003294287 40 1 2 1
2003299900 40 1 2 0
2003303809 40 1 2 1
2003309418 40 1 2 0
2003313327 40 1 2 1
2003318936 40 1 2 0
2003323019 40 1 2 1
2003327525 40 1 2 0
2003332960 40 1 2 1
2003336956 40 1 2 0
2003342308 40 1 2 1
2003345881 40 1 2 0
2003353866 40 1 2 1
2003357099 40 1 2 0
2004084746 31 0 1 1
2004261986 31 0 1 0
2004283734 31 0 1 1
2004286509 31 0 1 0
2004309274 31 0 1 1
2004312164 31 0 1 0
2004324139 44 1 4 1
2004331706 44 1 4 0
2004335069 44 1 4 1
2004342700 44 1 4 0
2004346146 44 1 4 1
2004353537 44 1 4 0
2004356809 44 1 4 1
2004364076 44 1 4 0
2004367356 44 1 4 1
2004374783 44 1 4 0
2004378238 44 1 4 1
2004385905 44 1 4 0
2004389189 44 1 4 1
2004486632 44 1 4 0
2004494454 44 1 4 1
2004501240 44 1 4 0
2004504615 44 1 4 1
2004511242 44 1 4 0
2004514593 44 1 4 1
2004521575 44 1 4 0
2004524934 44 1 4 1
2004531784 44 1 4 0
2004535222 44 1 4 1
2004541993 44 1 4 0
2004545324 44 1 4 1
2004553198 44 1 4 0
2004556556 44 1 4 1
2004563905 44 1 4 0
2004567314 44 1 4 1
2004575142 44 1 4 0
2004578402 44 1 4 1
2004583836 37 1 6 1
2004585896 44 1 4 0
2004589293 37 1 6 0
2004589310 44 1 4 1
2004592755 37 1 6 1
2004596109 44 1 4 0
2004599207 37 1 6 0
2004599440 44 1 4 1
2004602665 37 1 6 1
2004606318 44 1 4 0
2004608872 37 1 6 0
2004609732 44 1 4 1
2004612587 37 1 6 1
2004616693 44 1 4 0
2004618284 37 1 6 0
2004620273 44 1 4 1
2004622861 37 1 6 1
2004627068 44 1 4 0
2004627277 37 1 6 0
2004630648 44 1 4 1
2004632468 37 1 6 1
2004636772 37 1 6 0
2004637734 44 1 4 0
2004641231 44 1 4 1
2004641872 37 1 6 1
2004646113 37 1 6 0
2004648067 44 1 4 0
2004650939 37 1 6 1
2004651813 44 1 4 1
2004655272 37 1 6 0
2004658940 44 1 4 0
2004660177 37 1 6 1
2004662520 44 1 4 1
2004664767 37 1 6 0
2004669170 37 1 6 1
2004669481 44 1 4 0
2004673061 44 1 4 1
2004673930 37 1 6 0
2004678254 37 1 6 1
2004680769 44 1 4 0
2004683089 37 1 6 0
2004684105 44 1 4 1
2004687457 37 1 6 1
2004691385 44 1 4 0
2004692161 37 1 6 0
2004694699 44 1 4 1
2004696810 37 1 6 1
2004701221 37 1 6 0
2004701768 44 1 4 0
2004705099 44 1 4 1
2004705971 37 1 6 1
2004708906 44 1 4 0
2004710649 37 1 6 0
2004714756 37 1 6 1
2004716948 44 1 4 1
2004719559 37 1 6 0
2004720287 44 1 4 0
2004723579 37 1 6 1
2004727959 37 1 6 0
2004729096 44 1 4 1
2004732576 37 1 6 1
2004732596 44 1 4 0
2004737035 37 1 6 0
2004741462 37 1 6 1
2004742376 44 1 4 1
2004745509 44 1 4 0
2004745775 37 1 6 0
2004750374 37 1 6 1
2004755017 37 1 6 0
2004755314 44 1 4 1
2004758042 44 1 4 0
2004759606 37 1 6 1
2004763927 37 1 6 0
2004766021 44 1 4 1
2004768429 37 1 6 1
2004769496 44 1 4 0
2004773086 37 1 6 0
2004777258 44 1 4 1
2004777940 37 1 6 1
2004780203 44 1 4 0
2004782229 37 1 6 0
2004787067 37 1 6 1
2004790423 44 1 4 1
2004791423 37 1 6 0
2004793400 44 1 4 0
2004795830 37 1 6 1
2004796771 45 1 4 1
2004802209 44 1 4 1
2004805352 44 1 4 0
2004814096 44 1 4 1
2004817356 44 1 4 0
2004825180 44 1 4 1
2004827679 44 1 4 0
2004862559 45 1 4 0
2004865511 45 1 4 1
2004874186 45 1 4 0
2004877312 45 1 4 1
2004890479 45 1 4 0
2004894115 45 1 4 1
2004909414 45 1 4 0
2004913568 45 1 4 1
2004929979 45 1 4 0
2004933817 45 1 4 1
2004944635 45 1 4 0
2004948022 45 1 4 1
2004948497 37 1 6 0
2004950856 37 1 6 1
2004958554 45 1 4 0
2004961763 45 1 4 1
2004970174 45 1 4 0
2004973217 45 1 4 1
2004978226 45 1 4 0
2004980103 37 1 6 0
2004981443 45 1 4 1
2004983498 37 1 6 1
2004987355 45 1 4 0
2004993146 37 1 6 0
2004994229 45 1 4 1
2004996355 37 1 6 1
2005000224 45 1 4 0
2005006102 37 1 6 0
2005007529 45 1 4 1
2005009572 37 1 6 1
2005012358 45 1 4 0
2005012451 38 1 6 1
2005017916 37 1 6 0
2005020158 38 1 6 0
2005022202 45 1 4 1
2005022829 38 1 6 1
2005023067 37 1 6 1
2005025325 45 1 4 0
2005030579 37 1 6 0
2005035346 37 1 6 1
2005037589 45 1 4 1
2005040748 45 1 4 0
2005042858 37 1 6 0
2005043969 38 1 6 0
2005046802 38 1 6 1
2005047807 37 1 6 1
2005048041 45 1 4 1
2005050343 45 1 4 0
2005054347 37 1 6 0
2005059205 37 1 6 1
2005063378 38 1 6 0
2005063461 37 1 6 0
2005066294 38 1 6 1
2005068145 37 1 6 1
2005072572 37 1 6 0
2005077608 37 1 6 1
2005081711 38 1 6 0
2005081972 37 1 6 0
2005084710 38 1 6 1
2005086574 37 1 6 1
2005090589 37 1 6 0
2005095625 37 1 6 1
2005099645 38 1 6 0
2005100080 37 1 6 0
2005102478 38 1 6 1
2005104681 37 1 6 1
2005109057 37 1 6 0
2005113915 37 1 6 1
2005117626 38 1 6 0
2005118144 37 1 6 0
2005120542 38 1 6 1
2005123097 37 1 6 1
2005127460 37 1 6 0
2005132579 37 1 6 1
2005134692 38 1 6 0
2005136823 37 1 6 0
2005137525 38 1 6 1
2005141333 37 1 6 1
2005145446 37 1 6 0
2005150130 37 1 6 1
2005151843 38 1 6 0
2005154575 37 1 6 0
2005154676 38 1 6 1
2005159263 37 1 6 1
2005163704 37 1 6 0
2005168459 37 1 6 1
2005168990 38 1 6 0
2005171657 38 1 6 1
2005173051 37 1 6 0
2005177612 37 1 6 1
2005182084 37 1 6 0
2005186562 37 1 6 1
2005187162 38 1 6 0
2005190078 38 1 6 1
2005191275 37 1 6 0
2005195939 37 1 6 1
2005200569 37 1 6 0
2005204682 38 1 6 0
2005205407 37 1 6 1
2005206323 37 1 6 0
2005207598 38 1 6 1
2005222288 38 1 6 0
2005225121 38 1 6 1
2005235130 47 1 4 1
2005240118 38 1 6 0
2005243117 38 1 6 1
2005258751 38 1 6 0
2005261750 38 1 6 1
2005269775 47 1 4 0
2005272276 47 1 4 1
2005277815 38 1 6 0
2005280814 38 1 6 1
2005296018 38 1 6 0
2005299100 38 1 6 1
2005307600 47 1 4 0
2005308324 38 1 6 0
2005311927 47 1 4 1
2005312414 38 1 6 1
2005320282 38 1 6 0
2005323613 38 1 6 1
2005327732 38 1 6 0
2005333636 38 1 6 1
2005338915 38 1 6 0
2005342910 38 1 6 1
2005346151 47 1 4 0
2005346626 38 1 6 0
2005349067 47 1 4 1
2005352862 38 1 6 1
2005357820 38 1 6 0
2005362064 38 1 6 1
2005367204 38 1 6 0
2005370452 38 1 6 1
2005376548 38 1 6 0
2005381041 38 1 6 1
2005386145 38 1 6 0
2005389988 47 1 4 0
2005390140 38 1 6 1
2005393236 47 1 4 1
2005395141 38 1 6 0
2005399219 38 1 6 1
2005403945 38 1 6 0
2005407608 38 1 6 1
2005414359 38 1 6 0
2005417692 38 1 6 1
2005425973 38 1 6 0
2005429553 38 1 6 1
2005438237 38 1 6 0
2005442003 38 1 6 1
2005442851 47 1 4 0
2005446099 47 1 4 1
2005451108 38 1 6 0
2005455135 38 1 6 1
2005463133 38 1 6 0
2005466911 38 1 6 1
2005473964 38 1 6 0
2005478841 38 1 6 1
2005483456 47 1 4 0
2005486396 38 1 6 0
2005489194 47 1 4 1
2005490253 38 1 6 1
2005497368 38 1 6 0
2005500300 38 1 6 1
2005504001 38 1 6 0
2005507439 38 1 6 1
2005510239 47 1 4 0
2005511638 38 1 6 0
2005515835 38 1 6 1
2005516475 47 1 4 1
2005521254 38 1 6 0
2005525787 38 1 6 1
2005530652 47 1 4 0
2005531550 38 1 6 0
2005536249 38 1 6 1
2005538548 47 1 4 1
2005541172 47 1 4 0
2005542206 38 1 6 0
2005546644 38 1 6 1
2005547657 47 1 4 1
2005550359 47 1 4 0
2005552336 38 1 6 0
2005556972 38 1 6 1
2005559002 47 1 4 1
2005561657 47 1 4 0
2005562818 38 1 6 0
2005567280 38 1 6 1
2005569719 47 1 4 1
2005572334 47 1 4 0
2005573383 38 1 6 0
2005579628 38 1 6 1
2005579649 47 1 4 1
2005582541 38 1 6 0
2005583564 47 1 4 0
2005590962 47 1 4 1
2005595043 47 1 4 0
2005602109 47 1 4 1
2005606605 47 1 4 0
2005613339 47 1 4 1
2005617933 47 1 4 0
2005622426 47 1 4 1
2005625761 47 1 4 0
2005629175 47 1 4 1
2005637445 47 1 4 0
2005640527 47 1 4 1
2005648611 47 1 4 0
2005651693 47 1 4 1
2005659105 47 1 4 0
2005662021 47 1 4 1
2005670343 47 1 4 0
2005673923 47 1 4 1
2005684364 47 1 4 0
2005688027 47 1 4 1
2005697573 47 1 4 0
2005701153 47 1 4 1
2005709023 47 1 4 0
2005712188 47 1 4 1
2005719815 47 1 4 0
2005722897 47 1 4 1
2005731213 47 1 4 0
2005734461 47 1 4 1
2005741181 47 1 4 0
2005745508 47 1 4 1
2005750374 47 1 4 0
2005754535 47 1 4 1
2005760659 47 1 4 0
2005763990 47 1 4 1
2005769938 47 1 4 0
2005773767 47 1 4 1
2005778335 47 1 4 0
2005783492 47 1 4 1
2005787510 47 1 4 0
2005792169 47 1 4 1
2005796348 47 1 4 0
2005801339 47 1 4 1
2005805962 47 1 4 0
2005810289 47 1 4 1
2005814197 47 1 4 0
2005819354 47 1 4 1
2005823452 47 1 4 0
2005828775 47 1 4 1
2005833130 47 1 4 0
2005838453 47 1 4 1
2005842642 47 1 4 0
2005847467 47 1 4 1
2005851467 47 1 4 0
2005856375 47 1 4 1
2005858446 45 1 4 1
2005860549 47 1 4 0
2005866535 45 1 4 0
2005866536 47 1 4 1
2005869827 45 1 4 1
2005870441 47 1 4 0
2005872564 45 1 4 0
2005876179 47 1 4 1
2005877979 45 1 4 1
2005880156 47 1 4 0
2005885894 47 1 4 1
2005885932 45 1 4 0
2005888951 45 1 4 1
2005889748 47 1 4 0
2005895319 45 1 4 0
2005895735 47 1 4 1
2005898292 47 1 4 0
2005898512 45 1 4 1
2005901779 45 1 4 0
2005907517 45 1 4 1
2005914981 45 1 4 0
2005918478 45 1 4 1
2005918638 47 1 4 1
2005921153 47 1 4 0
2005924067 45 1 4 0
2005931548 45 1 4 1
2005938210 45 1 4 0
2005941707 45 1 4 1
2005946230 47 1 4 1
2005947980 45 1 4 0
2005948498 47 1 4 0
2005951477 45 1 4 1
2005954722 47 1 4 1
2005958181 45 1 4 0
2005958695 47 1 4 0
2005963935 47 1 4 1
2005964749 45 1 4 1
2005967678 47 1 4 0
2005969327 45 1 4 0
2005970428 47 1 4 1
2005981380 36 1 6 1
2005990344 47 1 4 0
2005993177 47 1 4 1
2005996321 36 1 6 0
2005999486 36 1 6 1
2006010043 47 1 4 0
2006011785 36 1 6 0
2006015614 36 1 6 1
2006015989 47 1 4 1
2006020513 36 1 6 0
2006024361 47 1 4 0
2006028273 47 1 4 1
2006047172 47 1 4 0
2006053159 47 1 4 1
2006077809 47 1 4 0
2006083713 47 1 4 1
2006101203 47 1 4 0
2006108767 47 1 4 1
2006118412 47 1 4 0
2006125312 47 1 4 1
2006135469 47 1 4 0
2006143697 47 1 4 1
2006148367 47 1 4 0
2006155848 47 1 4 1
2006161179 47 1 4 0
2006165273 38 1 6 1
2006168909 47 1 4 1
2006169406 38 1 6 0
2006172970 47 1 4 0
2006173658 38 1 6 1
2006176301 47 1 4 1
2006179261 47 1 4 0
2006180279 38 1 6 0
2006184490 47 1 4 1
2006187794 38 1 6 1
2006188534 47 1 4 0
2006191567 38 1 6 0
2006192861 47 1 4 1
2006196704 47 1 4 0
2006202193 47 1 4 1
2006207183 47 1 4 0
2006223711 47 1 4 1
2006226215 47 1 4 0
2006239008 47 1 4 1
2006241625 47 1 4 0
2006253505 47 1 4 1
2006258417 47 1 4 0
2006265732 47 1 4 1
2006270290 47 1 4 0
2006273621 47 1 4 1
2006277183 47 1 4 0
2006280348 47 1 4 1
2006284358 47 1 4 0
2006287689 47 1 4 1
2006293081 47 1 4 0
2006297657 47 1 4 1
2006304373 47 1 4 0
2006308866 47 1 4 1
2006321562 47 1 4 0
2006325806 47 1 4 1
2006330973 47 1 4 0
2006335134 47 1 4 1
2006337411 41 1 3 1
2006341018 41 1 3 0
2006341317 47 1 4 0
2006346278 41 1 3 1
2006346806 47 1 4 1
2006350236 41 1 3 0
2006353111 47 1 4 0
2006355049 41 1 3 1
2006358102 47 1 4 1
2006359115 41 1 3 0
2006363407 47 1 4 0
2006364983 41 1 3 1
2006368564 47 1 4 1
2006368989 41 1 3 0
2006374984 41 1 3 1
2006375628 47 1 4 0
2006378397 41 1 3 0
2006380370 47 1 4 1
2006386197 47 1 4 0
2006390773 47 1 4 1
2006396186 47 1 4 0
2006400845 47 1 4 1
2006408876 47 1 4 0
2006416265 47 1 4 1
2006423192 47 1 4 0
2006428349 47 1 4 1
2006433309 47 1 4 0
2006438551 47 1 4 1
2006443274 47 1 4 0
2006452000 47 1 4 1
2006454591 47 1 4 0
2006458669 47 1 4 1
2006462023 47 1 4 0
2006467927 47 1 4 1
2006470951 47 1 4 0
2006476191 47 1 4 1
2006478818 47 1 4 0
2006484058 47 1 4 1
2006488083 47 1 4 0
2006495647 47 1 4 1
2006499752 47 1 4 0
2006505988 47 1 4 1
2006510458 47 1 4 0
2006518769 47 1 4 1
2006523153 47 1 4 0
2006528892 47 1 4 1
2006532181 47 1 4 0
2006539081 47 1 4 1
2006544269 47 1 4 0
2006547600 47 1 4 1
2006577275 47 1 4 0
2006586416 47 1 4 1
2006594231 47 1 4 0
2006598724 47 1 4 1
2006602045 47 1 4 0
2006608198 47 1 4 1
2006612274 47 1 4 0
2006616066 43 1 3 1
2006618676 47 1 4 1
2006623639 43 1 3 0
2006626700 43 1 3 1
2006630708 47 1 4 0
2006637248 43 1 3 0
2006640596 43 1 3 1
2006641841 47 1 4 1
2006647233 47 1 4 0
2006651148 43 1 3 0
2006654492 43 1 3 1
2006655627 47 1 4 1
2006659944 47 1 4 0
2006664216 43 1 3 0
2006667436 43 1 3 1
2006668670 47 1 4 1
2006673228 47 1 4 0
2006678585 43 1 3 0
2006680875 47 1 4 1
2006682007 43 1 3 1
2006685105 47 1 4 0
2006693110 43 1 3 0
2006693652 47 1 4 1
2006696453 43 1 3 1
2006697330 47 1 4 0
2006704147 47 1 4 1
2006706224 43 1 3 0
2006707054 47 1 4 0
2006709397 43 1 3 1
2006710219 47 1 4 1
2006713173 47 1 4 0
2006718184 43 1 3 0
2006719492 47 1 4 1
2006721361 43 1 3 1
2006723067 47 1 4 0
2006727560 47 1 4 1
2006729986 43 1 3 0
2006730613 47 1 4 0
2006733162 43 1 3 1
2006737762 47 1 4 1
2006739337 47 1 4 0
2006741606 43 1 3 0
2006744862 43 1 3 1
2006753325 43 1 3 0
2006756813 43 1 3 1
2006764181 43 1 3 0
2006768026 43 1 3 1
2006772894 43 1 3 0
2006777010 43 1 3 1
2006781988 43 1 3 0
2006786388 43 1 3 1
2006791771 43 1 3 0
2006795997 43 1 3 1
2006801113 43 1 3 0
2006805120 43 1 3 1
2006809373 43 1 3 0
2006815769 43 1 3 1
2006821178 43 1 3 0
2006825074 43 1 3 1
2006828796 43 1 3 0
2006833309 43 1 3 1
2006838865 43 1 3 0
2006844282 43 1 3 1
2006847690 43 1 3 0
2006851199 43 1 3 1
2006857482 43 1 3 0
2006864041 43 1 3 1
2006869884 43 1 3 0
2006876186 43 1 3 1
2006878808 43 1 3 0
2006898104 43 1 3 1
2006901283 43 1 3 0
2006909364 43 1 3 1
2006912705 43 1 3 0
2006920236 43 1 3 1
2006923366 43 1 3 0
2006930547 43 1 3 1
2006933551 43 1 3 0
2006941516 43 1 3 1
2006944692 43 1 3 0
2006952392 43 1 3 1
2006955479 43 1 3 0
2006963008 43 1 3 1
2006966170 43 1 3 0
2006974284 43 1 3 1
2006977394 43 1 3 0
2006985425 43 1 3 1
2006988308 43 1 3 0
2006995346 43 1 3 1
2006999283 43 1 3 0
2007004974 43 1 3 1
2007008802 43 1 3 0
2007014323 43 1 3 1
2007017474 43 1 3 0
2007024330 43 1 3 1
2007027406 43 1 3 0
2021239756 39 1 6 1
2021246477 39 1 6 0
2021251219 39 1 6 1
2021258852 39 1 6 0
2021263237 39 1 6 1
2021271118 39 1 6 0
2021275698 39 1 6 1
2021283277 39 1 6 0
2021287691 39 1 6 1
2021295412 39 1 6 0
2021299739 39 1 6 1
2021306625 39 1 6 0
2021310846 39 1 6 1
2021317443 39 1 6 0
2021321442 39 1 6 1
2021328202 39 1 6 0
2021332447 39 1 6 1
2021338415 39 1 6 0
2021343078 39 1 6 1
2021349043 39 1 6 0
2021353457 39 1 6 1
2021359393 39 1 6 0
2021363770 39 1 6 1
2021369252 39 1 6 0
2021373168 39 1 6 1
2021379469 39 1 6 0
2021383713 39 1 6 1
2021388615 39 1 6 0
2021392971 39 1 6 1
2021398678 39 1 6 0
2021403229 39 1 6 1
2021409397 39 1 6 0
2021412977 39 1 6 1
2021419126 39 1 6 0
2021423476 39 1 6 1
2021429021 39 1 6 0
2021433599 39 1 6 1
2021438415 39 1 6 0
2021443327 39 1 6 1
2021448055 39 1 6 0
2021453046 39 1 6 1
2021457695 39 1 6 0
2021462441 39 1 6 1
2021467925 39 1 6 0
2021472339 39 1 6 1
2021477233 39 1 6 0
2021482141 39 1 6 1
2021486296 39 1 6 0
2021490868 39 1 6 1
2021496255 39 1 6 0
2021500416 39 1 6 1
2021506489 39 1 6 0
2021509903 39 1 6 1
2021515457 39 1 6 0
2021520199 39 1 6 1
2021525421 39 1 6 0
2021529831 39 1 6 1
2021535664 39 1 6 0
2021539825 39 1 6 1
2021544640 39 1 6 0
2021548888 39 1 6 1
2021555080 39 1 6 0
2021559882 39 1 6 1
2021566244 39 1 6 0
2021570654 39 1 6 1
2021578279 39 1 6 0
2021582689 39 1 6 1
2021588994 39 1 6 0
2021592740 39 1 6 1
2021599713 39 1 6 0
2021602878 39 1 6 1
2021608278 39 1 6 0
2021611462 39 1 6 1
2021616578 39 1 6 0
2021620178 39 1 6 1
2021627860 39 1 6 0
2021632270 39 1 6 1
2021638518 39 1 6 0
2021642845 39 1 6 1
2021649494 39 1 6 0
2021653874 39 1 6 1
2021659541 39 1 6 0
2021663514 39 1 6 1
2021669924 39 1 6 0
2021674421 39 1 6 1
2021680406 39 1 6 0
2021684484 39 1 6 1
2021690506 39 1 6 0
2021694391 39 1 6 1
2021700146 39 1 6 0
2021704058 39 1 6 1
2021707609 39 1 6 0
2023127232 44 1 2 1
2023131473 44 1 2 0
2023136512 44 1 2 1
2023140109 44 1 2 0
2023146496 44 1 2 1
2023150164 44 1 2 0
2023157555 44 1 2 1
2023160784 44 1 2 0
2023167760 44 1 2 1
2023170955 44 1 2 0
2023178337 44 1 2 1
2023181387 44 1 2 0
2023190298 44 1 2 1
2023193474 44 1 2 0
2023202750 44 1 2 1
2023205647 44 1 2 0
2023215249 44 1 2 1
2023218272 44 1 2 0
2023225554 44 1 2 1
2023228329 44 1 2 0
2023236362 44 1 2 1
2023239244 44 1 2 0
2023247294 44 1 2 1
2023250035 44 1 2 0
2023265445 44 1 2 1
2023268248 44 1 2 0
2023293391 44 1 2 1
2023295755 44 1 2 0
2025104829 33 1 5 1
2025110823 33 1 5 0
2025114530 33 1 5 1
2025120868 33 1 5 0
2025124603 33 1 5 1
2025130485 33 1 5 0
2025133899 33 1 5 1
2025141656 33 1 5 0
2025144738 33 1 5 1
2025151370 33 1 5 0
2025155282 33 1 5 1
2025160104 33 1 5 0
2025164016 33 1 5 1
2025169573 33 1 5 0
2025173485 33 1 5 1
2025179006 33 1 5 0
2025182503 33 1 5 1
2025188069 33 1 5 0
2025191740 33 1 5 1
2025197277 33 1 5 0
2025201245 33 1 5 1
2025206850 33 1 5 0
2025210267 33 1 5 1
2025217818 33 1 5 0
2025221149 33 1 5 1
2025228436 33 1 5 0
2025231352 33 1 5 1
2025240843 33 1 5 0
2025244008 33 1 5 1
2025251512 33 1 5 0
2025254677 33 1 5 1
2025262478 33 1 5 0
2025265726 33 1 5 1
2025272802 33 1 5 0
2025276216 33 1 5 1
2025283429 33 1 5 0
2025286780 33 1 5 1
2025293930 33 1 5 0
2025297261 33 1 5 1
2025304373 33 1 5 0
2025307808 33 1 5 1
2025314732 33 1 5 0
2025318229 33 1 5 1
2025324933 33 1 5 0
2025328597 33 1 5 1
2025334756 33 1 5 0
2025338340 33 1 5 1
2025345035 33 1 5 0
2025348584 33 1 5 1
2025354891 33 1 5 0
2025359299 33 1 5 1
2025365125 33 1 5 0
2025368709 33 1 5 1
2025374115 33 1 5 0
2025378035 33 1 5 1
2025383944 33 1 5 0
2025387884 33 1 5 1
2025392747 33 1 5 0
2025396857 33 1 5 1
2025401918 33 1 5 0
2025406028 33 1 5 1
2025411659 33 1 5 0
2025415603 33 1 5 1
2025420581 33 1 5 0
2025424438 33 1 5 1
2025429986 33 1 5 0
2025433847 33 1 5 1
2025439034 33 1 5 0
2025443255 33 1 5 1
2025448096 33 1 5 0
2025452481 33 1 5 1
2025457054 33 1 5 0
2025461961 33 1 5 1
2025466432 33 1 5 0
2025471048 33 1 5 1
2025475675 33 1 5 0
2025479991 33 1 5 1
2025484876 33 1 5 0
2025489153 33 1 5 1
2025493948 33 1 5 0
2025497936 33 1 5 1
2025504250 33 1 5 0
2025507930 33 1 5 1
2025513806 33 1 5 0
2025517397 33 1 5 1
2025518545 32 1 5 1
2025522937 33 1 5 0
2025526805 33 1 5 1
2025530963 33 1 5 0
2025535458 33 1 5 1
2025540113 33 1 5 0
2025545300 33 1 5 1
2025549931 33 1 5 0
2025554398 33 1 5 1
2025559082 33 1 5 0
2025563454 33 1 5 1
2025568149 33 1 5 0
2025572057 33 1 5 1
2025579124 33 1 5 0
2025582709 33 1 5 1
2025589278 33 1 5 0
2025592594 33 1 5 1
2025599956 33 1 5 0
2025603193 33 1 5 1
2025610664 33 1 5 0
2025613956 33 1 5 1
2025621454 33 1 5 0
2025624406 33 1 5 1
2025632982 33 1 5 0
2025636191 33 1 5 1
2025642570 33 1 5 0
2025646032 33 1 5 1
2025652069 33 1 5 0
2025655622 33 1 5 1
2025661850 33 1 5 0
2025665315 33 1 5 1
2025671996 33 1 5 0
2025675379 33 1 5 1
2025682354 33 1 5 0
2025685820 33 1 5 1
2025692588 33 1 5 0
2025696141 33 1 5 1
2025703190 33 1 5 0
2025706565 33 1 5 1
2025715310 33 1 5 0
2025718673 33 1 5 1
2025726400 33 1 5 0
2025729763 33 1 5 1
2025735912 33 1 5 0
2025739279 33 1 5 1
2025745858 33 1 5 0
2025749391 33 1 5 1
2025767170 33 1 5 0
2025771767 33 1 5 1
2025790977 33 1 5 0
2025795301 33 1 5 1
2025812351 1 0 1 1
2025814684 33 1 5 0
2025819179 33 1 5 1
2025840734 33 1 5 0
2025845149 33 1 5 1
2025865493 33 1 5 0
2025868358 33 1 5 1
2025878824 5 0 1 1
2025893372 33 1 5 0
2025896150 33 1 5 1
2025924113 33 1 5 0
2025926530 33 1 5 1
2025973873 33 1 5 0
2025976390 33 1 5 1
2026027805 33 1 5 0
2026030686 33 1 5 1
2026061171 32 1 5 0
2026063830 32 1 5 1
2026067010 33 1 5 0
2026069711 33 1 5 1
2026082528 32 1 5 0
2026083531 1 0 1 0
2026085440 32 1 5 1
2026093209 1 0 1 1
2026097886 32 1 5 0
2026099984 1 0 1 0
2026100632 32 1 5 1
2026103114 33 1 5 0
2026105888 1 0 1 1
2026106094 33 1 5 1
2026120524 32 1 5 0
2026122448 1 0 1 0
2026123531 32 1 5 1
2026130975 32 1 5 0
2026134152 32 1 5 1
2026138933 33 1 5 0
2026142130 32 1 5 0
2026142229 33 1 5 1
2026146350 32 1 5 1
2026151564 32 1 5 0
2026155492 32 1 5 1
2026159833 33 1 5 0
2026163162 32 1 5 0
2026164426 33 1 5 1
2026166671 32 1 5 1
2026171393 32 1 5 0
2026176155 32 1 5 1
2026182318 32 1 5 0
2026182927 33 1 5 0
2026185661 32 1 5 1
2026187453 33 1 5 1
2026189747 32 1 5 0
2026196106 32 1 5 1
2026200812 33 1 5 0
2026202747 32 1 5 0
2026204907 33 1 5 1
2026206758 32 1 5 1
2026210241 32 1 5 0
2026215999 32 1 5 1
2026219779 33 1 5 0
2026222903 32 1 5 0
2026224016 33 1 5 1
2026228408 32 1 5 1
2026231723 32 1 5 0
2026236145 32 1 5 1
2026238863 33 1 5 0
2026242175 5 0 1 0
2026242642 32 1 5 0
2026242914 33 1 5 1
2026247189 5 0 1 1
2026250551 32 1 5 1
2026255511 32 1 5 0
2026256729 33 1 5 0
2026259095 32 1 5 1
2026259365 5 0 1 0
2026260496 33 1 5 1
2026263260 32 1 5 0
2026265339 5 0 1 1
2026270393 32 1 5 1
2026274472 33 1 5 0
2026277165 32 1 5 0
2026277278 5 0 1 0
2026278017 33 1 5 1
2026282604 5 0 1 1
2026283919 32 1 5 1
2026289253 32 1 5 0
2026292495 33 1 5 0
2026292999 32 1 5 1
2026295301 5 0 1 0
2026295356 33 1 5 1
2026296488 32 1 5 0
2026299355 5 0 1 1
2026303254 32 1 5 1
2026307181 33 1 5 0
2026309793 32 1 5 0
2026309888 5 0 1 0
2026310457 33 1 5 1
2026314926 5 0 1 1
2026316879 32 1 5 1
2026323128 32 1 5 0
2026325596 33 1 5 0
2026327214 32 1 5 1
2026327769 33 1 5 1
2026328386 5 0 1 0
2026330282 32 1 5 0
2026331462 5 0 1 1
2026335534 32 1 5 1
2026341359 33 1 5 0
2026342831 32 1 5 0
2026343813 5 0 1 0
2026344295 33 1 5 1
2026350087 32 1 5 1
2026350189 5 0 1 1
2026357283 32 1 5 0
2026357594 33 1 5 0
2026359360 5 0 1 0
2026359933 33 1 5 1
2026364116 32 1 5 1
2026366396 5 0 1 1
2026371555 32 1 5 0
2026372688 33 1 5 0
2026374537 5 0 1 0
2026375027 33 1 5 1
2026376475 32 1 5 1
2026379541 32 1 5 0
2026379758 5 0 1 1
2026382793 32 1 5 1
2026384413 33 1 5 0
2026386859 5 0 1 0
2026388074 33 1 5 1
2026388382 32 1 5 0
2026392132 32 1 5 1
2026393400 5 0 1 1
2026393736 33 1 5 0
2026396012 5 0 1 0
2026397775 33 1 5 1
2026398162 32 1 5 0
2026402331 32 1 5 1
2026403482 5 0 1 1
2026403846 33 1 5 0
2026406122 5 0 1 0
2026407826 33 1 5 1
2026408405 32 1 5 0
2026412574 32 1 5 1
2026412790 5 0 1 1
2026413913 33 1 5 0
2026416704 5 0 1 0
2026418138 33 1 5 1
2026418315 32 1 5 0
2026422322 5 0 1 1
2026422484 32 1 5 1
2026424363 33 1 5 0
2026427145 5 0 1 0
2026428417 33 1 5 1
2026429583 32 1 5 0
2026432404 5 0 1 1
2026433783 32 1 5 1
2026436846 33 1 5 0
2026440644 5 0 1 0
2026440794 33 1 5 1
2026442000 32 1 5 0
2026444233 5 0 1 1
2026446169 32 1 5 1
2026449043 33 1 5 0
2026452679 5 0 1 0
2026453482 33 1 5 1
2026454942 32 1 5 0
2026457300 5 0 1 1
2026459045 32 1 5 1
2026462669 33 1 5 0
2026466143 5 0 1 0
2026466886 33 1 5 1
2026468375 32 1 5 0
2026470764 5 0 1 1
2026472710 32 1 5 1
2026475764 33 1 5 0
2026478941 5 0 1 0
2026479858 33 1 5 1
2026482400 32 1 5 0
2026483900 5 0 1 1
2026486984 32 1 5 1
2026487582 33 1 5 0
2026490419 5 0 1 0
2026491419 33 1 5 1
2026492672 32 1 5 0
2026495885 5 0 1 1
2026497509 32 1 5 1
2026500290 32 1 5 0
2026502255 33 1 5 0
2026504625 32 1 5 1
2026505175 5 0 1 0
2026505843 33 1 5 1
2026510435 32 1 5 0
2026510468 5 0 1 1
2026511354 33 1 5 0
2026513776 33 1 5 1
2026513863 5 0 1 0
2026517649 5 0 1 1
2026518102 32 1 5 1
2026522708 33 1 5 0
2026523405 32 1 5 0
2026524964 5 0 1 0
2026526798 33 1 5 1
2026527740 32 1 5 1
2026530562 32 1 5 0
2026534700 5 0 1 1
2026535743 32 1 5 1
2026538049 33 1 5 0
2026539886 5 0 1 0
2026541068 32 1 5 0
2026541969 33 1 5 1
2026549324 32 1 5 1
2026550745 5 0 1 1
2026554155 32 1 5 0
2026555530 33 1 5 0
2026556948 5 0 1 0
2026557992 32 1 5 1
2026558952 33 1 5 1
2026561208 32 1 5 0
2026567978 32 1 5 1
2026571771 33 1 5 0
2026572217 5 0 1 1
2026573047 5 0 1 0
2026573558 32 1 5 0
2026575027 33 1 5 1
2026576814 32 1 5 1
2026579941 33 1 5 0
2026586027 33 1 5 1
2026589399 33 1 5 0
2026596687 33 1 5 1
2026599568 33 1 5 0
2026604002 33 1 5 1
2026609451 33 1 5 0
2026612711 33 1 5 1
2026624423 33 1 5 0
2026627770 33 1 5 1
2026636791 5 0 1 1
2026639641 33 1 5 0
2026641992 5 0 1 0
2026642656 33 1 5 1
2026647558 5 0 1 1
2026654094 33 1 5 0
2026656611 5 0 1 0
2026657441 33 1 5 1
2026662178 5 0 1 1
2026667971 33 1 5 0
2026671099 5 0 1 0
2026672200 33 1 5 1
2026677274 5 0 1 1
2026682326 33 1 5 0
2026684646 5 0 1 0
2026686326 33 1 5 1
2026692377 33 1 5 0
2026692541 5 0 1 1
2026694558 5 0 1 0
2026705801 33 1 5 1
2026709187 33 1 5 0
2026716701 33 1 5 1
2026720029 33 1 5 0
2026726839 33 1 5 1
2026729786 33 1 5 0
2026736940 33 1 5 1
2026739737 33 1 5 0
2026746476 33 1 5 1
2026749703 33 1 5 0
2026754592 33 1 5 1
2026757891 33 1 5 0
2026762175 33 1 5 1
2026766404 33 1 5 0
2026771202 33 1 5 1
2026776808 33 1 5 0
2026781618 33 1 5 1
2026799908 33 1 5 0
2026804453 33 1 5 1
2026833206 5 0 1 1
2026844231 33 1 5 0
2026846062 5 0 1 0
2026851025 33 1 5 1
2026865840 5 0 1 1
2026890975 33 1 5 0
2026892824 5 0 1 0
2026897212 33 1 5 1
2026914468 5 0 1 1
2026957572 33 1 5 0
2026959413 5 0 1 0
2026966026 33 1 5 1
2026982935 5 0 1 1
2027016182 33 1 5 0
2027018355 5 0 1 0
2027023861 33 1 5 1
2027034597 5 0 1 1
2027050312 32 1 5 0
2027060669 33 1 5 0
2027062838 5 0 1 0
2027065257 33 1 5 1
2027073150 5 0 1 1
2027074702 32 1 5 1
2027085874 32 1 5 0
2027089790 32 1 5 1
2027110645 32 1 5 0
2027114225 32 1 5 1
2027122614 33 1 5 0
2027124779 5 0 1 0
2027127111 33 1 5 1
2027134777 5 0 1 1
2027152904 32 1 5 0
2027155575 32 1 5 1
2027164967 32 1 5 0
2027167468 32 1 5 1
2027175707 32 1 5 0
2027180540 32 1 5 1
2027185770 33 1 5 0
2027187935 5 0 1 0
2027190180 33 1 5 1
2027190405 32 1 5 0
2027195155 32 1 5 1
2027198107 5 0 1 1
2027198845 32 1 5 0
2027203263 32 1 5 1
2027210457 33 1 5 0
2027211828 32 1 5 0
2027212705 5 0 1 0
2027213539 33 1 5 1
2027219507 32 1 5 1
2027219627 5 0 1 1
2027225149 33 1 5 0
2027227314 5 0 1 0
2027227892 32 1 5 0
2027228797 33 1 5 1
2027233401 32 1 5 1
2027235352 5 0 1 1
2027236612 32 1 5 0
2027241287 32 1 5 1
2027243418 33 1 5 0
2027245583 5 0 1 0
2027247579 33 1 5 1
2027248979 32 1 5 0
2027254749 5 0 1 1
2027260025 32 1 5 1
2027263159 33 1 5 0
2027265407 5 0 1 0
2027266988 33 1 5 1
2027268333 32 1 5 0
2027273509 5 0 1 1
2027276344 32 1 5 1
2027280504 32 1 5 0
2027282642 33 1 5 0
2027284088 32 1 5 1
2027284724 5 0 1 0
2027286561 33 1 5 1
2027287975 32 1 5 0
2027293578 5 0 1 1
2027295555 32 1 5 1
2027301012 33 1 5 0
2027303177 5 0 1 0
2027305412 33 1 5 1
2027306184 32 1 5 0
2027310151 5 0 1 1
2027312013 32 1 5 1
2027317393 32 1 5 0
2027322925 33 1 5 0
2027323807 32 1 5 1
2027328513 32 1 5 0
2027336097 32 1 5 1
2027348015 32 1 5 0
2027355010 32 1 5 1
2027364707 32 1 5 0
2027372507 32 1 5 1
2027381762 32 1 5 0
2027384635 5 0 1 0
2027385635 33 1 5 1
2027385678 32 1 5 1
2027389114 32 1 5 0
2027393615 32 1 5 1
2027398638 33 1 5 0
2027402499 5 0 1 1
2027403231 33 1 5 1
2027403613 32 1 5 0
2027409146 32 1 5 1
2027413016 32 1 5 0
2027415778 32 1 5 1
2027423960 33 1 5 0
2027424077 32 1 5 0
2027427934 32 1 5 1
2027428876 33 1 5 1
2027432555 32 1 5 0
2027436748 32 1 5 1
2027450364 32 1 5 0
2027452727 33 1 5 0
2027454814 32 1 5 1
2027457885 33 1 5 1
2027459286 32 1 5 0
2027464714 32 1 5 1
2027465314 33 1 5 0
2027470519 33 1 5 1
2027470797 32 1 5 0
2027474642 32 1 5 1
2027475214 33 1 5 0
2027476727 5 0 1 0
2027480249 33 1 5 1
2027480556 32 1 5 0
2027484990 32 1 5 1
2027485352 33 1 5 0
2027485487 5 0 1 1
2027489391 5 0 1 0
2027490047 33 1 5 1
2027490155 32 1 5 0
2027492442 5 0 1 1
2027494717 33 1 5 0
2027500938 33 1 5 1
2027504968 33 1 5 0
2027511176 33 1 5 1
2027515526 33 1 5 0
2027520241 5 0 1 0
2027521220 33 1 5 1
2027525644 33 1 5 0
2027525819 5 0 1 1
2027529766 5 0 1 0
2027531804 33 1 5 1
2027533792 5 0 1 1
2027535124 33 1 5 0
2027541393 33 1 5 1
2027544397 33 1 5 0
2027550694 33 1 5 1
2027553848 33 1 5 0
2027558978 5 0 1 0
2027559308 33 1 5 1
2027565913 5 0 1 1
2027567310 33 1 5 0
2027574555 33 1 5 1
2027583070 33 1 5 0
2027591840 33 1 5 1
2027592786 5 0 1 0
2027598400 5 0 1 1
2027600552 33 1 5 0
2027604259 5 0 1 0
2027606774 33 1 5 1
2027611833 5 0 1 1
2027617287 33 1 5 0
2027620829 5 0 1 0
2027623506 33 1 5 1
2027626451 5 0 1 1
2027634150 33 1 5 0
2027640306 33 1 5 1
2027652713 33 1 5 0
2027662563 33 1 5 1
2027670577 33 1 5 0
2027673039 5 0 1 0
2027676609 33 1 5 1
2027677009 5 0 1 1
2027680623 33 1 5 0
2027687584 33 1 5 1
2027691718 33 1 5 0
2027698440 5 0 1 0
2027699865 33 1 5 1
2027703726 5 0 1 1
2027704349 33 1 5 0
2027710388 5 0 1 0
2027713985 33 1 5 1
2027718674 5 0 1 1
2027719926 33 1 5 0
2027724621 5 0 1 0
2027732740 33 1 5 1
2027736625 33 1 5 0
2027737307 5 0 1 1
2027740154 5 0 1 0
2027743566 33 1 5 1
2027747845 33 1 5 0
2027748704 5 0 1 1
2027749690 5 0 1 0
2027761280 5 0 1 1
2027767984 5 0 1 0
2027777140 5 0 1 1
2027783598 5 0 1 0
2027792507 5 0 1 1
2027804311 5 0 1 0
2027810681 5 0 1 1
2027821569 5 0 1 0
2027828959 5 0 1 1
2027841163 5 0 1 0
2027849051 5 0 1 1
2027859516 5 0 1 0
2027867370 5 0 1 1
2027876754 5 0 1 0
2027885226 5 0 1 1
2027897755 5 0 1 0
2027904991 5 0 1 1
2027911550 5 0 1 0
2027916534 5 0 1 1
2027921519 5 0 1 0
2028094822 33 1 5 1
2028122581 33 1 5 0
2028137466 33 1 5 1
2028142090 33 1 5 0
2028145844 33 1 5 1
2028158428 33 1 5 0
2028164593 33 1 5 1
2028170387 33 1 5 0
2028174679 33 1 5 1
2028180165 33 1 5 0
2028184579 33 1 5 1
2028188154 33 1 5 0
2028195935 33 1 5 1
2028199706 33 1 5 0
2028212283 33 1 5 1
2028215228 33 1 5 0
2028227531 33 1 5 1
2028230222 33 1 5 0
2028233269 32 1 5 1
2028276082 33 1 5 1
2028278604 33 1 5 0
2028306622 33 1 5 1
2028313381 33 1 5 0
2028466164 32 1 5 0
2028475594 32 1 5 1
2028481076 32 1 5 0
2028485329 32 1 5 1
2028489386 32 1 5 0
2028493730 32 1 5 1
2028498091 32 1 5 0
2028503487 32 1 5 1
2028509134 32 1 5 0
2028512869 32 1 5 1
2028519094 32 1 5 0
2028522402 32 1 5 1
2028529758 32 1 5 0
2028533999 32 1 5 1
2028538991 32 1 5 0
2028543466 32 1 5 1
2028548627 32 1 5 0
2028553022 32 1 5 1
2028558081 32 1 5 0
2028562413 32 1 5 1
2028567081 32 1 5 0
2028571247 32 1 5 1
2028576436 32 1 5 0
2028580827 32 1 5 1
2028585542 32 1 5 0
2028590036 32 1 5 1
2028594775 32 1 5 0
2028599016 32 1 5 1
2028604539 32 1 5 0
2028608328 32 1 5 1
2028613770 32 1 5 0
2028618173 32 1 5 1
2028623993 32 1 5 0
2028627736 32 1 5 1
2028633270 32 1 5 0
2028637009 32 1 5 1
2028642557 32 1 5 0
2028646122 32 1 5 1
2028648284 33 1 5 1
2028651986 32 1 5 0
2028655812 32 1 5 1
2028655896 33 1 5 0
2028660399 32 1 5 0
2028664316 32 1 5 1
2028669081 32 1 5 0
2028672386 32 1 5 1
2028673555 33 1 5 1
2028678232 32 1 5 0
2028681192 33 1 5 0
2028682200 32 1 5 1
2028687188 32 1 5 0
2028691322 32 1 5 1
2028696646 32 1 5 0
2028702761 32 1 5 1
2028706401 32 1 5 0
2028712383 32 1 5 1
2028716011 32 1 5 0
2028722070 32 1 5 1
2028725694 32 1 5 0
2028731931 32 1 5 1
2028735556 32 1 5 0
2028740782 32 1 5 1
2028746116 32 1 5 0
2028750188 32 1 5 1
2028756561 32 1 5 0
2028760538 32 1 5 1
2028765563 32 1 5 0
2028769701 32 1 5 1
2028774349 32 1 5 0
2028780179 32 1 5 1
2028785080 32 1 5 0
2028789649 32 1 5 1
2028793376 32 1 5 0
2028799222 32 1 5 1
2028802945 32 1 5 0
2028808854 32 1 5 1
2028812581 32 1 5 0
2028816723 32 1 5 1
2028820956 32 1 5 0
2028826865 32 1 5 1
2028831845 32 1 5 0
2028835983 32 1 5 1
2028839910 32 1 5 0
2028845499 32 1 5 1
2028850566 32 1 5 0
2028855633 32 1 5 1
2028859186 32 1 5 0
2028863581 32 1 5 1
2028867304 32 1 5 0
2029048526 32 1 5 1
2029166404 32 1 5 0
2029409705 9 0 1 1
2029434387 9 0 1 0
2029438216 9 0 1 1
2029456143 9 0 1 0
2029459723 9 0 1 1
2029478515 9 0 1 0
2029483921 9 0 1 1
2029489265 9 0 1 0
2029495029 9 0 1 1
2029499099 9 0 1 0
2029505111 9 0 1 1
2029509205 9 0 1 0
2029515299 9 0 1 1
2029518852 9 0 1 0
2029527602 9 0 1 1
2029530207 9 0 1 0
2029621928 40 1 3 1
2029630555 40 1 3 0
2029636977 40 1 3 1
2029641880 40 1 3 0
2029647068 40 1 3 1
2029652590 40 1 3 0
2029655520 40 1 3 1
2029661096 40 1 3 0
2029672876 40 1 3 1
2029680096 40 1 3 0
2029693342 40 1 3 1
2029696852 40 1 3 0
2029711092 40 1 3 1
2029715264 40 1 3 0
2029720469 40 1 3 1
2029724429 40 1 3 0
2029733672 40 1 3 1
2029737939 40 1 3 0
2029742959 40 1 3 1
2029746411 40 1 3 0
2029754406 40 1 3 1
2029758887 40 1 3 0
2029763467 40 1 3 1
2029767095 40 1 3 0
2029774015 40 1 3 1
2029778671 40 1 3 0
2029783081 40 1 3 1
2029786747 40 1 3 0
2029794489 40 1 3 1
2029799643 40 1 3 0
2029804878 40 1 3 1
2029808323 40 1 3 0
2029814333 40 1 3 1
2029819430 40 1 3 0
2029822868 40 1 3 1
2029826371 40 1 3 0
2029832908 40 1 3 1
2029838549 40 1 3 0
2029844559 40 1 3 1
2029848715 40 1 3 0
2029853226 40 1 3 1
2029857999 40 1 3 0
2029863836 40 1 3 1
2029867308 40 1 3 0
2029872888 40 1 3 1
2029877498 40 1 3 0
2029881742 40 1 3 1
2029885601 40 1 3 0
2029892557 40 1 3 1
2029897071 40 1 3 0
2029901406 40 1 3 1
2029906377 40 1 3 0
2029912982 40 1 3 1
2029916743 40 1 3 0
2029924388 40 1 3 1
2029928861 40 1 3 0
2029934878 40 1 3 1
2029938538 40 1 3 0
2029944387 40 1 3 1
2029948786 40 1 3 0
2029956426 40 1 3 1
2029959583 40 1 3 0
2029966805 40 1 3 1
2029970620 40 1 3 0
2029975785 40 1 3 1
2029979821 40 1 3 0
