2002815441 45 1 4 1
2002822691 45 1 4 0
2002826354 45 1 4 1
2002833572 45 1 4 0
2002836820 45 1 4 1
2002843868 45 1 4 0
2002847282 45 1 4 1
2002854085 45 1 4 0
2002857582 45 1 4 1
2002863638 45 1 4 0
2002866886 45 1 4 1
2002873108 45 1 4 0
2002876688 45 1 4 1
2002883072 45 1 4 0
2002886569 45 1 4 1
2002892791 45 1 4 0
2002896122 45 1 4 1
2002902344 45 1 4 0
2002905924 45 1 4 1
2002912316 45 1 4 0
2002915813 45 1 4 1
2002922201 45 1 4 0
2002925615 45 1 4 1
2002932165 45 1 4 0
2002935579 45 1 4 1
2002941771 45 1 4 0
2002946513 45 1 4 1
2002950660 45 1 4 0
2002955319 45 1 4 1
2002959545 45 1 4 0
2002963706 45 1 4 1
2002969098 45 1 4 0
2002973010 45 1 4 1
2002977821 45 1 4 0
2002982480 45 1 4 1
2002987038 45 1 4 0
2002992112 45 1 4 1
2002996674 45 1 4 0
2003001250 45 1 4 1
2003005646 45 1 4 0
2003010720 45 1 4 1
2003014614 45 1 4 0
2003020269 45 1 4 1
2003024250 45 1 4 0
2003030735 45 1 4 1
2003034716 45 1 4 0
2003038794 45 1 4 1
2003044269 45 1 4 0
2003048181 45 1 4 1
2003053569 45 1 4 0
2003059141 45 1 4 1
2003062790 45 1 4 0
2003069441 45 1 4 1
2003073007 45 1 4 0
2003079492 45 1 4 1
2003082975 45 1 4 0
2003089543 45 1 4 1
2003093039 45 1 4 0
2003099275 45 1 4 1
2003103007 45 1 4 0
2003109077 45 1 4 1
2003112975 45 1 4 0
2003119128 45 1 4 1
2003123026 45 1 4 0
2003129096 45 1 4 1
2003132911 45 1 4 0
2003138483 45 1 4 1
2003142460 45 1 4 0
2003147700 45 1 4 1
2003151598 45 1 4 0
2003156672 45 1 4 1
2003160819 45 1 4 0
2003166059 45 1 4 1
2003169870 45 1 4 0
2003175193 45 1 4 1
2003178178 45 1 4 0
2008791751 42 1 1 1
2008797950 42 1 1 0
2008801198 42 1 1 1
2008807507 42 1 1 0
2008810921 42 1 1 1
2008817651 42 1 1 0
2008821314 42 1 1 1
2008827528 42 1 1 0
2008831025 42 1 1 1
2008837123 42 1 1 0
2008840786 42 1 1 1
2008846784 42 1 1 0
2008850613 42 1 1 1
2008855835 42 1 1 0
2008859933 42 1 1 1
2008865332 42 1 1 0
2008869327 42 1 1 1
2008874742 42 1 1 0
2008878654 42 1 1 1
2008885855 42 1 1 0
2008889518 42 1 1 1
2008896738 42 1 1 0
2008900401 42 1 1 1
2008905408 42 1 1 0
2008910067 42 1 1 1
2008914552 42 1 1 0
2008919211 42 1 1 1
2008923862 42 1 1 0
2008928687 42 1 1 1
2008932997 42 1 1 0
2008937490 42 1 1 1
2008942101 42 1 1 0
2008946511 42 1 1 1
2008951493 42 1 1 0
2008954990 42 1 1 1
2008962534 42 1 1 0
2008966031 42 1 1 1
2008972177 42 1 1 0
2008975840 42 1 1 1
2008982873 42 1 1 0
2008986287 42 1 1 1
2008992701 42 1 1 0
2008996281 42 1 1 1
2009002876 42 1 1 0
2009006207 42 1 1 1
2009011932 42 1 1 0
2009015595 42 1 1 1
2009020711 42 1 1 0
2009024789 42 1 1 1
2009029777 42 1 1 0
2009034353 42 1 1 1
2009038717 42 1 1 0
2009043791 42 1 1 1
2009047855 42 1 1 0
2009052700 42 1 1 1
2009056775 42 1 1 0
2009062039 42 1 1 1
2009065932 42 1 1 0
2009071172 42 1 1 1
2009075041 42 1 1 0
2009081360 42 1 1 1
2009085002 42 1 1 0
2009092566 42 1 1 1
2009095637 42 1 1 0
2009103948 42 1 1 1
2009107045 42 1 1 0
2009117763 42 1 1 1
2009120658 42 1 1 0
2009132123 42 1 1 1
2009134955 42 1 1 0
2009146221 42 1 1 1
2009149389 42 1 1 0
2009160273 42 1 1 1
2009163360 42 1 1 0
2009172750 42 1 1 1
2009175769 42 1 1 0
2009184495 42 1 1 1
2009187633 42 1 1 0
2009195644 42 1 1 1
2009198916 42 1 1 0
2009207227 42 1 1 1
2009210286 42 1 1 0
2009212023 43 1 3 1
2009214579 43 1 3 0
2009217933 42 1 1 1
2009221660 42 1 1 0
2009227398 42 1 1 1
2009230045 43 1 3 1
2009231215 42 1 1 0
2009232666 43 1 3 0
2009236704 42 1 1 1
2009240511 42 1 1 0
2009244802 43 1 3 1
2009246166 42 1 1 1
2009247632 43 1 3 0
2009249811 42 1 1 0
2009255798 42 1 1 1
2009258710 43 1 3 1
2009259522 42 1 1 0
2009261645 43 1 3 0
2009265675 42 1 1 1
2009269233 42 1 1 0
2009271535 43 1 3 1
2009274495 43 1 3 0
2009275220 42 1 1 1
2009278861 42 1 1 0
2009283656 43 1 3 1
2009285429 42 1 1 1
2009286730 43 1 3 0
2009288987 42 1 1 0
2009295555 42 1 1 1
2009297721 43 1 3 1
2009299104 42 1 1 0
2009300643 43 1 3 0
2009303951 42 1 1 1
2009309702 42 1 1 0
2009311218 43 1 3 1
2009313678 42 1 1 1
2009314076 43 1 3 0
2009318540 42 1 1 0
2009322534 42 1 1 1
2009324434 43 1 3 1
2009326619 42 1 1 0
2009327342 43 1 3 0
2009330724 42 1 1 1
2009334004 42 1 1 0
2009337578 43 1 3 1
2009337861 42 1 1 1
2009340529 43 1 3 0
2009340866 42 1 1 0
2009343530 47 1 2 1
2009344915 42 1 1 1
2009347395 47 1 2 0
2009347930 42 1 1 0
2009350749 43 1 3 1
2009352841 47 1 2 1
2009353170 42 1 1 1
2009353712 43 1 3 0
2009356138 42 1 1 0
2009356547 47 1 2 0
2009360884 42 1 1 1
2009362019 47 1 2 1
2009363940 42 1 1 0
2009364366 43 1 3 1
2009366028 47 1 2 0
2009367227 43 1 3 0
2009369263 42 1 1 1
2009371771 47 1 2 1
2009374232 42 1 1 0
2009375777 47 1 2 0
2009377791 43 1 3 1
2009380037 42 1 1 1
2009380734 43 1 3 0
2009381440 47 1 2 1
2009383688 42 1 1 0
2009385425 47 1 2 0
2009389856 42 1 1 1
2009391105 47 1 2 1
2009391298 43 1 3 1
2009392998 42 1 1 0
2009394147 43 1 3 0
2009394759 47 1 2 0
2009398773 42 1 1 1
2009401506 47 1 2 1
2009403188 42 1 1 0
2009404628 43 1 3 1
2009404657 47 1 2 0
2009407586 43 1 3 0
2009409054 42 1 1 1
2009412283 42 1 1 0
2009412325 47 1 2 1
2009415564 47 1 2 0
2009415735 43 1 3 1
2009417975 42 1 1 1
2009418745 43 1 3 0
2009421121 42 1 1 0
2009423797 47 1 2 1
2009425234 43 1 3 1
2009426643 42 1 1 1
2009427019 47 1 2 0
2009429398 43 1 3 0
2009431659 42 1 1 0
2009433367 47 1 2 1
2009435223 43 1 3 1
2009436526 42 1 1 1
2009437198 47 1 2 0
2009438503 43 1 3 0
2009440522 42 1 1 0
2009443356 47 1 2 1
2009444344 42 1 1 1
2009446080 43 1 3 1
2009447092 47 1 2 0
2009448087 42 1 1 0
2009449321 43 1 3 0
2009451399 42 1 1 1
2009452579 47 1 2 1
2009454972 42 1 1 0
2009456324 47 1 2 0
2009458596 42 1 1 1
2009462327 47 1 2 1
2009462335 42 1 1 0
2009465465 42 1 1 1
2009465973 47 1 2 0
2009469421 42 1 1 0
2009472067 47 1 2 1
2009472683 44 1 2 1
2009472701 42 1 1 1
2009475369 47 1 2 0
2009476404 42 1 1 0
2009476476 44 1 2 0
2009480202 42 1 1 1
2009480273 43 1 3 1
2009481626 44 1 2 1
2009481709 47 1 2 1
2009482782 43 1 3 0
2009483621 42 1 1 0
2009484935 47 1 2 0
2009485517 44 1 2 0
2009488151 42 1 1 1
2009490841 44 1 2 1
2009491230 42 1 1 0
2009491282 47 1 2 1
2009495458 47 1 2 0
2009495508 44 1 2 0
2009496867 42 1 1 1
2009499895 44 1 2 1
2009499946 42 1 1 0
2009500583 47 1 2 1
2009503889 47 1 2 0
2009506104 44 1 2 0
2009506416 42 1 1 1
2009509241 42 1 1 0
2009509467 44 1 2 1
2009512430 47 1 2 1
2009515539 47 1 2 0
2009515718 42 1 1 1
2009516142 44 1 2 0
2009516424 43 1 3 1
2009518626 42 1 1 0
2009518917 43 1 3 0
2009519596 44 1 2 1
2009523539 47 1 2 1
2009525771 42 1 1 1
2009526350 44 1 2 0
2009526750 47 1 2 0
2009528596 42 1 1 0
2009529931 44 1 2 1
2009535620 47 1 2 1
2009536997 44 1 2 0
2009539009 47 1 2 0
2009541384 44 1 2 1
2009544074 47 1 2 1
2009546232 44 1 2 0
2009548087 47 1 2 0
2009549930 42 1 1 1
2009550793 44 1 2 1
2009552257 42 1 1 0
2009552929 47 1 2 1
2009555586 44 1 2 0
2009556753 47 1 2 0
2009559973 44 1 2 1
2009561480 47 1 2 1
2009564556 44 1 2 0
2009565362 47 1 2 0
2009568773 44 1 2 1
2009570653 47 1 2 1
2009574315 47 1 2 0
2009574401 44 1 2 0
2009578448 44 1 2 1
2009579527 47 1 2 1
2009583434 47 1 2 0
2009583909 44 1 2 0
2009587699 44 1 2 1
2009589857 47 1 2 1
2009593034 44 1 2 0
2009593296 47 1 2 0
2009596998 44 1 2 1
2009601581 47 1 2 1
2009602564 44 1 2 0
2009604128 47 1 2 0
2009606544 44 1 2 1
2009607871 44 1 2 0
2009614201 47 1 2 1
2009616901 47 1 2 0
2009640381 47 1 2 1
2009642839 47 1 2 0
2019859240 42 1 2 1
2019864392 42 1 2 0
2019868130 42 1 2 1
2019873846 42 1 2 0
2019877608 42 1 2 1
2019886382 42 1 2 0
2019889476 42 1 2 1
2019898416 42 1 2 0
2019901427 42 1 2 1
2019910790 42 1 2 0
2019913884 42 1 2 1
2019922409 42 1 2 0
2019925752 42 1 2 1
2019933190 42 1 2 0
2019937031 42 1 2 1
2019941469 42 1 2 0
2019949615 42 1 2 1
2019954896 42 1 2 0
2019959070 42 1 2 1
2019964517 42 1 2 0
2019968857 42 1 2 1
2019973873 42 1 2 0
2019978300 42 1 2 1
2019983407 42 1 2 0
2019987660 42 1 2 1
2019992680 42 1 2 0
2019996929 42 1 2 1
2020001903 42 1 2 0
2020006330 42 1 2 1
2020011093 42 1 2 0
2020015516 42 1 2 1
2020020362 42 1 2 0
2020024785 42 1 2 1
2020029714 42 1 2 0
2020034299 42 1 2 1
2020039216 42 1 2 0
2020043635 42 1 2 1
2020048703 42 1 2 0
2020053380 42 1 2 1
2020057804 42 1 2 0
2020063160 42 1 2 1
2020068297 42 1 2 0
2020072572 42 1 2 1
2020077452 42 1 2 0
2020081823 42 1 2 1
2020085994 42 1 2 0
2020090617 42 1 2 1
2020094766 42 1 2 0
2020099481 42 1 2 1
2020103845 42 1 2 0
2020108611 42 1 2 1
2020113390 42 1 2 0
2020118140 42 1 2 1
2020123260 42 1 2 0
2020127034 42 1 2 1
2020132090 42 1 2 0
2020135923 42 1 2 1
2020141505 42 1 2 0
2020145421 42 1 2 1
2020150253 42 1 2 0
2020154339 42 1 2 1
2020159754 42 1 2 0
2020164006 42 1 2 1
2020168501 42 1 2 0
2020172500 42 1 2 1
2020177165 42 1 2 0
2020181745 42 1 2 1
2020185916 42 1 2 0
2020190552 42 1 2 1
2020194995 42 1 2 0
2020199762 42 1 2 1
2020204025 42 1 2 0
2020209249 42 1 2 1
2020212912 42 1 2 0
2020218392 42 1 2 1
2020221897 42 1 2 0
2020229014 42 1 2 1
2020232908 42 1 2 0
2020238513 42 1 2 1
2020242213 42 1 2 0
2020248042 42 1 2 1
2020251485 42 1 2 0
2020257711 42 1 2 1
2020261589 42 1 2 0
2020268651 42 1 2 1
2020272318 42 1 2 0
2020278851 42 1 2 1
2020282073 42 1 2 0
2020288641 42 1 2 1
2020291837 42 1 2 0
2020298077 42 1 2 1
2020301170 42 1 2 0
2020305999 42 1 2 1
2020310581 42 1 2 0
2020315229 42 1 2 1
2020320114 42 1 2 0
2020324750 42 1 2 1
2020329173 42 1 2 0
2020336023 42 1 2 1
2020338774 42 1 2 0
2020343647 42 1 2 1
2020346654 42 1 2 0
2020355809 42 1 2 1
2020360312 42 1 2 0
2020365133 42 1 2 1
2020367321 42 1 2 0
2027653394 40 1 2 1
2027670816 40 1 2 0
2027672071 43 1 2 1
2027673653 40 1 2 1
2027682232 43 1 2 0
2027684320 40 1 2 0
2027685244 43 1 2 1
2027687244 40 1 2 1
2027693961 43 1 2 0
2027696164 40 1 2 0
2027697672 43 1 2 1
2027699420 40 1 2 1
2027704949 43 1 2 0
2027706423 40 1 2 0
2027709166 43 1 2 1
2027709679 40 1 2 1
2027715170 43 1 2 0
2027716105 40 1 2 0
2027719780 40 1 2 1
2027720743 43 1 2 1
2027724889 43 1 2 0
2027725428 40 1 2 0
2027729265 40 1 2 1
2027729454 43 1 2 1
2027734355 43 1 2 0
2027734711 40 1 2 0
2027738635 40 1 2 1
2027738659 43 1 2 1
2027743568 43 1 2 0
2027743638 40 1 2 0
2027747479 40 1 2 1
2027748046 43 1 2 1
2027752781 43 1 2 0
2027753150 40 1 2 0
2027757089 43 1 2 1
2027757236 40 1 2 1
2027762259 43 1 2 0
2027763073 40 1 2 0
2027766144 43 1 2 1
2027766823 40 1 2 1
2027771828 43 1 2 0
2027772660 40 1 2 0
2027775966 43 1 2 1
2027776327 40 1 2 1
2027781045 43 1 2 0
2027782081 40 1 2 0
2027785527 43 1 2 1
2027786254 40 1 2 1
2027791033 43 1 2 0
2027792253 40 1 2 0
2027795005 43 1 2 1
2027795679 40 1 2 1
2027801009 43 1 2 0
2027802433 40 1 2 0
2027804815 43 1 2 1
2027805847 40 1 2 1
2027811167 43 1 2 0
2027812186 40 1 2 0
2027815060 43 1 2 1
2027815687 40 1 2 1
2027821246 43 1 2 0
2027822022 40 1 2 0
2027825135 43 1 2 1
2027825606 40 1 2 1
2027831400 43 1 2 0
2027832356 40 1 2 0
2027835376 43 1 2 1
2027835857 40 1 2 1
2027841384 43 1 2 0
2027842188 40 1 2 0
2027845186 43 1 2 1
2027845776 40 1 2 1
2027851281 43 1 2 0
2027852198 40 1 2 0
2027855336 43 1 2 1
2027855695 40 1 2 1
2027861237 43 1 2 0
2027861528 40 1 2 0
2027865102 43 1 2 1
2027865195 40 1 2 1
2027870651 43 1 2 0
2027871364 40 1 2 0
2027874516 43 1 2 1
2027875276 40 1 2 1
2027880132 43 1 2 0
2027881283 40 1 2 0
2027884147 43 1 2 1
2027885195 40 1 2 1
2027890210 43 1 2 0
2027891945 40 1 2 0
2027893810 43 1 2 1
2027895280 40 1 2 1
2027900390 43 1 2 0
2027901528 40 1 2 0
2027904385 43 1 2 1
2027904863 40 1 2 1
2027911712 43 1 2 0
2027911862 40 1 2 0
2027915197 40 1 2 1
2027915375 43 1 2 1
2027921038 43 1 2 0
2027921366 40 1 2 0
2027925286 40 1 2 1
2027930863 43 1 2 1
2027930949 43 1 2 0
2027931201 43 1 2 1
2027932164 40 1 2 0
2027935026 43 1 2 0
2027936080 40 1 2 1
2027941610 43 1 2 1
2027942419 40 1 2 0
2027945518 43 1 2 0
2027946169 40 1 2 1
2027951766 43 1 2 1
2027952587 40 1 2 0
2027956420 40 1 2 1
2027957255 43 1 2 0
2027962092 43 1 2 1
2027962506 40 1 2 0
2027966339 40 1 2 1
2027967166 43 1 2 0
2027972006 40 1 2 0
2027972331 43 1 2 1
2027975677 40 1 2 1
2027977077 43 1 2 0
2027980763 40 1 2 0
2027981495 43 1 2 1
2027984347 40 1 2 1
2027985901 43 1 2 0
2027989848 40 1 2 0
2027992145 43 1 2 1
2027993515 40 1 2 1
2027997646 43 1 2 0
2027999020 40 1 2 0
2028001641 43 1 2 1
2028002521 40 1 2 1
2028007889 43 1 2 0
2028008495 40 1 2 0
2028011981 40 1 2 1
2028012046 43 1 2 1
2028017958 43 1 2 0
2028018368 40 1 2 0
2028021953 43 1 2 1
2028022190 40 1 2 1
2028028284 43 1 2 0
2028028728 40 1 2 0
2028032275 43 1 2 1
2028032412 40 1 2 1
2028038191 43 1 2 0
2028038399 40 1 2 0
2028041993 40 1 2 1
2028042186 43 1 2 1
2028048434 43 1 2 0
2028048620 40 1 2 0
2028052041 43 1 2 1
2028052134 40 1 2 1
2028058367 43 1 2 0
2028058807 40 1 2 0
2028062123 43 1 2 1
2028062195 40 1 2 1
2028068934 43 1 2 0
2028069129 40 1 2 0
2028072454 43 1 2 1
2028072623 40 1 2 1
2028079252 40 1 2 0
2028079620 43 1 2 0
2028082588 40 1 2 1
2028083050 43 1 2 1
2028090052 43 1 2 0
2028090152 40 1 2 0
2028093409 43 1 2 1
2028093469 40 1 2 1
2028100256 43 1 2 0
2028100436 40 1 2 0
2028103603 43 1 2 1
2028103942 40 1 2 1
2028110230 43 1 2 0
2028110677 40 1 2 0
2028113814 43 1 2 1
2028113851 40 1 2 1
2028120498 40 1 2 0
2028121058 43 1 2 0
2028124240 40 1 2 1
2028124658 43 1 2 1
2028131004 40 1 2 0
2028131139 43 1 2 0
2028134286 40 1 2 1
2028134383 43 1 2 1
2028141959 43 1 2 0
2028141990 40 1 2 0
2028145231 40 1 2 1
2028145369 43 1 2 1
2028152379 40 1 2 0
2028152447 43 1 2 0
2028156067 40 1 2 1
2028156276 43 1 2 1
2028162052 40 1 2 0
2028162198 43 1 2 0
2028165732 40 1 2 1
2028165940 43 1 2 1
2028171529 40 1 2 0
2028171607 43 1 2 0
2028175193 40 1 2 1
2028175602 43 1 2 1
2028181763 43 1 2 0
2028181777 40 1 2 0
2028185999 40 1 2 1
2028186315 43 1 2 1
2028191838 40 1 2 0
2028192160 43 1 2 0
2028195700 40 1 2 1
2028196009 43 1 2 1
2028201512 43 1 2 0
2028201589 40 1 2 0
2028205065 40 1 2 1
2028205300 43 1 2 1
2028211651 43 1 2 0
2028211856 40 1 2 0
2028215417 43 1 2 1
2028215603 40 1 2 1
2028220525 40 1 2 0
2028221387 43 1 2 0
2028224839 40 1 2 1
2028224862 43 1 2 1
2028229917 40 1 2 0
2028230408 43 1 2 0
2028233937 43 1 2 1
2028234296 40 1 2 1
2028239323 40 1 2 0
2028240220 43 1 2 0
2028243533 40 1 2 1
2028243796 43 1 2 1
2028248878 40 1 2 0
2028250242 43 1 2 0
2028253175 40 1 2 1
2028253822 43 1 2 1
2028258160 40 1 2 0
2028260098 43 1 2 0
2028262544 40 1 2 1
2028263852 43 1 2 1
2028268072 40 1 2 0
2028270037 43 1 2 0
2028272345 40 1 2 1
2028273625 43 1 2 1
2028277030 40 1 2 0
2028280561 43 1 2 0
2028281248 40 1 2 1
2028283999 43 1 2 1
2028286479 40 1 2 0
2028290263 43 1 2 0
2028290571 40 1 2 1
2028293800 43 1 2 1
2028295620 40 1 2 0
2028299713 40 1 2 1
2028300819 43 1 2 0
2028304439 43 1 2 1
2028304927 40 1 2 0
2028309046 40 1 2 1
2028311126 43 1 2 0
2028314323 40 1 2 0
2028314734 43 1 2 1
2028318292 40 1 2 1
2028321856 43 1 2 0
2028323101 40 1 2 0
2028325523 43 1 2 1
2028327327 40 1 2 1
2028332815 40 1 2 0
2028332969 43 1 2 0
2028333973 42 1 2 1
2028336707 43 1 2 1
2028341849 42 1 2 0
2028343020 43 1 2 0
2028344694 42 1 2 1
2028346538 43 1 2 1
2028352626 43 1 2 0
2028356053 43 1 2 1
2028358296 42 1 2 0
2028361054 42 1 2 1
2028362311 43 1 2 0
2028366509 43 1 2 1
2028367044 40 1 2 1
2028370715 43 1 2 0
2028371148 42 1 2 0
2028373989 42 1 2 1
2028376793 43 1 2 1
2028380116 43 1 2 0
2028384480 42 1 2 0
2028385716 43 1 2 1
2028387321 42 1 2 1
2028389731 43 1 2 0
2028393999 43 1 2 1
2028394786 40 1 2 0
2028396523 42 1 2 0
2028401356 40 1 2 1
2028401388 42 1 2 1
2028406883 43 1 2 0
2028408252 40 1 2 0
2028409608 42 1 2 0
2028410044 43 1 2 1
2028412959 42 1 2 1
2028418199 43 1 2 0
2028421634 43 1 2 1
2028423114 42 1 2 0
2028426805 42 1 2 1
2028426986 40 1 2 1
2028428693 40 1 2 0
2028429517 43 1 2 0
2028433406 43 1 2 1
2028436415 42 1 2 0
2028439090 42 1 2 1
2028442309 43 1 2 0
2028446254 43 1 2 1
2028448017 40 1 2 1
2028450125 40 1 2 0
2028450953 42 1 2 0
2028452231 43 1 2 0
2028453628 42 1 2 1
2028456100 43 1 2 1
2028459689 40 1 2 1
2028461781 40 1 2 0
2028463101 43 1 2 0
2028464691 42 1 2 0
2028467192 42 1 2 1
2028467231 43 1 2 1
2028474825 43 1 2 0
2028478592 43 1 2 1
2028479856 42 1 2 0
2028481322 40 1 2 1
2028483464 42 1 2 1
2028485425 40 1 2 0
2028485692 43 1 2 0
2028490110 43 1 2 1
2028495695 42 1 2 0
2028498370 42 1 2 1
2028498673 43 1 2 0
2028502875 43 1 2 1
2028510498 42 1 2 0
2028511806 43 1 2 0
2028513169 42 1 2 1
2028515672 43 1 2 1
2028523654 43 1 2 0
2028525309 42 1 2 0
2028527512 43 1 2 1
2028527814 42 1 2 1
2028534847 40 1 2 1
2028536407 43 1 2 0
2028538766 40 1 2 0
2028539383 42 1 2 0
2028540719 43 1 2 1
2028542145 42 1 2 1
2028549724 43 1 2 0
2028550130 40 1 2 1
2028551337 40 1 2 0
2028552006 42 1 2 0
2028554112 43 1 2 1
2028554424 42 1 2 1
2028562062 43 1 2 0
2028562732 42 1 2 0
2028565324 42 1 2 1
2028566359 43 1 2 1
2028574610 43 1 2 0
2028574894 42 1 2 0
2028577569 42 1 2 1
2028578824 43 1 2 1
2028586786 43 1 2 0
2028586961 42 1 2 0
2028589636 42 1 2 1
2028590814 43 1 2 1
2028598515 43 1 2 0
2028599026 42 1 2 0
2028601780 42 1 2 1
2028602543 43 1 2 1
2028609482 42 1 2 0
2028609733 43 1 2 0
2028612240 42 1 2 1
2028614101 43 1 2 1
2028621731 43 1 2 0
2028622971 42 1 2 0
2028626016 43 1 2 1
2028626190 42 1 2 1
2028632288 43 1 2 0
2028636154 43 1 2 1
2028637526 42 1 2 0
2028640885 42 1 2 1
2028643713 43 1 2 0
2028647583 43 1 2 1
2028651324 42 1 2 0
2028654011 42 1 2 1
2028655059 43 1 2 0
2028658506 43 1 2 1
2028663288 42 1 2 0
2028665971 42 1 2 1
2028666429 43 1 2 0
2028670311 43 1 2 1
2028673420 42 1 2 0
2028676522 42 1 2 1
2028679290 43 1 2 0
2028682998 43 1 2 1
2028684221 42 1 2 0
2028688339 42 1 2 1
2028692934 43 1 2 0
2028695518 42 1 2 0
2028698125 43 1 2 1
2028699043 42 1 2 1
2028706103 42 1 2 0
2028707654 43 1 2 0
2028710225 42 1 2 1
2028712343 43 1 2 1
2028717027 42 1 2 0
2028720318 43 1 2 0
2028720639 42 1 2 1
2028725181 43 1 2 1
2028726998 42 1 2 0
2028731124 42 1 2 1
2028733512 43 1 2 0
2028737944 43 1 2 1
2028738093 42 1 2 0
2028743148 42 1 2 1
2028745757 43 1 2 0
2028748825 42 1 2 0
2028750454 43 1 2 1
2028752520 42 1 2 1
2028756911 42 1 2 0
2028757923 43 1 2 0
2028760780 42 1 2 1
2028761920 43 1 2 1
2028765764 42 1 2 0
2028769771 43 1 2 0
2028771608 42 1 2 1
2028774709 43 1 2 1
2028778128 42 1 2 0
2028782683 43 1 2 0
2028785362 42 1 2 1
2028786777 43 1 2 1
2028790500 42 1 2 0
2028795893 43 1 2 0
2028797928 42 1 2 1
2028800232 43 1 2 1
2028803477 42 1 2 0
2028808724 43 1 2 0
2028810762 42 1 2 1
2028812814 43 1 2 1
2028816458 42 1 2 0
2028821527 43 1 2 0
2028823758 42 1 2 1
2028825447 43 1 2 1
2028830475 42 1 2 0
2028834806 43 1 2 0
2028835850 42 1 2 1
2028838979 43 1 2 1
2028843800 42 1 2 0
2028848513 43 1 2 0
2028849879 42 1 2 1
2028852603 43 1 2 1
2028857793 42 1 2 0
2028862605 43 1 2 0
2028864010 42 1 2 1
2028866948 43 1 2 1
2028871858 42 1 2 0
2028877896 43 1 2 0
2028878043 42 1 2 1
2028882492 43 1 2 1
2028885919 42 1 2 0
2028892452 42 1 2 1
2028893612 43 1 2 0
2028898121 43 1 2 1
2028900336 42 1 2 0
2028906786 42 1 2 1
2028908427 43 1 2 0
2028912746 43 1 2 1
2028915063 42 1 2 0
2028921123 42 1 2 1
2028923207 43 1 2 0
2028926862 43 1 2 1
2028929891 42 1 2 0
2028934993 42 1 2 1
2028937572 43 1 2 0
2028941393 43 1 2 1
2028943626 42 1 2 0
2028948070 42 1 2 1
2028956550 43 1 2 0
2028959043 43 1 2 1
2028959210 42 1 2 0
2028962972 42 1 2 1
2028973206 42 1 2 0
2028975065 43 1 2 0
2028976047 42 1 2 1
2028978305 43 1 2 1
2028986188 42 1 2 0
2028988859 42 1 2 1
2028989098 43 1 2 0
2028993749 43 1 2 1
2028996753 42 1 2 0
2029000979 42 1 2 1
2029001056 43 1 2 0
2029007699 43 1 2 1
2029008687 42 1 2 0
2029013254 42 1 2 1
2029014093 43 1 2 0
2029020736 43 1 2 1
2029020912 42 1 2 0
2029025961 42 1 2 1
2029027296 43 1 2 0
2029032030 43 1 2 1
2029034328 42 1 2 0
2029039586 43 1 2 0
2029039679 42 1 2 1
2029044652 43 1 2 1
2029047040 42 1 2 0
2029051466 42 1 2 1
2029051793 43 1 2 0
2029056693 43 1 2 1
2029058969 42 1 2 0
2029064291 42 1 2 1
2029064664 43 1 2 0
2029070643 43 1 2 1
2029071352 42 1 2 0
2029078697 43 1 2 0
2029082280 42 1 2 1
2029083342 42 1 2 0
2029084095 43 1 2 1
2029088847 42 1 2 1
2029090550 43 1 2 0
2029094484 42 1 2 0
2029095054 43 1 2 1
2029103265 43 1 2 0
2029108568 43 1 2 1
2029117413 43 1 2 0
2029122926 43 1 2 1
2029131550 43 1 2 0
2029137313 43 1 2 1
2029145925 43 1 2 0
2029151458 43 1 2 1
2029160780 43 1 2 0
2029166275 43 1 2 1
2029174542 43 1 2 0
2029178802 43 1 2 1
2029189839 43 1 2 0
2029194629 43 1 2 1
2029204643 43 1 2 0
2029209164 43 1 2 1
2029219290 43 1 2 0
2029223918 43 1 2 1
2029235219 43 1 2 0
2029239875 43 1 2 1
2029248304 43 1 2 0
2029252319 43 1 2 1
2029257740 43 1 2 0
2029261506 43 1 2 1
2029269020 43 1 2 0
2029276047 43 1 2 1
2029279668 43 1 2 0
2029292711 43 1 2 1
2029297380 43 1 2 0
2029303134 43 1 2 1
2029312604 43 1 2 0
2029317785 43 1 2 1
2029324433 43 1 2 0
2029329614 43 1 2 1
2029336871 43 1 2 0
2029341799 43 1 2 1
2029349534 43 1 2 0
2029354790 43 1 2 1
2029360608 43 1 2 0
2029365196 43 1 2 1
2029369689 43 1 2 0
2029375160 43 1 2 1
2029380711 43 1 2 0
2029386774 43 1 2 1
2029391820 43 1 2 0
2029397148 43 1 2 1
2029403581 43 1 2 0
2029408759 43 1 2 1
2029414738 43 1 2 0
2029419575 43 1 2 1
2029423222 43 1 2 0
2029427709 43 1 2 1
2029433133 43 1 2 0
2029437883 43 1 2 1
2029443807 43 1 2 0
2029449153 43 1 2 1
2029454311 43 1 2 0
2029460149 43 1 2 1
2029464740 43 1 2 0
2029470249 43 1 2 1
2029475894 43 1 2 0
2029481233 43 1 2 1
2029486267 43 1 2 0
2029491519 43 1 2 1
2029497540 43 1 2 0
2029503314 43 1 2 1
2029506963 43 1 2 0
2029512046 43 1 2 1
2029515763 43 1 2 0
2029520656 43 1 2 1
2029525656 43 1 2 0
2029530964 43 1 2 1
2029535070 43 1 2 0
2029539741 43 1 2 1
2029543455 43 1 2 0
2029548877 43 1 2 1
2029552176 43 1 2 0
2029557096 43 1 2 1
2029560532 43 1 2 0
2029567492 43 1 2 1
2029572061 43 1 2 0
2029578175 43 1 2 1
2029580914 43 1 2 0
2029586676 43 1 2 1
2029588905 43 1 2 0
2029594414 43 1 2 1
2029596817 43 1 2 0
2029600517 34 1 8 1
2029603018 43 1 2 1
2029606231 43 1 2 0
2029610606 43 1 2 1
2029614088 43 1 2 0
2029620823 43 1 2 1
2029623617 43 1 2 0
2029627486 43 1 2 1
2029630905 43 1 2 0
2029635944 43 1 2 1
2029639023 43 1 2 0
2029643896 43 1 2 1
2029647481 43 1 2 0
2029652615 43 1 2 1
2029655449 43 1 2 0
2029661176 43 1 2 1
2029663741 43 1 2 0
2029669128 43 1 2 1
2029672128 43 1 2 0
2029678879 43 1 2 1
2029679396 43 1 2 0
2029687084 43 1 2 1
2029689147 43 1 2 0
2029696313 43 1 2 1
2029698554 43 1 2 0
2029704439 43 1 2 1
2029706846 43 1 2 0
2029712067 43 1 2 1
2029713703 43 1 2 0
2029718750 43 1 2 1
2029720386 43 1 2 0
2029723749 43 1 2 1
2029727698 43 1 2 0
2029736370 43 1 2 1
2029738872 43 1 2 0
2029744658 43 1 2 1
2029746298 43 1 2 0
2029752843 43 1 2 1
2029755001 43 1 2 0
2029760455 43 1 2 1
2029763040 43 1 2 0
2029769004 43 1 2 1
2029769351 43 1 2 0
2029774726 43 1 2 1
2029778679 43 1 2 0
2029786303 43 1 2 1
2029788713 43 1 2 0
2029793945 43 1 2 1
2029795193 43 1 2 0
2029799761 43 1 2 1
2029803665 43 1 2 0
2029809146 43 1 2 1
2029811473 43 1 2 0
2029846834 43 1 2 1
2029848912 43 1 2 0
2030053762 34 1 8 0
2030457432 34 1 8 1
2030632563 34 1 8 0
