2133 
12 20 3 100 2090 2.000025862
10 31 3 100 46303 2.000050550
15 31 3 100 3936 2.000076758
14 31 3 100 9278 2.000109178
5 9 3 100 5567 2.000126602
5 18 3 100 1774036 2.000145013
18 28 3 100 24939 2.000151615
19 15 3 100 296492 2.000165754
23 0 3 100 12578 2.000175026
8 20 3 100 87815 2.000183721
9 19 3 100 9522 2.000207220
29 4 3 100 24610402 2.000223527
27 7 3 100 1527025 2.000227296
12 1 3 100 5753426 2.000239755
15 18 3 100 2243365 2.000247974
7 11 3 100 9493054 2.000263422
5 18 3 100 46285 2.000299168
20 29 3 100 31016 2.000303265
7 9 3 100 8342038 2.000314996
28 18 3 100 1212 2.000318703
4 26 3 100 2467 2.000332996
9 2 3 100 52153 2.000334122
21 31 3 100 41624 2.000334406
20 8 3 100 25240 2.000342094
25 30 3 100 4735341 2.000359430
27 8 3 100 25335 2.000386536
20 6 3 100 27789 2.000401081
26 7 3 100 142282 2.000401832
3 19 3 100 5915248 2.000404391
3 7 3 100 61284 2.000415211
4 14 3 100 13450 2.000415414
5 4 3 100 6891178 2.000424663
12 11 3 100 74003 2.000446745
31 14 3 100 2672942 2.000454618
3 9 3 100 1413635 2.000463484
5 25 3 100 23949 2.000485955
10 29 3 100 63868 2.000537279
17 7 3 100 35538 2.000549956
11 0 3 100 1853061 2.000558925
4 16 3 100 4654338 2.000560916
9 27 3 100 77238 2.000566099
31 24 3 100 1665 2.000591268
14 3 3 100 23245 2.000593714
16 11 3 100 356835 2.000600325
28 27 3 100 76022 2.000608824
11 0 3 100 17955911 2.000614592
6 13 3 100 8435105 2.000629878
18 19 3 100 9412 2.000635674
31 7 3 100 51268 2.000635886
14 25 3 100 6582 2.000667298
20 11 3 100 54485 2.000686158
25 28 3 100 54480 2.000693834
2 1 3 100 1533308 2.000715363
22 0 3 100 63327 2.000717199
20 4 3 100 1617694 2.000727994
21 13 3 100 3492671 2.000740862
8 23 3 100 27815 2.000755845
27 13 3 100 70453 2.000821929
10 20 3 100 75802 2.000837931
8 14 3 100 1361973 2.000845043
8 29 3 100 8906 2.000859792
4 16 3 100 33794 2.000864304
30 23 3 100 49173 2.000901603
17 4 3 100 7513052 2.000946017
24 27 3 100 150845 2.000956267
5 17 3 100 5122 2.000962256
12 31 3 100 981643 2.001011742
15 29 3 100 74037 2.001029715
10 14 3 100 76228 2.001067988
19 27 3 100 9498402 2.001074326
3 13 3 100 25493 2.001091263
26 14 3 100 40523 2.001102914
12 11 3 100 139923 2.001106931
1 13 3 100 7153195 2.001113620
19 3 3 100 1598864 2.001129416
4 27 3 100 2804605 2.001142990
0 31 3 100 20080 2.001146943
14 23 3 100 159540 2.001156204
9 16 3 100 65105 2.001182126
21 20 3 100 11813 2.001183046
23 5 3 100 62783 2.001186736
10 12 3 100 146641 2.001217942
11 20 3 100 49960 2.001249611
22 12 3 100 24356 2.001262206
9 1 3 100 2886020 2.001282512
14 18 3 100 745582 2.001305118
7 30 3 100 270967 2.001311760
13 21 3 100 1543117 2.001331826
12 5 3 100 16627 2.001332066
26 29 3 100 23162 2.001399610
28 0 3 100 76680 2.001440355
11 28 3 100 783342 2.001468357
27 28 3 100 61103 2.001474253
31 4 3 100 464530 2.001476941
8 6 3 100 20586 2.001524679
14 21 3 100 7529500 2.001527395
31 17 3 100 3502490 2.001547811
13 19 3 100 2622107 2.001557917
11 1 3 100 7572380 2.001582857
27 5 3 100 4090244 2.001610274
11 6 3 100 320354 2.001629785
26 11 3 100 24467 2.001630763
19 3 3 100 1155900 2.001643679
20 9 3 100 77381 2.001650289
8 25 3 100 24273 2.001659494
4 17 3 100 4979 2.001670616
19 10 3 100 71069 2.001675559
20 8 3 100 47451 2.001682275
24 27 3 100 1096 2.001696712
0 6 3 100 51652 2.001706227
26 1 3 100 3010 2.001745298
25 19 3 100 3058852 2.001746488
10 14 3 100 4989143 2.001786995
7 30 3 100 79209 2.001806933
16 21 3 100 650570 2.001810330
28 0 3 100 5640 2.001818384
25 6 3 100 175520 2.001825579
15 8 3 100 161919 2.001827414
19 8 3 100 404609 2.001835014
24 10 3 100 1086746 2.001899052
25 31 3 100 45572 2.001941243
23 26 3 100 3911 2.001942193
17 14 3 100 27483 2.002006852
26 12 3 100 21353 2.002011882
9 28 3 100 479715 2.002016488
28 1 3 100 3724623 2.002026557
17 11 3 100 23495 2.002055529
20 23 3 100 67316 2.002056338
27 8 3 100 8791292 2.002064893
11 3 3 100 14280 2.002092382
22 21 3 100 20854509 2.002121141
17 1 3 100 4633 2.002123923
28 10 3 100 3070 2.002133259
28 11 3 100 31749 2.002134955
10 31 3 100 522799 2.002135644
21 9 3 100 21182 2.002152772
5 31 3 100 15620 2.002168721
11 6 3 100 2714016 2.002183639
18 31 3 100 195571 2.002206204
3 25 3 100 21942 2.002210697
30 23 3 100 1425644 2.002235988
4 12 3 100 1657971 2.002237739
16 0 3 100 20070 2.002249433
20 30 3 100 38366 2.002255008
21 14 3 100 8347224 2.002261566
3 25 3 100 1625544 2.002265408
0 22 3 100 58528 2.002279052
14 3 3 100 189985 2.002280348
11 29 3 100 28965 2.002288613
10 13 3 100 1408134 2.002326209
5 9 3 100 5938855 2.002339768
24 29 3 100 855920 2.002356916
9 0 3 100 26830 2.002387230
5 17 3 100 1602728 2.002389647
24 21 3 100 21386 2.002412973
25 13 3 100 140533 2.002431442
16 9 3 100 1834240 2.002432351
10 21 3 100 1227479 2.002468541
9 3 3 100 3969 2.002490506
28 2 3 100 16954 2.002495184
10 20 3 100 26138 2.002524522
5 26 3 100 89011 2.002545912
14 9 3 100 44809 2.002554451
27 8 3 100 34270 2.002561746
7 1 3 100 49511 2.002568503
9 11 3 100 773 2.002571179
19 22 3 100 29473340 2.002577636
30 5 3 100 1695801 2.002597065
16 22 3 100 449629 2.002603458
22 12 3 100 9539 2.002615208
19 18 3 100 1093 2.002619450
0 19 3 100 74230 2.002631527
31 2 3 100 191498 2.002651269
1 4 3 100 6460 2.002671754
7 3 3 100 568898 2.002683163
16 19 3 100 26949 2.002683766
1 5 3 100 6526222 2.002698511
4 30 3 100 68978 2.002698621
26 4 3 100 31612 2.002706439
5 11 3 100 21428 2.002745566
31 21 3 100 31383 2.002781857
3 24 3 100 1377 2.002798535
28 31 3 100 1116647 2.002800677
26 22 3 100 1077035 2.002828065
10 2 3 100 3248297 2.002831193
19 9 3 100 119035 2.002832594
5 14 3 100 6648 2.002835019
18 8 3 100 730840 2.002863648
17 6 3 100 9467 2.002864118
4 9 3 100 7626 2.002865416
9 22 3 100 1654373 2.002887411
23 28 3 100 1250 2.002896337
5 22 3 100 34248 2.002900125
22 31 3 100 387 2.002904613
7 9 3 100 9596929 2.002911225
17 4 3 100 6233 2.002912115
25 13 3 100 7716 2.002912761
1 10 3 100 61678 2.002913081
11 8 3 100 66097 2.002927394
23 7 3 100 160847 2.002954346
2 18 3 100 11473506 2.002955698
16 10 3 100 979362 2.002973007
12 3 3 100 988902 2.002987883
28 29 3 100 846683 2.002991094
6 0 3 100 1474 2.002996827
17 30 3 100 7362 2.003006294
26 20 3 100 17837 2.003013076
26 0 3 100 47420 2.003014536
15 30 3 100 45210 2.003019431
30 27 3 100 588463 2.003027173
24 20 3 100 4109443 2.003063173
19 1 3 100 4010141 2.003083964
22 31 3 100 28658987 2.003099518
6 18 3 100 5863574 2.003103929
0 17 3 100 28267 2.003142751
24 31 3 100 24806 2.003146705
9 25 3 100 18096 2.003187391
29 26 3 100 60894 2.003187831
22 24 3 100 26159 2.003195127
5 1 3 100 29824 2.003195429
7 15 3 100 1815164 2.003202906
28 4 3 100 1227753 2.003210384
24 23 3 100 3168752 2.003216872
27 12 3 100 32992 2.003260286
22 20 3 100 65541 2.003278910
10 13 3 100 260626 2.003286134
9 28 3 100 5879 2.003296168
8 18 3 100 6666821 2.003342016
23 27 3 100 19478 2.003343534
1 19 3 100 1409544 2.003347880
3 2 3 100 83376 2.003348730
26 8 3 100 19121 2.003362235
29 9 3 100 133669 2.003379372
29 17 3 100 709060 2.003394567
26 28 3 100 20702 2.003398048
20 9 3 100 4859762 2.003402100
11 9 3 100 2122077 2.003404235
10 25 3 100 124619 2.003405185
3 1 3 100 1144515 2.003411303
3 5 3 100 18042 2.003421136
11 12 3 100 1646012 2.003439454
4 21 3 100 51565 2.003449439
0 14 3 100 255279 2.003455962
24 26 3 100 4116 2.003469950
20 18 3 100 916199 2.003495492
21 20 3 100 23981 2.003544028
16 0 3 100 227462 2.003569279
0 24 3 100 493992 2.003593877
1 15 3 100 6396726 2.003596453
13 12 3 100 36692 2.003607217
0 16 3 100 16882456 2.003648807
13 29 3 100 7273 2.003700520
11 30 3 100 36721 2.003701218
5 20 3 100 41126 2.003703326
8 17 3 100 7688 2.003718136
0 15 3 100 301428 2.003751700
0 9 3 100 36300 2.003766295
25 6 3 100 211058 2.003798298
23 21 3 100 34982 2.003802318
18 9 3 100 5186930 2.003825360
23 26 3 100 3403690 2.003837655
25 15 3 100 5283 2.003845427
15 10 3 100 49228 2.003845585
26 10 3 100 134098 2.003860553
0 7 3 100 501792 2.003861275
13 30 3 100 16606 2.003874011
11 16 3 100 35195 2.003889950
4 30 3 100 1513794 2.003903098
21 3 3 100 6291673 2.003904997
30 26 3 100 3377837 2.003913049
4 12 3 100 25220190 2.003917097
0 3 3 100 39567 2.003923155
17 18 3 100 74199 2.003952601
26 28 3 100 5127 2.003952897
24 15 3 100 201678 2.003982867
12 13 3 100 37585 2.004008953
2 13 3 100 39653 2.004037396
17 16 3 100 16932 2.004071214
26 25 3 100 140190 2.004084792
13 1 3 100 983233 2.004094726
19 24 3 100 4741092 2.004132015
4 27 3 100 7957382 2.004137653
29 23 3 100 9880 2.004142292
16 30 3 100 4239635 2.004160797
20 7 3 100 765199 2.004161184
3 30 3 100 5434776 2.004203442
30 20 3 100 13405 2.004227206
20 18 3 100 9254 2.004232107
10 23 3 100 20610 2.004237709
24 8 3 100 1015 2.004244922
22 7 3 100 1938847 2.004253129
14 16 3 100 52480 2.004260466
18 10 3 100 69537 2.004263303
11 22 3 100 10376 2.004299439
24 6 3 100 1881915 2.004357967
23 17 3 100 189956 2.004373769
8 17 3 100 62042 2.004396619
15 13 3 100 27634 2.004399954
17 20 3 100 12140 2.004405935
25 18 3 100 103437 2.004409533
23 24 3 100 72517 2.004428942
14 8 3 100 57972 2.004482099
17 31 3 100 8108 2.004483573
14 13 3 100 1114569 2.004490935
27 23 3 100 14493 2.004524124
5 17 3 100 129729 2.004553966
25 29 3 100 3107 2.004559972
5 21 3 100 46948 2.004578969
0 31 3 100 3870551 2.004615274
12 17 3 100 2385013 2.004622636
13 3 3 100 3377392 2.004636024
10 19 3 100 724445 2.004653366
15 25 3 100 2814 2.004685485
9 7 3 100 1505600 2.004688672
16 23 3 100 481558 2.004700654
5 24 3 100 35813 2.004716033
29 18 3 100 30891 2.004720132
19 27 3 100 27786 2.004722596
11 3 3 100 147421 2.004756257
1 14 3 100 407846 2.004757733
30 12 3 100 1728369 2.004774232
12 30 3 100 25555238 2.004797980
18 4 3 100 4225 2.004805106
23 29 3 100 45440 2.004835639
31 8 3 100 7309 2.004843200
31 13 3 100 5788 2.004843253
20 22 3 100 11788 2.004847800
19 9 3 100 69799 2.004852670
15 12 3 100 68604 2.004859986
12 19 3 100 551418 2.004871331
17 0 3 100 1098216 2.004872128
19 7 3 100 2342453 2.004914847
8 6 3 100 3979314 2.004942880
31 20 3 100 75080 2.004944747
25 24 3 100 23331 2.004956224
27 9 3 100 8368 2.004956675
25 29 3 100 36454 2.004963000
12 25 3 100 3206 2.004980142
28 6 3 100 7328 2.005001216
3 0 3 100 2554617 2.005002629
20 27 3 100 4093242 2.005007143
0 10 3 100 6427 2.005010945
29 11 3 100 65962 2.005021020
19 30 3 100 8517 2.005052658
10 9 3 100 68398 2.005066610
2 1 3 100 74274 2.005084767
8 28 3 100 72256 2.005092970
3 8 3 100 24667 2.005117704
30 13 3 100 64672 2.005121184
29 1 3 100 412315 2.005141644
23 28 3 100 1266358 2.005166874
28 15 3 100 77976 2.005211094
17 24 3 100 76098 2.005244566
18 31 3 100 107814 2.005247099
25 10 3 100 53726 2.005252260
1 17 3 100 2785001 2.005257275
20 18 3 100 25497 2.005276026
31 7 3 100 8547 2.005286452
20 11 3 100 1810695 2.005291713
15 2 3 100 2557135 2.005298505
9 30 3 100 68475 2.005329411
7 24 3 100 9708 2.005338163
10 29 3 100 2590 2.005339629
15 27 3 100 7661 2.005374292
9 26 3 100 9112962 2.005378053
20 3 3 100 5822548 2.005400419
1 15 3 100 60775 2.005410599
28 1 3 100 30498 2.005422540
22 16 3 100 11414 2.005433369
0 2 3 100 4529614 2.005442537
26 24 3 100 153695 2.005443785
10 1 3 100 28646 2.005458372
6 9 3 100 771671 2.005475399
1 22 3 100 198560 2.005478963
20 1 3 100 1295658 2.005487391
0 1 3 100 667520 2.005503523
15 0 3 100 110237 2.005509004
31 30 3 100 8441240 2.005516298
11 7 3 100 8496 2.005534926
28 1 3 100 73070 2.005544574
14 31 3 100 979 2.005555782
24 18 3 100 22494 2.005556169
13 28 3 100 164476 2.005573364
15 20 3 100 5486 2.005583547
28 13 3 100 16951310 2.005596908
24 14 3 100 449050 2.005627699
20 7 3 100 5170 2.005639808
19 0 3 100 667 2.005651337
31 20 3 100 60318 2.005669056
20 21 3 100 5000 2.005676579
23 28 3 100 1471553 2.005690634
22 28 3 100 1892723 2.005693089
14 26 3 100 1948098 2.005711032
22 17 3 100 37506 2.005720386
23 4 3 100 98019 2.005722528
21 16 3 100 69667 2.005742852
19 30 3 100 36447 2.005759649
14 22 3 100 41260 2.005761290
1 29 3 100 45993 2.005775108
0 27 3 100 20619 2.005780921
29 19 3 100 294923 2.005820845
30 29 3 100 74354 2.005831286
15 20 3 100 1158291 2.005836471
1 13 3 100 1220951 2.005844967
7 14 3 100 299776 2.005857637
31 29 3 100 10511244 2.005879145
20 15 3 100 77525 2.005889893
4 30 3 100 161976 2.005895228
22 23 3 100 56898 2.005895460
5 4 3 100 141048 2.005897241
0 22 3 100 3050499 2.005898957
12 7 3 100 165214 2.005905681
12 31 3 100 18275 2.005921272
10 18 3 100 17416 2.005932913
2 16 3 100 41994 2.005956950
29 23 3 100 25527766 2.005999574
10 29 3 100 41414 2.006019365
28 26 3 100 23870 2.006047950
22 9 3 100 40260 2.006099221
15 0 3 100 3795 2.006113851
1 18 3 100 9762 2.006129998
16 26 3 100 49508 2.006131376
24 28 3 100 2594820 2.006185222
23 10 3 100 918 2.006185539
24 29 3 100 7260931 2.006205179
4 16 3 100 836654 2.006235955
16 27 3 100 47530 2.006237528
12 16 3 100 28686 2.006280317
25 17 3 100 3423 2.006307089
25 13 3 100 31701 2.006311311
27 0 3 100 33675 2.006313976
11 15 3 100 7160441 2.006348342
13 20 3 100 117243 2.006352350
26 2 3 100 134813 2.006360519
9 4 3 100 1563267 2.006377166
5 29 3 100 22462 2.006377417
17 22 3 100 7166 2.006382638
10 28 3 100 43288 2.006386369
17 29 3 100 21448 2.006400546
6 1 3 100 27944 2.006418869
2 14 3 100 38616 2.006426183
31 25 3 100 844474 2.006465450
6 10 3 100 908427 2.006482071
23 7 3 100 7166904 2.006485041
5 25 3 100 4560478 2.006508480
14 22 3 100 67212 2.006543456
3 14 3 100 4554891 2.006543583
6 1 3 100 86742 2.006548403
23 31 3 100 1544583 2.006570290
3 11 3 100 396554 2.006604213
15 21 3 100 51132 2.006606756
1 10 3 100 270468 2.006617231
25 15 3 100 30330 2.006617937
29 23 3 100 8565723 2.006627020
8 5 3 100 8859 2.006627141
31 30 3 100 42846 2.006637723
21 0 3 100 4744544 2.006638953
26 18 3 100 8090 2.006670171
1 5 3 100 1459060 2.006677685
27 24 3 100 1578 2.006683399
4 27 3 100 20948 2.006744559
18 25 3 100 8379841 2.006745045
17 23 3 100 372054 2.006745808
31 11 3 100 16730675 2.006756732
21 15 3 100 10924 2.006759515
17 13 3 100 37691 2.006764121
17 7 3 100 1836 2.006791390
11 13 3 100 37157 2.006804913
28 19 3 100 64356 2.006814834
27 10 3 100 188400 2.006851361
25 16 3 100 5410 2.006868451
24 12 3 100 76164 2.006910408
19 12 3 100 1605172 2.006925417
23 10 3 100 26604548 2.006930968
22 6 3 100 65514 2.006948327
22 4 3 100 963565 2.006948499
16 29 3 100 9067 2.006950811
4 8 3 100 125630 2.006962078
4 11 3 100 115216 2.006982000
17 19 3 100 4393800 2.006985208
7 18 3 100 45681 2.006989895
16 18 3 100 75456 2.007017192
28 22 3 100 45451 2.007044533
10 5 3 100 1005 2.007080513
25 10 3 100 4030291 2.007095202
21 1 3 100 7137 2.007099104
15 28 3 100 64387 2.007114693
21 27 3 100 900807 2.007127682
19 7 3 100 2883405 2.007135164
26 13 3 100 40491 2.007163737
31 30 3 100 1192581 2.007176140
19 12 3 100 274 2.007194133
2 31 3 100 24010 2.007214208
27 8 3 100 134208 2.007218086
11 10 3 100 1123697 2.007230093
28 0 3 100 44603 2.007232614
0 8 3 100 42517 2.007233845
27 0 3 100 917 2.007236701
20 27 3 100 954935 2.007284588
10 12 3 100 616250 2.007308701
31 17 3 100 69224 2.007325053
18 27 3 100 1022794 2.007343977
23 22 3 100 1891 2.007348780
29 21 3 100 10068 2.007370323
12 19 3 100 886866 2.007373233
29 21 3 100 3815430 2.007381409
0 11 3 100 20148682 2.007382437
24 18 3 100 650657 2.007383172
31 20 3 100 9309822 2.007386936
30 17 3 100 68202 2.007391107
7 30 3 100 28388 2.007400210
17 2 3 100 32722 2.007402767
23 31 3 100 68212 2.007437319
19 8 3 100 41806 2.007497524
0 27 3 100 22346 2.007532043
9 26 3 100 28676 2.007575721
1 20 3 100 63881 2.007578112
20 17 3 100 1628863 2.007579008
24 5 3 100 6068 2.007591919
2 20 3 100 430830 2.007598074
29 10 3 100 47771 2.007604547
18 28 3 100 58097 2.007618530
20 11 3 100 938959 2.007630696
19 29 3 100 66828 2.007632732
16 23 3 100 5850218 2.007637972
30 19 3 100 83338 2.007652838
29 26 3 100 1817537 2.007661340
19 28 3 100 4229 2.007675320
31 3 3 100 27794 2.007695092
27 29 3 100 1908340 2.007704112
8 6 3 100 11155 2.007734993
27 14 3 100 14324 2.007756331
19 20 3 100 66583 2.007756692
27 30 3 100 60354 2.007770451
17 7 3 100 58304 2.007775436
28 15 3 100 3377 2.007787709
8 19 3 100 60511 2.007796428
13 31 3 100 43717 2.007851333
6 27 3 100 92645 2.007869140
7 19 3 100 77022 2.007875230
0 31 3 100 401535 2.007896868
11 6 3 100 7912676 2.007909135
3 20 3 100 174371 2.007917749
27 26 3 100 56901 2.007919525
3 17 3 100 57914 2.007920821
9 10 3 100 20816 2.007925897
27 22 3 100 1278908 2.007942667
22 31 3 100 1423207 2.007958767
12 25 3 100 968388 2.007958956
12 25 3 100 1764442 2.007976251
28 2 3 100 4292407 2.007982469
2 24 3 100 250807 2.007985075
19 16 3 100 2101 2.008006311
4 26 3 100 5270 2.008040110
24 13 3 100 21619253 2.008052241
29 14 3 100 20053 2.008070214
24 31 3 100 23356 2.008093692
6 27 3 100 1149717 2.008143968
27 3 3 100 64026 2.008149639
25 27 3 100 21302 2.008161873
15 26 3 100 8887 2.008164488
0 3 3 100 918043 2.008194907
27 19 3 100 3843 2.008225624
16 24 3 100 1787 2.008227736
5 18 3 100 26623 2.008231315
14 19 3 100 29364 2.008237880
7 12 3 100 2544 2.008258851
12 3 3 100 7418 2.008278854
12 27 3 100 7946611 2.008322278
30 22 3 100 20584 2.008324722
19 12 3 100 3576 2.008326492
9 1 3 100 3271665 2.008334468
1 18 3 100 61566 2.008337412
24 6 3 100 1813223 2.008392946
15 8 3 100 15168194 2.008405163
17 1 3 100 78623 2.008415579
21 15 3 100 141311 2.008430525
7 17 3 100 79691 2.008497433
9 31 3 100 975753 2.008509343
29 26 3 100 14796 2.008519775
9 30 3 100 1979 2.008536485
18 0 3 100 74006 2.008541246
14 31 3 100 16262 2.008543441
11 3 3 100 16147 2.008543760
23 8 3 100 195746 2.008567591
6 16 3 100 4959 2.008574279
2 9 3 100 28062 2.008576391
19 11 3 100 50883 2.008579542
23 15 3 100 39268 2.008584016
20 19 3 100 83589 2.008588343
21 29 3 100 8068713 2.008591764
24 1 3 100 154786 2.008599093
12 19 3 100 163661 2.008623301
12 28 3 100 169456 2.008634118
9 10 3 100 4888 2.008644165
14 19 3 100 327152 2.008650836
15 7 3 100 748400 2.008667394
25 14 3 100 72124 2.008696144
21 11 3 100 3141079 2.008710979
28 9 3 100 5423501 2.008722726
18 26 3 100 11879136 2.008728103
20 11 3 100 73171 2.008728209
3 8 3 100 66719 2.008730904
3 19 3 100 6821 2.008764882
31 3 3 100 56895 2.008777346
18 8 3 100 15331909 2.008808081
4 23 3 100 501262 2.008834374
22 23 3 100 7359220 2.008837656
13 27 3 100 13869 2.008853481
18 22 3 100 2098 2.008854431
14 1 3 100 3085 2.008866826
4 13 3 100 36595 2.008892065
25 5 3 100 1876326 2.008911465
17 9 3 100 76707 2.008925246
16 13 3 100 981215 2.008933718
4 16 3 100 4920 2.008946427
12 17 3 100 795535 2.008965982
23 24 3 100 1430069 2.008969098
8 12 3 100 4688758 2.008974157
27 0 3 100 55986 2.008976903
11 8 3 100 47050 2.008983727
23 15 3 100 1717 2.009018017
14 6 3 100 123684 2.009028953
30 25 3 100 30884 2.009040520
7 5 3 100 78076 2.009049485
17 15 3 100 2138 2.009057090
8 11 3 100 38558 2.009081811
31 1 3 100 573706 2.009099236
23 8 3 100 77108 2.009099796
8 16 3 100 3922 2.009130821
11 13 3 100 1510998 2.009176506
7 10 3 100 23378 2.009209742
28 17 3 100 45736 2.009214019
4 23 3 100 32818 2.009224274
5 0 3 100 9874 2.009230023
15 10 3 100 1975 2.009233075
15 12 3 100 2501327 2.009298203
10 13 3 100 6018 2.009301656
18 17 3 100 6229 2.009305689
31 16 3 100 582494 2.009311227
22 14 3 100 8253955 2.009345007
8 16 3 100 76052 2.009358122
18 20 3 100 7398214 2.009359401
25 19 3 100 118161 2.009369282
14 13 3 100 21501 2.009388437
14 31 3 100 55430 2.009393205
15 4 3 100 1701206 2.009403899
25 8 3 100 898 2.009419709
16 6 3 100 883 2.009423419
17 26 3 100 173 2.009451675
17 13 3 100 4487906 2.009453318
13 0 3 100 3035442 2.009469185
25 2 3 100 4922887 2.009486570
30 12 3 100 24843 2.009513690
12 27 3 100 103865 2.009527476
17 0 3 100 77452 2.009551897
7 28 3 100 2400804 2.009554895
18 22 3 100 40983 2.009569469
19 26 3 100 21018 2.009590739
19 15 3 100 36789 2.009606777
26 21 3 100 9176929 2.009616966
26 13 3 100 61518 2.009656413
8 2 3 100 66294 2.009669490
23 14 3 100 24070 2.009673358
27 14 3 100 11300 2.009724925
2 22 3 100 4202618 2.009759853
13 16 3 100 33417 2.009789897
17 10 3 100 19125 2.009796512
10 7 3 100 1939982 2.009796647
24 1 3 100 5328683 2.009804139
17 31 3 100 44663 2.009824662
18 12 3 100 28644 2.009828469
18 21 3 100 18100883 2.009852577
27 15 3 100 147793 2.009853026
7 29 3 100 6885 2.009870560
26 29 3 100 1246730 2.009885331
19 8 3 100 1337634 2.009924358
30 26 3 100 71146 2.009935307
7 0 3 100 114270 2.009948000
15 11 3 100 22151 2.009958048
7 28 3 100 32520 2.009965219
10 18 3 100 6827 2.009965904
28 4 3 100 22103 2.009976379
11 7 3 100 664040 2.009984041
25 24 3 100 13605 2.010007958
29 9 3 100 370899 2.010011666
9 14 3 100 8628807 2.010013347
31 21 3 100 1555044 2.010044563
27 15 3 100 7914 2.010049192
4 29 3 100 80158 2.010066383
1 30 3 100 32648 2.010072239
19 25 3 100 42525 2.010078695
6 15 3 100 64418 2.010092424
0 1 3 100 994521 2.010093440
23 3 3 100 9045623 2.010108060
11 16 3 100 3094315 2.010121638
19 10 3 100 9105046 2.010138054
16 10 3 100 1602785 2.010153425
14 13 3 100 703278 2.010165304
8 19 3 100 31888 2.010179241
26 8 3 100 36817 2.010192730
27 22 3 100 509712 2.010217672
10 31 3 100 3762206 2.010228255
11 15 3 100 2277449 2.010230607
12 27 3 100 5526857 2.010248682
7 9 3 100 1607355 2.010261143
24 0 3 100 25493 2.010265628
15 30 3 100 4024598 2.010272451
24 20 3 100 28209 2.010274229
27 19 3 100 846118 2.010286781
16 24 3 100 12654871 2.010313823
13 15 3 100 2716565 2.010363099
26 27 3 100 48483 2.010390698
21 16 3 100 42950 2.010400933
13 26 3 100 209 2.010418918
25 4 3 100 2310758 2.010421390
26 30 3 100 9692133 2.010429183
0 17 3 100 25326 2.010437077
22 26 3 100 696511 2.010467056
11 6 3 100 11444 2.010469017
13 25 3 100 4237785 2.010484104
1 2 3 100 13028 2.010493806
25 23 3 100 229374 2.010495327
22 28 3 100 67960 2.010535331
25 9 3 100 202799 2.010555949
14 11 3 100 54814 2.010566652
26 21 3 100 8351065 2.010568757
14 23 3 100 78486 2.010599014
28 23 3 100 8413475 2.010610086
16 18 3 100 2105302 2.010617882
23 21 3 100 8946 2.010617943
9 26 3 100 4252 2.010631577
12 1 3 100 23923 2.010637376
23 18 3 100 5135715 2.010645589
29 2 3 100 1381496 2.010655721
5 4 3 100 3189537 2.010657028
25 28 3 100 159528 2.010675510
26 31 3 100 72783 2.010676417
8 28 3 100 8883024 2.010682659
6 3 3 100 38209 2.010687023
31 27 3 100 40828 2.010699182
6 10 3 100 5785 2.010702259
25 8 3 100 1050579 2.010702326
0 24 3 100 159375 2.010708514
25 7 3 100 3513908 2.010711849
12 21 3 100 5261341 2.010740310
22 1 3 100 15412765 2.010747442
27 26 3 100 1187 2.010776004
5 23 3 100 8801 2.010782705
18 11 3 100 1336157 2.010787966
31 2 3 100 3880950 2.010789530
4 10 3 100 48226 2.010815528
17 1 3 100 422893 2.010824461
31 4 3 100 4862 2.010825445
1 23 3 100 10942 2.010836143
4 25 3 100 3429190 2.010840601
26 3 3 100 4341 2.010845549
7 22 3 100 50315 2.010852758
2 25 3 100 29863 2.010868291
11 22 3 100 47866 2.010870668
6 7 3 100 59278 2.010878515
3 29 3 100 49919 2.010892763
12 24 3 100 13814 2.010893388
10 15 3 100 109162 2.010921004
13 11 3 100 2298779 2.010923333
25 7 3 100 52305 2.010926282
1 27 3 100 69557 2.010928260
12 14 3 100 470301 2.010933161
5 30 3 100 163042 2.010937572
8 18 3 100 69320 2.010944472
25 11 3 100 426403 2.010971605
13 7 3 100 987241 2.010973066
18 26 3 100 1871 2.010982496
11 30 3 100 329419 2.010990398
4 2 3 100 4014058 2.010992417
28 14 3 100 167250 2.010994161
17 28 3 100 1929853 2.010996869
28 31 3 100 41216 2.010998123
6 12 3 100 72282 2.011003621
24 16 3 100 1518040 2.011040845
20 17 3 100 23449679 2.011053746
18 9 3 100 370262 2.011054880
28 7 3 100 185943 2.011062090
30 22 3 100 5476959 2.011064980
10 0 3 100 66613 2.011065161
4 3 3 100 10394 2.011068434
22 17 3 100 9066574 2.011075694
23 4 3 100 4847967 2.011094837
1 17 3 100 4115 2.011168979
19 26 3 100 1347859 2.011178464
31 20 3 100 74298 2.011211590
23 20 3 100 1767359 2.011218149
13 20 3 100 25415 2.011227854
21 18 3 100 80107 2.011227972
7 21 3 100 2431 2.011238759
12 28 3 100 856215 2.011240846
20 18 3 100 1048789 2.011290898
5 11 3 100 12836 2.011313416
0 21 3 100 2826534 2.011314180
12 30 3 100 28962 2.011358021
16 15 3 100 138 2.011360760
5 11 3 100 4724026 2.011408224
2 9 3 100 13764 2.011427758
28 12 3 100 86488 2.011434906
17 23 3 100 9561296 2.011451106
22 17 3 100 138062 2.011464056
0 9 3 100 1894705 2.011468518
21 11 3 100 8036 2.011494833
31 17 3 100 4211932 2.011498250
22 8 3 100 8164 2.011499702
19 25 3 100 34044 2.011499743
19 31 3 100 61760 2.011502649
19 17 3 100 42922 2.011505548
21 8 3 100 48825 2.011506913
13 8 3 100 8832 2.011533500
7 20 3 100 33669 2.011556766
29 17 3 100 689 2.011577321
2 26 3 100 271 2.011579910
12 21 3 100 9712 2.011580042
25 28 3 100 1468458 2.011617042
12 18 3 100 1086878 2.011620497
15 0 3 100 6184 2.011630201
19 30 3 100 6108 2.011686593
2 23 3 100 141006 2.011718486
11 31 3 100 1858165 2.011732438
12 7 3 100 3090441 2.011735502
24 22 3 100 1697 2.011759481
26 25 3 100 6846781 2.011777016
21 23 3 100 146917 2.011797719
17 16 3 100 2113258 2.011812251
21 10 3 100 6704 2.011862740
10 19 3 100 1084892 2.011865202
31 21 3 100 141839 2.011871062
26 30 3 100 6683913 2.011884307
23 4 3 100 36492 2.011891802
8 17 3 100 61202 2.011904820
14 23 3 100 54143 2.011907095
7 11 3 100 1194889 2.011907436
18 10 3 100 2096 2.011931140
30 15 3 100 3396 2.011941407
21 15 3 100 480513 2.011957356
13 18 3 100 955678 2.012027534
9 20 3 100 11208 2.012050235
24 17 3 100 60169 2.012059062
8 29 3 100 138136 2.012069977
13 23 3 100 9051064 2.012096298
3 19 3 100 783210 2.012158065
21 26 3 100 1383889 2.012183919
21 17 3 100 37337 2.012191834
5 13 3 100 1466010 2.012202733
9 23 3 100 7977 2.012210048
22 27 3 100 2402465 2.012219611
4 16 3 100 8451647 2.012235366
27 6 3 100 140445 2.012237464
11 18 3 100 25460 2.012238993
23 10 3 100 8779 2.012271236
20 22 3 100 67165 2.012325033
26 15 3 100 4251270 2.012332038
15 10 3 100 6211377 2.012341786
12 2 3 100 76709 2.012353385
7 9 3 100 154160 2.012353973
9 30 3 100 497431 2.012359278
7 29 3 100 4924316 2.012376858
19 5 3 100 2175750 2.012378220
29 30 3 100 14006 2.012382232
16 11 3 100 14332 2.012386391
26 0 3 100 6951384 2.012389724
29 18 3 100 20556 2.012422972
13 20 3 100 684755 2.012424723
6 28 3 100 1543627 2.012430159
29 17 3 100 1980483 2.012436601
12 16 3 100 1255153 2.012449129
24 22 3 100 248150 2.012462102
19 30 3 100 24051 2.012464125
30 23 3 100 9451639 2.012465323
2 15 3 100 163940 2.012467391
3 24 3 100 27483 2.012482933
31 27 3 100 34370 2.012489094
31 30 3 100 7079 2.012510393
3 17 3 100 2323748 2.012511543
24 0 3 100 2211846 2.012517098
4 21 3 100 74629 2.012527094
8 28 3 100 5311 2.012538172
5 26 3 100 57612 2.012545011
11 17 3 100 78752 2.012564677
12 6 3 100 218845 2.012574681
18 15 3 100 7494091 2.012580613
18 5 3 100 49765 2.012586806
25 31 3 100 63727 2.012589611
0 30 3 100 184653 2.012593231
29 17 3 100 78462 2.012600280
2 15 3 100 9461487 2.012626917
29 6 3 100 4712012 2.012635281
31 4 3 100 463 2.012639235
0 17 3 100 5215735 2.012661198
17 30 3 100 27884510 2.012662407
5 2 3 100 47888 2.012690156
1 8 3 100 28908 2.012691702
28 5 3 100 94763 2.012699193
3 0 3 100 5096 2.012707526
13 4 3 100 11398 2.012709202
6 8 3 100 30591 2.012734832
2 15 3 100 3900 2.012789824
3 27 3 100 5638 2.012793498
29 30 3 100 70486 2.012803967
17 9 3 100 914548 2.012811394
0 16 3 100 48596 2.012812756
17 23 3 100 72857 2.012822578
28 30 3 100 33561 2.012836652
22 4 3 100 61283 2.012842128
22 21 3 100 4040 2.012848136
13 28 3 100 70200 2.012851793
24 22 3 100 23370208 2.012908729
27 9 3 100 5109 2.012939793
7 23 3 100 1916342 2.012984754
13 2 3 100 1138190 2.013041872
21 9 3 100 93297 2.013064368
0 4 3 100 3703351 2.013066415
22 5 3 100 69310 2.013068625
23 13 3 100 17726 2.013070211
26 6 3 100 3542304 2.013119720
8 0 3 100 177211 2.013127106
1 10 3 100 906306 2.013131265
15 10 3 100 8167 2.013152717
3 8 3 100 7914 2.013156878
13 25 3 100 29532 2.013163345
8 5 3 100 18090 2.013172766
7 14 3 100 33409 2.013194537
3 16 3 100 21448703 2.013199122
16 6 3 100 1961766 2.013238692
29 13 3 100 1485006 2.013247689
0 8 3 100 8138 2.013252985
11 24 3 100 113354 2.013261741
0 2 3 100 1118659 2.013267001
14 16 3 100 1909376 2.013276288
26 19 3 100 605563 2.013288788
31 16 3 100 2958859 2.013293782
10 30 3 100 64215 2.013300369
9 28 3 100 45113 2.013311010
28 24 3 100 4234733 2.013314228
17 28 3 100 2882043 2.013321838
2 12 3 100 76278 2.013353973
1 25 3 100 11165 2.013366505
0 3 3 100 124413 2.013404056
26 6 3 100 33364 2.013406612
15 28 3 100 1668653 2.013417603
11 22 3 100 95391 2.013426687
21 31 3 100 5142327 2.013440117
26 10 3 100 4965246 2.013462701
2 5 3 100 3161 2.013485188
27 18 3 100 6023 2.013493894
28 16 3 100 1917832 2.013520768
28 15 3 100 95276 2.013535553
25 28 3 100 106497 2.013547192
2 10 3 100 8173606 2.013559341
7 9 3 100 1455292 2.013575354
2 24 3 100 37179 2.013581048
22 6 3 100 8933 2.013597852
21 14 3 100 3090 2.013607935
30 11 3 100 43744 2.013615989
12 18 3 100 9696 2.013620737
7 0 3 100 77752 2.013641824
12 25 3 100 247 2.013667815
29 25 3 100 136417 2.013673582
23 21 3 100 6562 2.013685594
29 5 3 100 6663226 2.013697149
0 7 3 100 118153 2.013697594
25 8 3 100 1947227 2.013723151
15 2 3 100 19565 2.013728589
12 25 3 100 4548 2.013744095
23 19 3 100 25214 2.013753857
25 30 3 100 6501 2.013765521
3 26 3 100 62800 2.013776729
16 29 3 100 1174270 2.013786773
19 13 3 100 105 2.013787553
4 3 3 100 8475 2.013814099
15 4 3 100 57451 2.013819539
2 10 3 100 81067 2.013819612
7 6 3 100 21867184 2.013856771
2 11 3 100 570665 2.013865836
14 30 3 100 67256 2.013908980
30 1 3 100 48476 2.013913949
7 19 3 100 198032 2.013924161
1 19 3 100 38885 2.013946535
12 3 3 100 3807526 2.013950925
6 26 3 100 23519 2.013954984
31 24 3 100 2730074 2.013955605
28 29 3 100 1252476 2.013956878
4 21 3 100 1144218 2.013958514
27 21 3 100 73814 2.013971039
14 29 3 100 390258 2.013975533
30 21 3 100 193544 2.014007680
3 19 3 100 4368424 2.014020869
5 21 3 100 14594 2.014030282
4 25 3 100 43327 2.014043725
19 4 3 100 25056 2.014060334
3 25 3 100 73042 2.014095101
6 1 3 100 2842870 2.014095299
1 13 3 100 674 2.014097639
8 27 3 100 541385 2.014112221
3 30 3 100 4703245 2.014123528
1 28 3 100 5273396 2.014146288
30 7 3 100 6485 2.014152215
26 27 3 100 70006 2.014174466
21 22 3 100 435141 2.014188899
30 23 3 100 9488508 2.014203801
19 5 3 100 734346 2.014206204
31 13 3 100 678580 2.014229780
11 3 3 100 938856 2.014235895
2 6 3 100 5144 2.014298472
31 22 3 100 1551751 2.014305137
16 3 3 100 78804 2.014317638
4 30 3 100 20595 2.014318865
11 6 3 100 1668 2.014329647
28 5 3 100 5300 2.014336166
16 9 3 100 71599 2.014343512
12 22 3 100 5868 2.014352536
4 26 3 100 1244346 2.014352624
11 23 3 100 7540 2.014370432
3 8 3 100 1605 2.014405317
17 1 3 100 2511 2.014414335
10 28 3 100 35875 2.014418388
18 2 3 100 41243 2.014438790
11 29 3 100 127403 2.014439589
19 20 3 100 35720 2.014470197
19 17 3 100 50970 2.014485912
17 28 3 100 9285 2.014495923
15 21 3 100 24951 2.014500869
19 0 3 100 9850159 2.014507725
20 18 3 100 3922775 2.014530667
1 12 3 100 64952 2.014531201
10 1 3 100 46817 2.014540872
31 25 3 100 237 2.014554416
6 17 3 100 16933 2.014562500
27 3 3 100 2138303 2.014579043
23 6 3 100 76724 2.014588383
29 14 3 100 2784 2.014614520
3 30 3 100 56911 2.014622602
3 20 3 100 1712336 2.014635413
26 13 3 100 178078 2.014657356
0 5 3 100 55632 2.014660766
30 7 3 100 801759 2.014662532
3 5 3 100 846751 2.014663620
0 22 3 100 8712 2.014675419
27 31 3 100 26018 2.014695501
17 14 3 100 26493 2.014713066
30 3 3 100 65341 2.014731606
28 10 3 100 1433753 2.014750730
1 3 3 100 942508 2.014758070
30 7 3 100 20519 2.014759743
21 23 3 100 20561 2.014799889
15 24 3 100 4068376 2.014804402
1 29 3 100 159613 2.014804687
8 24 3 100 8574484 2.014807947
7 18 3 100 197580 2.014817279
20 27 3 100 6617 2.014818187
25 9 3 100 7024 2.014866915
12 5 3 100 3274 2.014893142
20 6 3 100 2943 2.014897097
17 12 3 100 50890 2.014899892
26 24 3 100 76768 2.014912977
6 17 3 100 4051294 2.014920747
8 22 3 100 3335372 2.014929222
15 11 3 100 47537 2.014934365
14 5 3 100 28184 2.014941880
31 9 3 100 43513 2.014945761
21 26 3 100 1207 2.014956782
5 28 3 100 77665 2.014965946
10 15 3 100 34017 2.014968818
15 28 3 100 44806 2.014974251
8 17 3 100 75214 2.014997440
30 28 3 100 20931 2.015004797
8 16 3 100 4910056 2.015022143
12 4 3 100 40469 2.015022717
21 29 3 100 53198 2.015029639
24 23 3 100 1552852 2.015042504
13 28 3 100 4199 2.015052867
16 5 3 100 3087075 2.015067995
17 5 3 100 4206768 2.015073352
4 22 3 100 378519 2.015081588
23 26 3 100 761864 2.015107247
23 20 3 100 125639 2.015134589
8 7 3 100 27285 2.015135006
27 24 3 100 2693 2.015137209
29 25 3 100 288112 2.015142125
4 10 3 100 1043140 2.015220429
23 4 3 100 29768762 2.015229082
1 2 3 100 26356 2.015250511
4 12 3 100 19558544 2.015258874
9 8 3 100 25592 2.015259587
6 18 3 100 390971 2.015267404
13 4 3 100 41265 2.015291366
7 23 3 100 139871 2.015293844
29 10 3 100 44332 2.015301942
22 10 3 100 1490643 2.015307036
1 8 3 100 191013 2.015308549
27 9 3 100 368225 2.015338733
7 28 3 100 4096 2.015341007
27 14 3 100 29008 2.015360699
27 18 3 100 79100 2.015367860
9 31 3 100 1449 2.015384359
17 20 3 100 6525 2.015387485
26 31 3 100 8936051 2.015401026
19 0 3 100 3843 2.015418232
6 5 3 100 4695 2.015425388
25 15 3 100 6840 2.015436052
11 7 3 100 27781 2.015442423
20 23 3 100 74905 2.015444173
28 22 3 100 32147 2.015448721
31 3 3 100 7036 2.015452989
15 18 3 100 331996 2.015455263
12 30 3 100 167827 2.015471556
13 30 3 100 32237 2.015501299
2 9 3 100 42091 2.015504183
22 19 3 100 8286 2.015506201
26 3 3 100 176659 2.015513847
9 12 3 100 36799 2.015541628
29 24 3 100 1243161 2.015542606
12 20 3 100 5073 2.015548425
7 10 3 100 6337854 2.015558028
26 8 3 100 8444 2.015559396
29 17 3 100 3249831 2.015560663
21 20 3 100 27633 2.015561331
2 12 3 100 833944 2.015568376
25 4 3 100 355995 2.015571332
11 5 3 100 2408 2.015585862
19 10 3 100 61793 2.015623331
22 27 3 100 21923 2.015624083
14 29 3 100 807 2.015628343
0 28 3 100 1638133 2.015665361
13 26 3 100 245864 2.015667296
8 25 3 100 221684 2.015701123
1 7 3 100 260501 2.015726477
15 20 3 100 20292 2.015726547
20 14 3 100 9467727 2.015729730
4 11 3 100 27662 2.015730247
22 12 3 100 10200 2.015733009
10 9 3 100 38666 2.015737908
2 28 3 100 2369845 2.015738989
29 17 3 100 14400 2.015782686
4 5 3 100 19863 2.015822857
14 9 3 100 22065 2.015832919
1 27 3 100 27134 2.015866193
18 5 3 100 1468072 2.015869886
10 19 3 100 43849 2.015877969
30 4 3 100 61950 2.015890184
4 8 3 100 16447442 2.015895838
16 11 3 100 20837 2.015918776
11 22 3 100 9676669 2.015944729
26 22 3 100 7346 2.015962347
14 4 3 100 74671 2.015980324
16 20 3 100 2129047 2.015999579
31 20 3 100 36377 2.016012993
6 20 3 100 781660 2.016042272
7 19 3 100 18549935 2.016045569
23 14 3 100 5481596 2.016046903
2 0 3 100 7736632 2.016058916
18 13 3 100 59847 2.016069491
11 6 3 100 13693074 2.016075546
21 1 3 100 6326277 2.016075772
30 2 3 100 64609 2.016092856
7 23 3 100 61351 2.016095677
5 16 3 100 16575 2.016096534
29 9 3 100 24873 2.016127029
25 3 3 100 30583 2.016159777
4 28 3 100 37003 2.016162962
31 29 3 100 1109074 2.016168272
20 0 3 100 54705 2.016185144
3 18 3 100 7584 2.016203232
22 30 3 100 23387974 2.016204551
30 31 3 100 32571 2.016212222
27 8 3 100 3164987 2.016213740
24 21 3 100 11711 2.016217694
30 21 3 100 37089 2.016222905
25 1 3 100 2175 2.016224509
19 9 3 100 934579 2.016235335
5 9 3 100 9962 2.016236317
25 16 3 100 3798078 2.016271879
18 23 3 100 15305 2.016275141
0 5 3 100 3680528 2.016291205
25 13 3 100 23404 2.016297179
7 15 3 100 6613 2.016302379
12 25 3 100 46187 2.016342047
12 0 3 100 1380802 2.016347907
30 5 3 100 2920312 2.016362861
11 1 3 100 632807 2.016365872
10 29 3 100 6670129 2.016384406
19 22 3 100 325636 2.016387649
26 0 3 100 1636156 2.016390553
19 17 3 100 1479064 2.016398469
30 15 3 100 1433748 2.016399279
3 1 3 100 50011 2.016410769
12 4 3 100 44227 2.016412809
28 19 3 100 77271 2.016462176
2 13 3 100 151325 2.016466462
14 18 3 100 1228226 2.016483428
1 3 3 100 9810 2.016506559
22 7 3 100 65007 2.016507328
20 30 3 100 32138 2.016545097
8 27 3 100 168222 2.016550420
5 25 3 100 8845753 2.016563671
1 0 3 100 5285699 2.016579246
30 11 3 100 7396497 2.016581111
2 20 3 100 1527011 2.016594713
26 22 3 100 70294 2.016599396
0 6 3 100 3082286 2.016601572
17 6 3 100 241992 2.016604721
27 18 3 100 6930 2.016609173
25 2 3 100 61523 2.016610025
24 4 3 100 4176 2.016611838
25 21 3 100 74563 2.016624176
23 12 3 100 3102148 2.016626767
5 26 3 100 35191 2.016651536
27 4 3 100 741704 2.016662600
20 2 3 100 2157539 2.016678851
24 6 3 100 55313 2.016701887
3 18 3 100 8276 2.016730815
21 15 3 100 186607 2.016731450
30 21 3 100 933947 2.016734408
8 16 3 100 37852 2.016740212
0 4 3 100 3866139 2.016754107
9 27 3 100 75780 2.016778704
8 26 3 100 11995 2.016788921
23 1 3 100 6975263 2.016793391
31 20 3 100 2934 2.016811313
21 16 3 100 62776 2.016838761
9 25 3 100 89521 2.016848359
2 21 3 100 331669 2.016872985
5 31 3 100 73482 2.016881968
7 25 3 100 137901 2.016889887
29 19 3 100 49906 2.016890062
14 13 3 100 38756 2.016908975
23 3 3 100 1249924 2.016910816
23 15 3 100 1571361 2.016928369
29 9 3 100 29473 2.016929779
28 13 3 100 1442575 2.016945011
29 17 3 100 820047 2.016961128
4 3 3 100 22489 2.016993061
26 0 3 100 3128 2.017015139
20 11 3 100 5979 2.017019250
18 28 3 100 31894 2.017022733
20 7 3 100 25588 2.017060008
31 30 3 100 22701 2.017068220
0 10 3 100 3255 2.017080897
9 20 3 100 5443037 2.017091768
16 25 3 100 48217 2.017098948
24 31 3 100 77473 2.017138991
21 2 3 100 1250034 2.017168033
15 18 3 100 179594 2.017174079
13 28 3 100 17420478 2.017184081
7 8 3 100 36209 2.017186521
29 10 3 100 9710 2.017193988
2 21 3 100 519313 2.017211334
11 16 3 100 736497 2.017242490
5 24 3 100 33999 2.017277256
2 15 3 100 2776098 2.017292239
7 6 3 100 549231 2.017292555
3 5 3 100 7992013 2.017297019
23 24 3 100 21470 2.017298870
13 4 3 100 246154 2.017300213
21 10 3 100 43206 2.017310406
3 22 3 100 28581 2.017312331
16 0 3 100 1388929 2.017323420
12 24 3 100 4110 2.017344005
9 23 3 100 4276256 2.017348719
6 8 3 100 456 2.017349569
11 9 3 100 4113 2.017399847
9 31 3 100 4970671 2.017409912
22 1 3 100 64081 2.017419562
13 0 3 100 5275 2.017420807
2 31 3 100 78396 2.017420881
0 1 3 100 3656382 2.017477841
25 8 3 100 1923978 2.017483917
5 28 3 100 74901 2.017513572
27 2 3 100 61898 2.017524747
22 4 3 100 882531 2.017525049
24 19 3 100 3434175 2.017539856
18 21 3 100 21946 2.017541948
14 10 3 100 47551 2.017560048
17 4 3 100 635180 2.017570908
9 15 3 100 356011 2.017575805
12 4 3 100 3678418 2.017585008
15 12 3 100 12428 2.017590531
26 3 3 100 776580 2.017591079
7 9 3 100 9021 2.017595282
9 12 3 100 46090 2.017601230
25 18 3 100 71887 2.017603095
22 4 3 100 25298 2.017635617
9 19 3 100 3119300 2.017636476
18 11 3 100 26521072 2.017654786
30 18 3 100 8959168 2.017661845
17 15 3 100 3119079 2.017670724
15 21 3 100 22519 2.017710080
31 17 3 100 3622 2.017711544
13 17 3 100 56334 2.017711950
1 17 3 100 6936 2.017734637
26 17 3 100 3237492 2.017759465
22 17 3 100 9825 2.017762508
10 18 3 100 1097146 2.017775391
24 3 3 100 13495 2.017846907
4 1 3 100 854510 2.017849929
13 0 3 100 86377 2.017851673
9 6 3 100 12387 2.017872093
25 10 3 100 5521 2.017885790
27 2 3 100 69202 2.017891714
15 5 3 100 182351 2.017910887
22 1 3 100 22298 2.017915985
25 14 3 100 535474 2.017930684
0 2 3 100 74095 2.017946431
3 23 3 100 1421767 2.017976904
2 3 3 100 8717 2.017991180
21 28 3 100 1813298 2.018010605
4 19 3 100 1884169 2.018039037
31 16 3 100 123889 2.018043676
9 0 3 100 65601 2.018051391
10 13 3 100 1535781 2.018054824
19 7 3 100 1316034 2.018058569
4 27 3 100 42394 2.018064304
19 31 3 100 19914 2.018081651
17 29 3 100 168758 2.018082174
4 22 3 100 45351 2.018082980
12 9 3 100 187900 2.018088162
3 25 3 100 9852 2.018106997
11 13 3 100 3706 2.018109420
11 7 3 100 75264 2.018121060
17 11 3 100 44363 2.018134965
20 26 3 100 4711 2.018136877
2 31 3 100 24331 2.018139960
29 19 3 100 497413 2.018144772
20 1 3 100 1548071 2.018150235
29 6 3 100 72119 2.018157397
13 25 3 100 318777 2.018164767
19 24 3 100 29538 2.018186191
0 24 3 100 1940041 2.018232642
25 10 3 100 81770 2.018233515
23 13 3 100 62223 2.018235000
22 29 3 100 3074 2.018282405
15 23 3 100 5652 2.018312650
5 4 3 100 6535658 2.018329087
26 22 3 100 43592 2.018333040
29 17 3 100 2968379 2.018333465
6 15 3 100 10769 2.018338030
10 2 3 100 47431 2.018341022
28 7 3 100 5903 2.018359822
14 22 3 100 64981 2.018370365
14 0 3 100 3470144 2.018376762
1 15 3 100 38292 2.018384531
9 12 3 100 3042279 2.018386531
19 12 3 100 68837 2.018390020
19 0 3 100 127134 2.018398159
14 23 3 100 1139459 2.018420158
16 4 3 100 6846797 2.018441849
10 5 3 100 4379407 2.018450437
23 22 3 100 22034 2.018464648
15 16 3 100 4936724 2.018495909
28 15 3 100 22190 2.018501314
8 3 3 100 6015 2.018522387
17 10 3 100 72549 2.018525952
7 1 3 100 139471 2.018538720
13 29 3 100 7543 2.018550105
14 31 3 100 73002 2.018583925
4 30 3 100 67263 2.018599266
27 12 3 100 313608 2.018605685
4 22 3 100 4207553 2.018623351
13 29 3 100 3568512 2.018625684
12 5 3 100 93585 2.018630226
21 20 3 100 10308 2.018643886
7 28 3 100 9533 2.018671599
16 12 3 100 51767 2.018701013
31 16 3 100 16819 2.018725040
14 6 3 100 54207 2.018733705
15 6 3 100 21325 2.018745533
12 18 3 100 47849 2.018764476
4 31 3 100 2115274 2.018768284
13 28 3 100 63338 2.018790014
22 13 3 100 41320 2.018792591
28 17 3 100 163204 2.018793158
0 3 3 100 6572 2.018796495
28 9 3 100 51162 2.018808850
25 30 3 100 15707 2.018818837
14 20 3 100 9524 2.018824642
21 23 3 100 20702 2.018864517
3 12 3 100 67459 2.018865485
25 5 3 100 64889 2.018882928
8 1 3 100 62707 2.018907981
21 7 3 100 7575929 2.018909514
26 5 3 100 1333473 2.018916358
22 3 3 100 74806 2.018933056
20 18 3 100 61844 2.018956140
3 5 3 100 60049 2.018970816
11 16 3 100 59204 2.018971540
18 27 3 100 5335 2.018977031
20 0 3 100 17112 2.018993787
14 16 3 100 2419 2.018995861
14 28 3 100 2298 2.018997703
1 6 3 100 154879 2.019010238
10 6 3 100 16106 2.019014978
15 4 3 100 36296 2.019023434
4 25 3 100 46155 2.019038037
7 26 3 100 188093 2.019047617
4 10 3 100 5207611 2.019060002
22 15 3 100 8451 2.019064908
30 15 3 100 27434 2.019075331
31 10 3 100 2931281 2.019127793
30 11 3 100 307497 2.019135955
20 13 3 100 2509995 2.019171849
28 29 3 100 69633 2.019184670
12 31 3 100 23196 2.019192015
19 21 3 100 192 2.019212271
22 31 3 100 9169151 2.019263499
0 21 3 100 2980 2.019281350
0 16 3 100 667778 2.019288999
10 24 3 100 40663 2.019291555
8 27 3 100 70883 2.019302814
24 14 3 100 24017 2.019318458
1 2 3 100 3586239 2.019330120
10 6 3 100 22607 2.019336936
10 20 3 100 6849059 2.019338393
27 10 3 100 1864671 2.019358898
11 30 3 100 1052121 2.019367178
6 10 3 100 1233610 2.019373602
9 20 3 100 24051 2.019381867
16 8 3 100 25787 2.019385533
24 23 3 100 2318023 2.019388595
5 22 3 100 9999478 2.019401387
0 14 3 100 3659 2.019417915
29 21 3 100 8818 2.019428345
16 26 3 100 9805481 2.019436442
3 27 3 100 2141607 2.019475873
29 20 3 100 33023 2.019481537
17 10 3 100 2049687 2.019482439
20 10 3 100 182181 2.019515742
14 23 3 100 1995850 2.019537947
8 14 3 100 24977 2.019557133
8 25 3 100 5446 2.019562490
13 11 3 100 66101 2.019581299
11 8 3 100 20546 2.019588869
0 30 3 100 84863 2.019648046
30 7 3 100 6553 2.019648380
31 28 3 100 1183575 2.019652798
16 28 3 100 40105 2.019686944
11 10 3 100 13974 2.019687046
4 29 3 100 4840342 2.019707902
22 8 3 100 179063 2.019765026
26 1 3 100 21696 2.019775692
23 15 3 100 5936 2.019786066
21 31 3 100 9394 2.019793483
23 30 3 100 1705232 2.019816964
15 20 3 100 476990 2.019817915
28 26 3 100 612338 2.019836728
11 5 3 100 198599 2.019838582
19 21 3 100 1773600 2.019848166
25 20 3 100 953414 2.019891210
4 17 3 100 2740215 2.019892983
9 18 3 100 1659015 2.019907993
3 22 3 100 55291 2.019910879
0 8 3 100 24950 2.019917008
15 8 3 100 18653 2.019958364
4 21 3 100 4448307 2.019992337
10 31 3 100 69420 2.019993454
20 13 3 100 16383 2.019998261
31 25 3 100 62420 2.020011581
12 1 3 100 57629 2.020019060
11 18 3 100 193020 2.020019362
22 7 3 100 12766232 2.020021346
4 3 3 100 25408 2.020054683
22 7 3 100 3206965 2.020058256
9 12 3 100 1797357 2.020062003
6 29 3 100 76207 2.020101362
31 28 3 100 25133 2.020111681
21 0 3 100 10246 2.020113823
27 6 3 100 14691 2.020144600
17 23 3 100 7338818 2.020152905
3 6 3 100 469080 2.020161362
22 15 3 100 44869 2.020204878
27 15 3 100 2085750 2.020230089
21 17 3 100 414407 2.020249102
12 14 3 100 689522 2.020283346
27 20 3 100 444099 2.020284891
26 23 3 100 15842 2.020311313
2 11 3 100 28295 2.020312754
6 23 3 100 2986 2.020331495
24 21 3 100 5745 2.020335886
18 25 3 100 927958 2.020337993
6 15 3 100 41859 2.020340954
11 19 3 100 7769713 2.020350077
25 0 3 100 653220 2.020360593
7 22 3 100 76622 2.020385988
31 19 3 100 596242 2.020435959
27 22 3 100 111554 2.020438163
18 26 3 100 967312 2.020473894
13 15 3 100 185215 2.020475819
15 14 3 100 5143 2.020500364
6 19 3 100 8420896 2.020505458
14 5 3 100 55781 2.020542236
23 15 3 100 1111918 2.020551410
6 24 3 100 48809 2.020620138
14 26 3 100 28807 2.020640455
4 26 3 100 82155 2.020641504
28 31 3 100 8412928 2.020656317
28 25 3 100 1041542 2.020660839
22 31 3 100 18793650 2.020661216
11 14 3 100 2755105 2.020677490
3 31 3 100 8446554 2.020686055
8 18 3 100 4282202 2.020718480
14 15 3 100 3112885 2.020744899
27 26 3 100 37127 2.020774912
26 17 3 100 30587 2.020786461
4 5 3 100 3023203 2.020799138
7 28 3 100 64125 2.020814358
3 5 3 100 69256 2.020817696
10 4 3 100 7177212 2.020832761
17 14 3 100 9169935 2.020841768
0 2 3 100 4210 2.020849500
8 19 3 100 1795582 2.020858053
1 31 3 100 5403265 2.020858485
26 13 3 100 6525888 2.020859346
6 14 3 100 464708 2.020863465
25 10 3 100 175738 2.020873519
16 8 3 100 9186 2.020883001
29 31 3 100 67936 2.020896230
12 17 3 100 111391 2.020907295
26 12 3 100 3198272 2.020911288
8 10 3 100 384806 2.020926705
8 27 3 100 527455 2.021003661
8 25 3 100 13408 2.021006091
5 2 3 100 3530 2.021045730
4 22 3 100 21928 2.021051868
22 20 3 100 37773 2.021061898
10 18 3 100 9263 2.021061944
7 20 3 100 57042 2.021081510
7 24 3 100 41281 2.021088525
1 25 3 100 13049 2.021121866
24 25 3 100 16312 2.021130811
18 28 3 100 6727 2.021153486
1 6 3 100 9299299 2.021218454
23 28 3 100 824463 2.021233574
1 9 3 100 50364 2.021241277
16 12 3 100 3512082 2.021284645
14 17 3 100 46620 2.021310416
2 8 3 100 70741 2.021313648
7 28 3 100 86063 2.021321646
17 29 3 100 8314 2.021354823
25 26 3 100 651778 2.021374921
21 23 3 100 6947101 2.021375357
27 20 3 100 1625663 2.021389072
23 31 3 100 33709 2.021397547
25 8 3 100 7920917 2.021401266
11 12 3 100 8931 2.021408068
13 27 3 100 4337 2.021439332
8 5 3 100 46907 2.021441183
29 9 3 100 1295294 2.021442997
29 12 3 100 265051 2.021447163
25 16 3 100 9856169 2.021468458
22 18 3 100 1605986 2.021482440
3 20 3 100 19555 2.021483828
6 26 3 100 9913 2.021486645
19 21 3 100 3150845 2.021489499
30 9 3 100 1399667 2.021499987
14 17 3 100 1141161 2.021513696
12 4 3 100 68911 2.021537927
1 24 3 100 2862 2.021560821
14 23 3 100 219677 2.021567230
2 28 3 100 2540 2.021582306
2 25 3 100 2456686 2.021589759
17 7 3 100 1508735 2.021621156
31 25 3 100 20198 2.021630068
24 12 3 100 1882083 2.021646681
18 28 3 100 1503367 2.021662603
31 2 3 100 46288 2.021695600
20 10 3 100 8300402 2.021710618
23 2 3 100 163138 2.021726384
7 14 3 100 69695 2.021735429
31 16 3 100 22863 2.021753541
15 5 3 100 64094 2.021780590
13 19 3 100 438112 2.021789060
18 5 3 100 18389 2.021790450
22 1 3 100 10096 2.021798157
30 7 3 100 1596295 2.021816629
20 31 3 100 70041 2.021839333
10 29 3 100 20580864 2.021848009
0 17 3 100 4582497 2.021857601
15 28 3 100 938254 2.021860206
20 28 3 100 11168 2.021860627
0 29 3 100 566212 2.021865927
18 12 3 100 8288 2.021869963
5 9 3 100 42313 2.021872892
13 23 3 100 8169284 2.021901458
19 22 3 100 60316 2.021929057
31 17 3 100 110952 2.021937941
27 29 3 100 1667309 2.021939568
20 6 3 100 6333231 2.021952581
30 12 3 100 21850 2.021992639
23 3 3 100 3436867 2.021997188
10 24 3 100 4195593 2.022011662
24 22 3 100 5814 2.022019292
3 14 3 100 183245 2.022026033
26 13 3 100 3454212 2.022050803
21 8 3 100 21922 2.022051002
3 27 3 100 34142 2.022064881
3 2 3 100 4482 2.022118283
29 10 3 100 1832299 2.022127927
11 26 3 100 101289 2.022141335
12 14 3 100 43927 2.022141707
11 22 3 100 191283 2.022149467
8 27 3 100 24493 2.022195440
20 27 3 100 39215 2.022196043
3 1 3 100 9455 2.022262380
21 24 3 100 959133 2.022266788
6 25 3 100 22015 2.022280897
26 27 3 100 56372 2.022281340
12 19 3 100 411068 2.022283758
30 22 3 100 2707 2.022312278
9 31 3 100 594 2.022337531
16 25 3 100 78370 2.022354848
22 25 3 100 78337 2.022364334
11 16 3 100 9593713 2.022378094
23 31 3 100 400 2.022403688
6 15 3 100 278226 2.022437730
9 10 3 100 7529012 2.022443573
9 20 3 100 1186150 2.022445357
21 6 3 100 7604 2.022465970
7 15 3 100 740047 2.022548759
31 7 3 100 1170864 2.022556652
1 12 3 100 24734 2.022570664
2 0 3 100 86647 2.022588042
22 15 3 100 2464758 2.022595208
20 6 3 100 46007 2.022621716
0 1 3 100 9156453 2.022628152
18 31 3 100 8071343 2.022632073
16 8 3 100 48997 2.022650387
19 21 3 100 17982 2.022691799
11 0 3 100 27604 2.022696331
13 11 3 100 1313158 2.022699566
0 30 3 100 767041 2.022711569
24 10 3 100 615980 2.022714065
12 28 3 100 1380188 2.022715215
13 2 3 100 8302672 2.022719002
5 24 3 100 46864 2.022725123
18 3 3 100 159646 2.022769720
25 5 3 100 1205264 2.022809324
31 26 3 100 2642283 2.022818476
24 14 3 100 4387 2.022827833
25 26 3 100 112400 2.022830690
18 7 3 100 3639435 2.022834781
6 18 3 100 1580149 2.022863458
13 30 3 100 25087 2.022864189
8 9 3 100 21721 2.022865814
2 9 3 100 33358 2.022906858
19 7 3 100 11057 2.022909065
27 9 3 100 167 2.022926832
6 25 3 100 4654 2.022962406
15 14 3 100 1773204 2.022976743
11 17 3 100 112850 2.023007058
16 30 3 100 775743 2.023015466
31 27 3 100 73538 2.023021222
13 18 3 100 39411 2.023046384
3 29 3 100 61246 2.023056930
27 30 3 100 48347 2.023060953
19 9 3 100 206330 2.023080766
13 12 3 100 21984 2.023095422
29 2 3 100 3389 2.023098586
14 15 3 100 23709 2.023107664
1 9 3 100 4825252 2.023117694
1 11 3 100 63526 2.023145483
2 1 3 100 6878236 2.023154844
28 5 3 100 4816373 2.023161145
23 12 3 100 58736 2.023178821
0 10 3 100 532572 2.023195883
13 7 3 100 423687 2.023196746
24 12 3 100 77436 2.023218615
6 28 3 100 16007 2.023221146
9 5 3 100 5759 2.023223036
9 24 3 100 1717359 2.023223038
10 2 3 100 62053 2.023224787
3 19 3 100 1712411 2.023239749
22 19 3 100 3631504 2.023247628
24 20 3 100 1929700 2.023249267
22 6 3 100 36413 2.023264810
20 25 3 100 6872057 2.023268287
4 22 3 100 512630 2.023271355
19 16 3 100 46666 2.023278034
19 29 3 100 45545 2.023292802
8 25 3 100 8961551 2.023298872
16 26 3 100 984048 2.023324935
30 27 3 100 1710035 2.023333782
5 26 3 100 695307 2.023338990
17 31 3 100 5079895 2.023362130
18 20 3 100 77057 2.023383133
19 28 3 100 25844 2.023384225
10 3 3 100 1419034 2.023388734
11 9 3 100 27909 2.023414878
26 12 3 100 1891059 2.023416045
2 4 3 100 887057 2.023460454
25 13 3 100 18160 2.023461470
7 8 3 100 2117679 2.023480052
17 5 3 100 5564 2.023526720
21 2 3 100 398 2.023529074
25 18 3 100 48587 2.023535598
4 31 3 100 690320 2.023543488
20 26 3 100 48235 2.023562147
24 31 3 100 75048 2.023584033
10 6 3 100 29004433 2.023599248
14 31 3 100 336077 2.023610581
8 12 3 100 1756 2.023614596
11 20 3 100 3000123 2.023616456
15 12 3 100 25552 2.023646611
4 17 3 100 41905 2.023646703
15 29 3 100 28728 2.023647303
16 8 3 100 39411 2.023652772
30 24 3 100 3456 2.023668093
28 9 3 100 3750 2.023671064
26 30 3 100 7843368 2.023699583
6 17 3 100 218 2.023710910
7 21 3 100 6270 2.023762164
16 6 3 100 9081982 2.023764454
18 4 3 100 8229182 2.023764826
3 24 3 100 20621 2.023773060
3 28 3 100 2153122 2.023795747
7 26 3 100 72445 2.023796784
29 31 3 100 455407 2.023800516
18 10 3 100 9575 2.023828896
6 28 3 100 2315184 2.023866566
30 24 3 100 47148 2.023898851
18 31 3 100 1632509 2.023914310
10 20 3 100 473055 2.023919404
6 31 3 100 1410852 2.023958182
24 4 3 100 1422842 2.023972195
19 11 3 100 2856899 2.023975029
1 26 3 100 76108 2.023977213
18 17 3 100 1745093 2.023981255
10 17 3 100 480073 2.023983790
25 27 3 100 4549465 2.023995021
10 12 3 100 4189608 2.024000282
22 31 3 100 952711 2.024002113
31 21 3 100 1812855 2.024033463
25 5 3 100 8150 2.024085647
7 21 3 100 850736 2.024097528
18 10 3 100 51293 2.024114146
3 25 3 100 423110 2.024130107
18 21 3 100 6252 2.024130806
30 12 3 100 26252 2.024152738
23 10 3 100 581923 2.024155014
18 2 3 100 154535 2.024165605
18 27 3 100 1198499 2.024178177
6 27 3 100 3353410 2.024179028
6 18 3 100 5496473 2.024180600
18 21 3 100 6600 2.024203931
4 29 3 100 8350386 2.024215407
18 24 3 100 1723872 2.024220521
29 7 3 100 36589 2.024269627
16 26 3 100 554793 2.024312572
3 4 3 100 52283 2.024331462
25 13 3 100 7754 2.024343824
12 20 3 100 149748 2.024345386
19 22 3 100 9629174 2.024352531
7 13 3 100 27912 2.024369134
30 16 3 100 27589 2.024387597
7 18 3 100 45300 2.024403142
4 13 3 100 79387 2.024422186
29 8 3 100 22085881 2.024423996
30 16 3 100 21017 2.024449828
4 22 3 100 9990 2.024465952
21 20 3 100 4475893 2.024489712
29 22 3 100 4767696 2.024511721
30 15 3 100 26120 2.024530593
30 7 3 100 4029217 2.024544086
27 9 3 100 62267 2.024545161
4 5 3 100 8962425 2.024569574
18 1 3 100 1700526 2.024583283
28 31 3 100 2994824 2.024589558
8 3 3 100 121134 2.024600687
29 30 3 100 51975 2.024601990
10 18 3 100 9480 2.024647542
23 7 3 100 73861 2.024661356
25 8 3 100 6069 2.024688387
22 8 3 100 6534560 2.024698032
15 26 3 100 3409183 2.024708106
1 13 3 100 167363 2.024722845
13 6 3 100 15366275 2.024727595
28 8 3 100 133131 2.024732494
5 18 3 100 1969323 2.024743484
11 24 3 100 1912074 2.024744405
15 8 3 100 7629510 2.024751044
0 21 3 100 23037 2.024772733
7 6 3 100 43761 2.024791323
1 23 3 100 25502 2.024810364
23 25 3 100 29222 2.024816431
12 16 3 100 7989 2.024825030
0 17 3 100 7564553 2.024826495
26 4 3 100 3379219 2.024840375
23 3 3 100 26219704 2.024868691
6 17 3 100 687065 2.024871055
29 6 3 100 177564 2.024889333
26 24 3 100 57616 2.024893315
14 7 3 100 25328 2.024904296
2 5 3 100 8461252 2.024916772
1 21 3 100 1483210 2.024925108
22 3 3 100 1494 2.024937183
17 0 3 100 1448383 2.024939784
18 11 3 100 1180854 2.024973006
1 17 3 100 24677 2.024999024
7 31 3 100 723 2.025032697
23 25 3 100 1540231 2.025039761
26 30 3 100 1747442 2.025059466
18 23 3 100 1582 2.025072242
15 17 3 100 2519 2.025077709
3 22 3 100 3658804 2.025077735
9 23 3 100 12000 2.025111409
5 22 3 100 3958007 2.025122499
11 13 3 100 27257910 2.025145574
24 22 3 100 23485 2.025150293
30 24 3 100 10314 2.025157686
22 3 3 100 173470 2.025158988
18 24 3 100 17442 2.025159204
21 16 3 100 8789238 2.025181362
10 17 3 100 211383 2.025222908
30 2 3 100 22065 2.025231217
31 20 3 100 70541 2.025232051
26 3 3 100 19504 2.025235718
14 20 3 100 1223994 2.025250013
10 20 3 100 20338 2.025286098
20 21 3 100 79601 2.025290394
13 31 3 100 190331 2.025342783
1 31 3 100 1902383 2.025355102
4 11 3 100 23389 2.025367072
8 17 3 100 148474 2.025384390
3 30 3 100 15088 2.025395144
27 25 3 100 7324 2.025396373
24 21 3 100 166113 2.025398337
27 31 3 100 11 2.025398657
22 1 3 100 927 2.025411892
7 4 3 100 4721 2.025431073
14 31 3 100 36887 2.025442531
3 4 3 100 1629 2.025471195
17 29 3 100 31701 2.025512482
19 3 3 100 1131 2.025517055
12 30 3 100 6151810 2.025521743
0 20 3 100 9178797 2.025523260
3 5 3 100 20368 2.025529732
13 9 3 100 1211282 2.025549809
25 1 3 100 24212932 2.025563946
23 29 3 100 15512526 2.025587326
21 22 3 100 434407 2.025600165
3 16 3 100 1619270 2.025602417
18 24 3 100 17714 2.025610916
26 22 3 100 13948 2.025627341
14 17 3 100 169615 2.025632450
14 29 3 100 38980 2.025634296
7 30 3 100 45769 2.025672774
20 28 3 100 14880 2.025679953
18 9 3 100 1490 2.025682594
0 14 3 100 723025 2.025694015
19 4 3 100 457900 2.025702003
21 24 3 100 93558 2.025709876
31 4 3 100 9802 2.025715248
0 17 3 100 80290 2.025716984
26 1 3 100 166709 2.025742324
22 26 3 100 25217 2.025766990
21 11 3 100 42289 2.025777376
17 20 3 100 1845345 2.025792593
26 13 3 100 402661 2.025794557
22 0 3 100 11266 2.025808498
12 0 3 100 9762 2.025839863
30 11 3 100 4457685 2.025875229
15 31 3 100 1008621 2.025879217
23 29 3 100 5916465 2.025893665
15 21 3 100 27958 2.025894592
6 8 3 100 742968 2.025907016
18 13 3 100 75077 2.025907059
18 30 3 100 129424 2.025931236
10 16 3 100 1169 2.025943780
30 12 3 100 72754 2.025944801
26 16 3 100 15302 2.025945631
16 31 3 100 937183 2.025948873
29 28 3 100 864234 2.025966968
16 3 3 100 6319 2.025979882
14 30 3 100 5987 2.025990408
13 15 3 100 1908118 2.025996262
15 26 3 100 25321141 2.026006030
5 3 3 100 2321640 2.026025371
12 20 3 100 118760 2.026042846
17 12 3 100 186823 2.026057781
8 15 3 100 78505 2.026059674
27 6 3 100 17319 2.026077394
14 8 3 100 12913 2.026106420
22 29 3 100 5808363 2.026115388
0 3 3 100 2774111 2.026116634
18 16 3 100 225614 2.026148717
20 23 3 100 444702 2.026163128
5 11 3 100 1878 2.026194560
4 31 3 100 924186 2.026207537
1 17 3 100 37140 2.026215274
11 26 3 100 13338 2.026219903
14 24 3 100 158190 2.026233244
13 15 3 100 114387 2.026239518
14 24 3 100 2159 2.026276797
25 31 3 100 2188 2.026281034
25 29 3 100 25547 2.026283865
16 31 3 100 6271873 2.026307165
27 1 3 100 32194 2.026327141
22 31 3 100 31766 2.026327952
13 23 3 100 530263 2.026343677
18 15 3 100 7254835 2.026356162
29 19 3 100 8460 2.026365585
11 12 3 100 20975 2.026379380
11 10 3 100 195783 2.026381654
22 20 3 100 28294 2.026384204
25 27 3 100 62878 2.026417854
19 27 3 100 1872686 2.026462499
0 25 3 100 5371300 2.026463660
11 9 3 100 138649 2.026469368
23 0 3 100 7995052 2.026502852
6 3 3 100 759183 2.026522582
18 9 3 100 6960 2.026524032
16 28 3 100 1249 2.026526711
21 28 3 100 1035317 2.026552370
9 23 3 100 22872 2.026553964
25 9 3 100 33408 2.026556753
7 25 3 100 15953007 2.026578121
23 26 3 100 53519 2.026587398
26 5 3 100 538213 2.026599641
27 16 3 100 4091118 2.026605275
8 14 3 100 52778 2.026609616
1 19 3 100 3914582 2.026619190
10 4 3 100 56279 2.026621657
19 29 3 100 2818938 2.026704122
17 0 3 100 504000 2.026717003
3 16 3 100 72253 2.026732100
3 1 3 100 167562 2.026743178
7 23 3 100 5505 2.026770089
27 1 3 100 25557 2.026781862
20 18 3 100 17039 2.026801149
4 3 3 100 3375932 2.026814573
25 24 3 100 15541 2.026841438
28 2 3 100 26697 2.026846643
8 5 3 100 67112 2.026852062
8 5 3 100 2935986 2.026865089
15 19 3 100 31394 2.026895020
9 13 3 100 331262 2.026897077
26 9 3 100 482848 2.026899868
8 2 3 100 45033 2.026904309
27 23 3 100 15704 2.026914513
26 11 3 100 60202 2.026923593
15 29 3 100 64680 2.026923637
3 28 3 100 9463962 2.026928755
4 5 3 100 37619 2.026938390
7 26 3 100 30226 2.026951594
28 2 3 100 21126 2.026968505
19 22 3 100 6488692 2.026975802
9 5 3 100 1794085 2.026997047
18 21 3 100 3257176 2.026997422
27 28 3 100 127680 2.027009655
6 1 3 100 6228831 2.027013389
1 7 3 100 4163 2.027024725
29 22 3 100 2336025 2.027038676
7 18 3 100 166845 2.027053299
3 19 3 100 2387 2.027059266
19 14 3 100 47421 2.027070666
22 28 3 100 34023 2.027077352
11 16 3 100 73154 2.027087811
6 13 3 100 8257 2.027106761
22 1 3 100 584737 2.027107260
25 30 3 100 1526 2.027107545
28 20 3 100 55323 2.027117064
20 26 3 100 7849661 2.027117163
22 20 3 100 14785 2.027135678
15 18 3 100 194269 2.027159434
12 1 3 100 1235418 2.027194400
12 16 3 100 509768 2.027196198
22 27 3 100 1108586 2.027200450
8 11 3 100 23931 2.027227048
23 28 3 100 52275 2.027230945
15 6 3 100 52691 2.027238719
7 24 3 100 9872538 2.027252701
31 27 3 100 151143 2.027297606
31 19 3 100 6007859 2.027305008
11 30 3 100 286158 2.027368455
16 27 3 100 37560 2.027402036
5 6 3 100 15578651 2.027410135
15 31 3 100 76411 2.027415048
9 31 3 100 6100 2.027415357
26 7 3 100 69643 2.027469292
24 14 3 100 37638 2.027478107
8 16 3 100 828587 2.027494673
3 22 3 100 791047 2.027507802
25 17 3 100 29632 2.027523980
5 0 3 100 99546 2.027558010
3 16 3 100 357924 2.027578484
26 30 3 100 6263 2.027588530
22 12 3 100 25585 2.027590626
6 2 3 100 16819 2.027592651
19 2 3 100 62972 2.027621906
0 22 3 100 17928 2.027640043
8 29 3 100 35950 2.027645439
7 15 3 100 6384434 2.027666908
6 26 3 100 16490 2.027686979
8 14 3 100 574562 2.027687018
17 27 3 100 44922 2.027692760
18 22 3 100 28977 2.027693045
26 22 3 100 9577 2.027707529
9 16 3 100 6373 2.027711624
7 10 3 100 59424 2.027717601
18 3 3 100 3052008 2.027736550
9 1 3 100 485551 2.027764704
25 11 3 100 4195982 2.027781215
18 9 3 100 3222 2.027786229
3 22 3 100 14073 2.027790302
7 22 3 100 8655497 2.027799692
29 6 3 100 6314 2.027812881
10 26 3 100 20431 2.027819421
13 15 3 100 24541 2.027819682
10 5 3 100 6676325 2.027843467
16 17 3 100 43109 2.027847799
18 31 3 100 5327 2.027851483
0 5 3 100 75306 2.027860348
31 12 3 100 1538701 2.027894239
8 3 3 100 22657 2.027903095
1 14 3 100 3837559 2.027909736
2 12 3 100 23965 2.027953078
22 9 3 100 20868 2.027953365
20 0 3 100 7361546 2.027994168
18 19 3 100 1616654 2.027997819
29 10 3 100 32087 2.028006307
11 0 3 100 40570 2.028012830
5 29 3 100 23168 2.028018801
26 7 3 100 296382 2.028043678
22 13 3 100 1904396 2.028044408
22 18 3 100 5755 2.028047635
30 27 3 100 67922 2.028114948
9 16 3 100 25162 2.028140082
3 21 3 100 126470 2.028147913
12 30 3 100 1644624 2.028234377
28 14 3 100 26758 2.028241962
0 30 3 100 1935365 2.028245497
19 10 3 100 8991 2.028249458
0 10 3 100 27608 2.028254023
27 26 3 100 8025 2.028258239
22 23 3 100 2923368 2.028273745
2 27 3 100 6096027 2.028277734
28 11 3 100 14735 2.028289931
10 14 3 100 47873 2.028318570
14 15 3 100 4887990 2.028330504
22 21 3 100 3048743 2.028342193
11 12 3 100 231960 2.028362911
20 29 3 100 1016102 2.028374878
0 21 3 100 42672 2.028379085
12 23 3 100 407 2.028390533
12 24 3 100 2064178 2.028415749
28 4 3 100 9380 2.028417829
9 22 3 100 20836 2.028423860
7 6 3 100 20695 2.028431594
6 4 3 100 9247235 2.028431836
7 23 3 100 139128 2.028443179
3 19 3 100 9501154 2.028448125
30 6 3 100 1507816 2.028452334
3 9 3 100 64333 2.028461499
31 19 3 100 9616 2.028475813
14 28 3 100 1402635 2.028502601
2 18 3 100 1881298 2.028521081
27 9 3 100 3707101 2.028526002
20 23 3 100 79457 2.028530789
24 5 3 100 7854147 2.028535944
29 9 3 100 507714 2.028556510
8 19 3 100 192745 2.028557984
9 16 3 100 7612155 2.028559885
5 31 3 100 69888 2.028560816
27 1 3 100 1215849 2.028581427
25 10 3 100 5795843 2.028590143
0 2 3 100 2843 2.028607640
18 26 3 100 168619 2.028634379
30 28 3 100 3587 2.028641760
8 3 3 100 43524 2.028648147
10 9 3 100 9081 2.028653143
17 21 3 100 136792 2.028660009
8 11 3 100 58350 2.028676390
21 4 3 100 5258263 2.028682806
9 7 3 100 43577 2.028683998
2 1 3 100 3432 2.028698427
3 29 3 100 1474022 2.028708073
1 31 3 100 541421 2.028751916
5 27 3 100 4197257 2.028770310
9 3 3 100 4004602 2.028790442
26 7 3 100 6286674 2.028791637
22 15 3 100 21586639 2.028843391
8 5 3 100 92993 2.028856834
24 0 3 100 73211 2.028865196
15 7 3 100 10098 2.028868591
18 4 3 100 4333171 2.028883371
19 20 3 100 95062 2.028885442
23 26 3 100 5732007 2.028903271
12 20 3 100 1792833 2.028912225
24 23 3 100 64707 2.028922363
4 23 3 100 7631443 2.028940159
23 2 3 100 499622 2.028957575
26 9 3 100 893096 2.028984896
5 11 3 100 27334 2.028986937
24 16 3 100 1245444 2.028990335
7 29 3 100 2398886 2.028990585
20 21 3 100 25040 2.028997589
3 17 3 100 22557 2.029018577
11 24 3 100 1290574 2.029034288
30 15 3 100 7537 2.029037506
0 26 3 100 1516944 2.029041563
4 9 3 100 78888 2.029079218
9 7 3 100 41064 2.029094437
23 16 3 100 21234 2.029097721
27 1 3 100 4914 2.029166654
4 1 3 100 4926 2.029178121
10 6 3 100 113928 2.029237861
24 30 3 100 1553040 2.029244337
12 13 3 100 19480022 2.029246255
29 6 3 100 2916750 2.029307499
28 22 3 100 77590 2.029335116
29 30 3 100 1553 2.029350102
29 30 3 100 508487 2.029373207
10 11 3 100 6499438 2.029402328
22 13 3 100 45716 2.029408504
14 29 3 100 42639 2.029415767
25 16 3 100 130903 2.029416835
3 11 3 100 16286 2.029434876
20 18 3 100 286127 2.029455633
21 16 3 100 77038 2.029497473
26 5 3 100 1944758 2.029513744
11 25 3 100 1765313 2.029582627
29 27 3 100 36441 2.029659771
27 31 3 100 2400371 2.029711138
10 23 3 100 2594975 2.029755608
14 22 3 100 8274429 2.029772022
9 14 3 100 9959231 2.029773302
29 5 3 100 7899 2.029790683
3 21 3 100 62640 2.029796250
19 16 3 100 594767 2.029885985
