0b001801 0b001301 10000 100 55773 2000066917 12895 12996 8
0b001401 0b001b01 10000 100 57191 2000108828 31951 13118 15
0b001401 0b001201 10000 100 179798 2000103236 57861 23395 14
0b000a01 0b000701 10000 100 6447 2000155916 8802 8862 20
0b000601 0b000b01 10000 100 4413 2000157371 8633 8692 21
0b001301 0b001f01 10000 100 1321 2000164197 9010 8433 23
0b000b01 0b000601 10000 100 35104 2000189237 14018 11266 25
0b000a01 0b000501 10000 100 2471 2000210360 8472 8529 29
0b000401 0b000201 10000 100 44102 2000231952 11928 12020 32
0b001801 0b001901 10000 100 33439 2000240631 8279 6965 34
0b001201 0b001501 10000 100 18014 2000240350 15034 9834 33
0b000f01 0b000901 10000 100 16966 2000251024 9703 9742 36
0b001401 0b001101 10000 100 1674280 2000023397 238433 148694 1
0b001c01 0b001b01 10000 100 1719307 2000097137 191969 152469 11
0b000b01 0b000e01 10000 100 998261 2000197185 102384 92017 26
0b001001 0b001b01 10000 100 110586 2000266176 36475 17593 38
0b001201 0b001801 10000 100 876215 2000162309 155650 81784 22
0b001301 0b001201 10000 100 56688 2000305259 15098 8913 43
0b001001 0b001201 10000 100 92179 2000319408 31677 11891 44
0b000901 0b000801 10000 100 60338 2000333696 29047 9221 47
0b001301 0b001b01 10000 100 14637 2000345064 20901 9548 49
0b001f01 0b001301 10000 100 24432 2000356280 10480 10370 50
0b000501 0b000b01 10000 100 2383 2000359814 8470 8522 52
0b000801 0b000701 10000 100 19536 2000373659 21467 9959 55
0b001401 0b001901 10000 100 5334 2000394696 9587 8769 59
0b000201 0b000001 10000 100 27724 2000478322 6393 6485 66
0b000e01 0b000101 10000 100 29525 2000472287 19857 10797 63
0b000b01 0b000301 10000 100 380 2000494519 8196 8354 67
0b001801 0b001d01 10000 100 17575 2000500725 9793 9795 70
0b000701 0b000501 10000 100 27418 2000528586 7090 6460 76
0b001501 0b001a01 10000 100 1229219 2000343235 198895 111380 48
0b001a01 0b001001 10000 100 195274 2000507395 35784 24694 71
0b000901 0b000c01 10000 100 696650 2000290058 256005 66728 39
0b001c01 0b001b01 10001 100 62052 2000548322 23589 13526 80
0b000901 0b000501 10000 100 988624 2000246306 340484 91207 35
0b000301 0b000101 10000 100 4007333 2000230941 359604 340137 31
0b000301 0b000501 10000 100 9837 2000607484 9852 9145 83
0b001e01 0b001301 10000 100 705 2000634052 20746 8380 87
0b001701 0b001201 10000 100 34327 2000668281 13869 11200 92
0b000e01 0b000d01 10000 100 16594 2000675087 8152 5552 93
0b001501 0b001b01 10000 100 905826 2000582092 107519 84265 81
0b001e01 0b001f01 10000 100 3733899 2000366414 334389 317210 53
0b001901 0b001f01 10000 100 128890 2000666144 40507 19126 91
0b001201 0b001601 10000 100 25895 2000712673 10500 10491 98
0b001c01 0b001201 10001 100 1123842 2000511348 231896 102543 73
0b000701 0b000201 10000 100 864087 2000679852 81892 80768 96
0b000101 0b000e01 10000 100 36558 2000748286 14236 11386 101
0b001c01 0b001001 10000 100 29497 2000752498 16678 10794 103
0b000701 0b000401 10000 100 33228 2000765109 7067 6948 107
0b001901 0b001001 10000 100 56136 2000778487 15425 13029 109
0b001c01 0b001f01 10000 100 752936 2000639040 163547 67286 89
0b000b01 0b000301 10001 100 166454 2000766569 36664 22277 108
0b001501 0b001001 10000 100 131296 2000791242 26460 19330 110
0b000401 0b000c01 10000 100 836887 2000756786 79407 78485 105
0b000e01 0b000701 10000 100 1092323 2000639796 196620 99902 90
0b000701 0b000801 10000 100 29174 2000827217 13908 10769 114
0b000b01 0b000c01 10000 100 58343 2000838659 18283 13214 115
0b001201 0b001801 10001 100 35186 2000913430 12263 11273 123
0b000001 0b000d01 10000 100 25336 2000933917 11012 10446 127
0b001701 0b001301 10000 100 29358 2001016717 13181 10783 144
0b001201 0b001c01 10000 100 52518 2001024096 17161 12724 145
0b001701 0b001801 10000 100 194187 2001003648 41595 24603 141
0b000601 0b000901 10000 100 4573670 2000375199 681748 391777 56
0b000e01 0b000a01 10001 100 196056 2000972292 98483 24760 135
0b000501 0b000601 10000 100 66661 2001063266 9625 9750 149
0b000101 0b000e01 10001 100 12647 2001070551 9701 9381 152
0b000701 0b000d01 10000 100 726627 2000972872 108708 69241 136
0b001301 0b001d01 10000 100 34389 2001076857 12081 11205 154
0b001b01 0b001001 10000 100 14491 2001077929 12711 9536 155
0b001a01 0b001401 10000 100 20697 2001078993 11772 10056 156
0b000501 0b000f01 10000 100 71340 2001088675 16762 14303 157
0b000c01 0b000001 10000 100 7909 2001097945 9239 8983 160
0b000a01 0b000d01 10000 100 6741 2001114917 9402 8886 163
0b001201 0b001d01 10000 100 7349 2001118309 9616 8938 164
0b000501 0b000d01 10000 100 4491 2001144186 9191 8698 170
0b000f01 0b000d01 10000 100 156860 2001142172 17486 17311 168
0b000a01 0b000701 10001 100 3626 2001169084 8620 8625 172
0b001101 0b001f01 10000 100 19169 2001175418 11318 9930 173
0b000b01 0b000a01 10000 100 1555427 2000946829 255164 134569 130
0b000d01 0b000401 10000 100 12327 2001213622 9290 9356 176
0b001e01 0b001101 10000 100 31920 2001214801 12734 10996 177
0b001c01 0b001501 10000 100 222808 2001229836 31180 27000 179
0b001b01 0b001601 10000 100 5903 2001231647 35112 8815 180
0b001d01 0b001901 10000 100 35042 2001259940 13599 11261 186
0b000901 0b000701 10000 100 986 2001289987 8362 8402 189
0b001001 0b001501 10000 100 497719 2001093234 208159 50049 159
0b001d01 0b001b01 10000 100 1311199 2001061380 276227 118254 148
0b001801 0b001b01 10001 100 47994 2001297790 46856 8183 191
0b001a01 0b001601 10000 100 3302597 2001016261 331193 285211 143
0b001401 0b001d01 10000 100 112117 2001336976 20711 17723 197
0b001d01 0b001801 10000 100 49459 2001340970 16763 12468 198
0b001901 0b001701 10000 100 266201 2001312561 55378 30641 193
0b001301 0b001601 10000 100 2027 2001327365 42121 8493 194
0b001e01 0b001f01 10001 100 387912 2001334262 37179 36682 196
0b000201 0b000a01 10000 100 49892 2001360271 15168 12503 200
0b001601 0b001c01 10000 100 68112 2001366299 22562 14033 203
0b001401 0b001801 10000 100 4483620 2000331082 1072764 384228 46
0b001001 0b001201 10001 100 45931 2001387590 23026 8011 204
0b001601 0b001a01 10000 100 884348 2001300249 118649 82466 192
0b001c01 0b001301 10000 100 33402 2001411603 15491 11122 210
0b001701 0b001501 10000 100 167983 2001409382 18034 18243 209
0b001401 0b001301 10000 100 474857 2001361082 70676 48132 201
0b000f01 0b000401 10000 100 156972 2001440951 30211 21480 215
0b000d01 0b000c01 10000 100 2447 2001472460 4379 4367 221
0b000c01 0b000201 10000 100 36222 2001470637 11436 11359 220
0b000e01 0b000001 10000 100 1097 2001486244 8705 8415 225
0b001801 0b001301 10001 100 5859 2001521663 8933 8811 230
0b000701 0b000901 10000 100 369 2001525581 8258 8353 231
0b000901 0b000701 10001 100 127135 2001568046 18972 18982 234
0b001c01 0b001b01 10002 100 3571 2001578459 8943 8621 240
0b001f01 0b001c01 10000 100 3083559 2000944613 653102 262687 129
0b001c01 0b001701 10000 100 174090 2001578256 27192 22919 239
0b001001 0b001801 10000 100 1257288 2001140157 502877 113733 166
0b001f01 0b001201 10001 100 837303 2001491597 169810 78522 226
0b000b01 0b000201 10000 100 766326 2001577656 96856 72571 238
0b001901 0b001301 10000 100 20748 2001653773 35567 10060 243
0b000001 0b000801 10000 100 142777 2001678420 24118 20291 247
0b000201 0b000c01 10001 100 18717 2001729817 10356 9890 254
0b001701 0b001101 10000 100 1421011 2001568514 186549 127461 235
0b001101 0b001d01 10000 100 193230 2001658169 106680 24523 245
0b001801 0b001601 10000 100 6249 2001707413 60720 8846 252
0b001e01 0b001201 10000 100 41698 2001761854 13975 11817 259
0b001801 0b001701 10000 100 26054 2001766611 11240 10508 262
0b001b01 0b001001 10001 100 3779 2001772685 9014 8637 263
0b001801 0b001401 10000 100 1310996 2001576889 214630 118233 237
0b001801 0b001701 10001 100 17879 2001793264 10227 9819 270
0b001001 0b001401 10000 100 23334 2001787071 20764 10278 267
0b001c01 0b001a01 10000 100 265714 2001787613 41581 30598 268
0b000701 0b000c01 10000 100 4571 2001828801 8769 8704 277
0b000b01 0b000e01 10001 100 22483 2001832362 11383 10206 278
0b000801 0b000c01 10000 100 58615 2001833093 15487 13235 279
0b001801 0b001401 10001 100 218162 2001816751 32434 26613 275
0b001d01 0b001001 10000 100 2564 2001841686 8593 8536 281
0b001a01 0b001501 10000 100 20769 2001739923 113976 10062 256
0b000a01 0b000f01 10000 100 1086351 2001765017 99693 99402 260
0b000f01 0b000a01 10000 100 29903 2001876858 11515 10827 291
0b000401 0b000e01 10000 100 137551 2001849437 58787 19854 284
0b000a01 0b000e01 10000 100 36696 2001912196 11478 11397 294
0b000401 0b000001 10000 100 899847 2001688843 241197 83763 250
0b000101 0b000b01 10000 100 5802759 2000679514 1264456 494824 94
0b001101 0b001001 10000 100 22968 2001985615 6089 6085 300
0b001601 0b001a01 10001 100 1040 2002062173 8610 8410 310
0b001701 0b001301 10001 100 1755699 2001748752 339833 155518 258
0b000901 0b000a01 10000 100 41558 2002083209 8200 7645 314
0b000201 0b000e01 10000 100 3794 2002088332 9348 8638 315
0b001301 0b001901 10000 100 9236632 2000128591 1972044 782720 17
0b001101 0b001601 10000 100 2676 2002073064 29009 8545 311
0b000c01 0b000301 10000 100 1913876 2001941002 172794 168779 297
0b000401 0b000801 10000 100 613251 2001905424 215170 59737 293
0b001d01 0b001001 10001 100 26576 2002113372 11043 10549 317
0b001001 0b001601 10000 100 3271928 2001112545 1014476 282638 161
0b001701 0b001201 10001 100 24225 2002119389 27093 10354 318
0b000201 0b000b01 10000 100 1595324 2001914073 245124 142074 295
0b001701 0b001c01 10000 100 1126355 2002012714 179686 102756 304
0b001f01 0b001301 10001 100 1381792 2001924285 281247 124170 296
0b001201 0b001c01 10001 100 44054 2002212999 13591 12017 327
0b001201 0b001501 10001 100 1469175 2001808340 424128 131498 272
0b001201 0b001c01 10002 100 73184 2002252863 32438 14458 335
0b001801 0b001701 10002 100 24971 2002274353 12816 10413 341
0b001a01 0b001201 10000 100 59972 2002259934 28290 13348 336
0b001901 0b001e01 10000 100 30782 2002280821 12648 10901 345
0b001c01 0b001201 10000 100 8886524 2000198831 2112746 753368 27
0b000001 0b000301 10000 100 1412898 2002189744 124580 122617 324
0b000d01 0b000201 10000 100 2973015 2002032332 320181 257581 306
0b000701 0b000501 10001 100 647204 2002302620 57812 58424 349
0b000a01 0b000e01 10001 100 1966840 2002223357 179502 173220 329
0b001b01 0b001001 10002 100 912491 2002176269 243272 84825 323
0b000d01 0b000501 10000 100 154389 2002423943 25414 21266 366
0b000d01 0b000f01 10000 100 23797 2002454308 6067 6155 371
0b001d01 0b001e01 10000 100 42099 2002457957 7688 7693 372
0b000701 0b000e01 10000 100 92683 2002464477 16355 16091 375
0b001701 0b001401 10000 100 1408914 2002275329 212432 122283 342
0b001901 0b001301 10001 100 9859 2002488564 9758 9147 376
0b001f01 0b001501 10000 100 838943 2002273188 247829 78657 340
0b000a01 0b000c01 10000 100 7575 2002513889 9352 8956 379
0b000001 0b000701 10000 100 6820 2002216375 329169 8892 328
0b000901 0b000c01 10001 100 223302 2002531996 39480 27044 380
0b000201 0b000401 10000 100 63389 2002559009 18981 13636 385
0b001301 0b001401 10000 100 47309 2002558098 24264 12289 384
0b000a01 0b000b01 10000 100 20710 2002595042 5827 5897 392
0b001c01 0b001901 10000 100 119506 2002409888 200238 18341 363
0b000e01 0b000101 10001 100 689439 2002228394 390112 66124 332
0b000601 0b000101 10000 100 49586 2002609087 20574 12478 397
0b000f01 0b000801 10000 100 39087 2002600731 43222 11600 395
0b001901 0b001301 10002 100 24060 2002662379 11119 10340 403
0b001901 0b001001 10001 100 1719 2002641926 47859 8465 400
0b001d01 0b001701 10000 100 51853 2002699570 13879 12667 408
0b001e01 0b001c01 10000 100 69123 2002703331 11740 9958 409
0b000601 0b000d01 10000 100 795563 2002599068 122116 75021 394
0b001d01 0b001c01 10000 100 44987 2002713522 7922 7931 411
0b000c01 0b000101 10000 100 9308 2002729781 9439 9103 417
0b000d01 0b000b01 10000 100 34925 2002723038 17078 11248 416
0b001601 0b001a01 10002 100 21085 2002749748 13946 10091 422
0b000601 0b000101 10001 100 61562 2002750139 15558 13483 423
0b001a01 0b001301 10000 100 3138092 2001828118 951412 271421 276
0b001701 0b001e01 10000 100 66707 2002673816 130176 13913 406
0b001501 0b001b01 10001 100 21943 2002795644 14141 10159 430
0b000e01 0b000301 10000 100 315099 2002654601 165261 34741 402
0b001201 0b001d01 10001 100 22094 2002799265 21898 10175 431
0b000c01 0b000901 10000 100 48118 2002811295 16770 12357 433
0b001801 0b001c01 10000 100 138807 2002830491 32977 19958 437
0b001501 0b001a01 10001 100 1244313 2002435692 436110 112645 367
0b001001 0b001f01 10000 100 27856 2002858176 35355 10656 440
0b000201 0b000e01 10001 100 14050 2002922971 10766 9501 451
0b001601 0b001101 10000 100 9400077 2001005079 1943983 796426 142
0b001001 0b001201 10002 100 295789 2002759225 192894 28959 425
0b001701 0b001e01 10001 100 66144 2002934654 19075 13868 453
0b001a01 0b001001 10001 100 32510 2002929653 26499 11047 452
0b000301 0b000901 10000 100 9110554 2000540650 2425235 772150 79
0b001601 0b001301 10000 100 635228 2002855149 113758 61580 439
0b001501 0b001401 10000 100 1857066 2002623543 363823 159860 399
0b001001 0b001a01 10000 100 2062157 2001655100 1334134 181214 244
0b001101 0b001f01 10001 100 111 2002719325 296240 8332 412
0b001301 0b001d01 10001 100 839 2002730133 290479 8390 418
0b001101 0b001d01 10001 100 2596691 2002733300 295975 226027 419
0b001f01 0b001901 10000 100 346 2003023466 8472 8351 467
0b001401 0b001201 10001 100 1400631 2002271459 761721 125750 338
0b001801 0b001f01 10000 100 191564 2002958092 79086 24382 458
0b000401 0b000e01 10001 100 48346 2003027509 13339 12375 470
0b001301 0b001001 10001 100 70183 2003058495 39314 10047 476
0b000701 0b000901 10001 100 70391 2003082040 20066 14223 479
0b000701 0b000c01 10001 100 60951 2003098202 23498 13430 483
0b001c01 0b001101 10000 100 28975 2003120864 13095 10749 485
0b000a01 0b000701 10002 100 69561 2003122224 14410 14153 486
0b001e01 0b001701 10000 100 708478 2002943329 212103 67720 455
0b001701 0b001401 10001 100 59960 2003140079 15948 9187 490
0b000e01 0b000201 10000 100 4181907 2001495831 1661824 358931 228
0b001701 0b001801 10001 100 19494 2003146817 13106 9956 493
0b001e01 0b001301 10001 100 4986 2003049599 133934 8738 474
0b000d01 0b000501 10001 100 1799183 2002889172 307001 159166 445
0b001301 0b001401 10001 100 33979 2003189459 25588 11168 502
Average intra_dc ratio: 2.462757400112026
