2107801327 49 1 1 1
2107805380 49 1 1 0
2107808082 49 1 1 1
2107816266 49 1 1 0
2107819009 49 1 1 1
2107827302 49 1 1 0
2107830007 49 1 1 1
2107838097 49 1 1 0
2107840839 49 1 1 1
2107848813 49 1 1 0
2107851595 49 1 1 1
2107859094 49 1 1 0
2107861937 49 1 1 1
2107869059 49 1 1 0
2107871921 49 1 1 1
2107873158 49 1 1 0
2160684074 42 1 2 1
2160688286 42 1 2 0
2160693325 42 1 2 1
2160697394 42 1 2 0
2160702433 42 1 2 1
2160706676 42 1 2 0
2160711719 42 1 2 1
2160715788 42 1 2 0
2160720740 42 1 2 1
2160724813 42 1 2 0
2160729682 42 1 2 1
2160733759 42 1 2 0
2160738715 42 1 2 1
2160742784 42 1 2 0
2160747736 42 1 2 1
2160751813 42 1 2 0
2160756852 42 1 2 1
2160761008 42 1 2 0
2160766047 42 1 2 1
2160770203 42 1 2 0
2160775246 42 1 2 1
2160779398 42 1 2 0
2160784607 42 1 2 1
2160788763 42 1 2 0
2160793806 42 1 2 1
2160797875 42 1 2 0
2160802997 42 1 2 1
2160807070 42 1 2 0
2160812026 42 1 2 1
2160816099 42 1 2 0
2160821055 42 1 2 1
2160824958 42 1 2 0
2160829744 42 1 2 1
2160833817 42 1 2 0
2160838856 42 1 2 1
2160843008 42 1 2 0
2160848047 42 1 2 1
2160852207 42 1 2 0
2160857246 42 1 2 1
2160861402 42 1 2 0
2160866607 42 1 2 1
2160870767 42 1 2 0
2160875806 42 1 2 1
2160879879 42 1 2 0
2160884834 42 1 2 1
2160888904 42 1 2 0
2160893860 42 1 2 1
2160897933 42 1 2 0
2160902889 42 1 2 1
2160906769 42 1 2 0
