2002836545 3 0 1 1
2002840994 3 0 1 0
2002846151 3 0 1 1
2002850415 3 0 1 0
2002855489 3 0 1 1
2002860437 3 0 1 0
2002864600 3 0 1 1
2002869879 3 0 1 0
2002873874 3 0 1 1
2002879452 3 0 1 0
2002883281 3 0 1 1
2002889216 3 0 1 0
2002892962 3 0 1 1
2002897745 3 0 1 0
2002917759 3 0 1 1
2002920346 3 0 1 0
2002935878 3 0 1 1
2002938544 3 0 1 0
2002957894 3 0 1 1
2002960592 3 0 1 0
2002980342 3 0 1 1
2002982841 3 0 1 0
2003000365 3 0 1 1
2003002913 3 0 1 0
2003041851 3 0 1 1
2003044529 3 0 1 0
2003064709 3 0 1 1
2003067327 3 0 1 0
2003087507 3 0 1 1
2003090208 3 0 1 0
2003111415 3 0 1 1
2003113918 3 0 1 0
2003139855 3 0 1 1
2003142294 3 0 1 0
2003171228 3 0 1 1
2003173722 3 0 1 0
2003203510 3 0 1 1
2003205994 3 0 1 0
2003401117 0 0 1 1
2003405288 0 0 1 0
2003410366 0 0 1 1
2003414584 0 0 1 0
2003419662 0 0 1 1
2003423880 0 0 1 0
2003428788 0 0 1 1
2003433052 0 0 1 0
2003437964 0 0 1 1
2003442124 0 0 1 0
2003447696 0 0 1 1
2003451503 0 0 1 0
2003457245 0 0 1 1
2003461135 0 0 1 0
2003467235 0 0 1 1
2003470929 0 0 1 0
2003477003 0 0 1 1
2003480889 0 0 1 0
2003486793 0 0 1 1
2003490683 0 0 1 0
2003496587 0 0 1 1
2003500477 0 0 1 0
2003507381 0 0 1 1
2003511101 0 0 1 0
2003516839 0 0 1 1
2003520729 0 0 1 0
2003526633 0 0 1 1
2003530523 0 0 1 0
2003536099 0 0 1 1
2003540317 0 0 1 0
2003545565 0 0 1 1
2003548836 0 0 1 0
2005210460 0 0 1 1
2005217518 0 0 1 0
2005226319 0 0 1 1
2005229310 0 0 1 0
2005236119 0 0 1 1
2005240189 0 0 1 0
2005246998 0 0 1 1
2005250404 0 0 1 0
2005256553 0 0 1 1
2005260291 0 0 1 0
2005266440 0 0 1 1
2005269937 0 0 1 0
2005276430 0 0 1 1
2005280097 0 0 1 0
2005287179 0 0 1 1
2005290348 0 0 1 0
2007076365 30 0 1 1
2007079775 30 0 1 0
2007087095 30 0 1 1
2007090577 30 0 1 0
2007097830 30 0 1 1
2007101406 30 0 1 0
2007108800 30 0 1 1
2007112210 30 0 1 0
2007119770 30 0 1 1
2007123263 30 0 1 0
2007130491 30 0 1 1
2007133818 30 0 1 0
2008838908 22 0 1 1
2008842450 22 0 1 0
2008849774 22 0 1 1
2008853177 22 0 1 0
2008859496 22 0 1 1
2008863035 22 0 1 0
2008869935 22 0 1 1
2008873486 22 0 1 0
2008881216 22 0 1 1
2008884261 22 0 1 0
2008892655 22 0 1 1
2008895795 22 0 1 0
2008904272 22 0 1 1
2008907412 22 0 1 0
2008914976 22 0 1 1
2008918207 22 0 1 0
2008923945 22 0 1 1
2008928077 22 0 1 0
2008932819 22 0 1 1
2008935603 22 0 1 0
2009040295 22 0 1 1
2009042637 22 0 1 0
2009074852 22 0 1 1
2009077247 22 0 1 0
2009958023 14 0 1 1
2009964300 14 0 1 0
2009967904 14 0 1 1
2009974409 14 0 1 0
2009978176 14 0 1 1
2009984160 14 0 1 0
2009988166 14 0 1 1
2009993564 14 0 1 0
2009997453 14 0 1 1
2010002873 14 0 1 0
2010006552 14 0 1 1
2010011443 14 0 1 0
2010015640 14 0 1 1
2010020432 14 0 1 0
2010028110 14 0 1 1
2010031271 14 0 1 0
2010039676 14 0 1 1
2010043624 14 0 1 0
2010048821 14 0 1 1
2010052752 14 0 1 0
2010058202 14 0 1 1
2010061930 14 0 1 0
2010067206 14 0 1 1
2010071089 14 0 1 0
2010076622 14 0 1 1
2010080588 14 0 1 0
2010086121 14 0 1 1
2010089909 14 0 1 0
2010095355 14 0 1 1
2010098830 14 0 1 0
2010104224 14 0 1 1
2010107804 14 0 1 0
2010114189 14 0 1 1
2010117552 14 0 1 0
2010124354 14 0 1 1
2010127727 14 0 1 0
2010134584 14 0 1 1
2010138072 14 0 1 0
2010144559 14 0 1 1
2010148002 14 0 1 0
2010154406 14 0 1 1
2010157833 14 0 1 0
2010498055 18 0 1 1
2010503825 18 0 1 0
2010507824 18 0 1 1
2010513728 18 0 1 0
2010517731 18 0 1 1
2010523868 18 0 1 0
2010527875 18 0 1 1
2010534257 18 0 1 0
2010538094 18 0 1 1
2010545073 18 0 1 0
2010548515 18 0 1 1
2010555375 18 0 1 0
2010558959 18 0 1 1
2010566096 18 0 1 0
2010569431 18 0 1 1
2010576896 18 0 1 0
2010580480 18 0 1 1
2010587632 18 0 1 0
2010590991 18 0 1 1
2010598767 18 0 1 0
2010601938 18 0 1 1
2010610308 18 0 1 0
2010613843 18 0 1 1
2010621509 18 0 1 0
2010625084 18 0 1 1
2010633796 18 0 1 0
2010637217 18 0 1 1
2010645792 18 0 1 0
2010649052 18 0 1 1
2010658447 18 0 1 0
2010661715 18 0 1 1
2010670485 18 0 1 0
2010673757 18 0 1 1
2010681762 18 0 1 0
2010685261 18 0 1 1
2010693495 18 0 1 0
2010697939 18 0 1 1
2010703856 18 0 1 0
2010707978 18 0 1 1
2010713511 18 0 1 0
2010717681 18 0 1 1
2010723228 18 0 1 0
2010727503 18 0 1 1
2010732679 18 0 1 0
2010736682 18 0 1 1
2010742032 18 0 1 0
2010746408 18 0 1 1
2010752059 18 0 1 0
2010756337 18 0 1 1
2010761646 18 0 1 0
2010765824 18 0 1 1
2010771260 18 0 1 0
2010775509 18 0 1 1
2010780865 18 0 1 0
2010785189 18 0 1 1
2010790501 18 0 1 0
2010794892 18 0 1 1
2010800461 18 0 1 0
2010804927 18 0 1 1
2010810397 18 0 1 0
2010814689 18 0 1 1
2010820333 18 0 1 0
2010824455 18 0 1 1
2010830091 18 0 1 0
2010834205 18 0 1 1
2010841331 18 0 1 0
2010845607 18 0 1 1
2010850154 18 0 1 0
2010854683 18 0 1 1
2010857955 18 0 1 0
2010874567 18 0 1 1
2010877306 19 0 1 1
2010877472 18 0 1 0
2010882176 19 0 1 0
2010886835 19 0 1 1
2010891663 19 0 1 0
2010896322 19 0 1 1
2010901411 19 0 1 0
2010906236 19 0 1 1
2010909988 19 0 1 0
2010917801 19 0 1 1
2010920963 19 0 1 0
2010929440 19 0 1 1
2010932321 19 0 1 0
2010940798 19 0 1 1
2010943798 19 0 1 0
2010952026 19 0 1 1
2010954726 19 0 1 0
2010962788 19 0 1 1
2010965741 19 0 1 0
2010970321 22 0 1 1
2010971562 19 0 1 1
2010975906 19 0 1 0
2010976514 22 0 1 0
2010978988 19 0 1 1
2010979928 22 0 1 1
2010985857 19 0 1 0
2010986132 22 0 1 0
2010989629 22 0 1 1
2010989686 19 0 1 1
2010996236 22 0 1 0
2010999075 19 0 1 0
2010999816 22 0 1 1
2011003568 19 0 1 1
2011006407 22 0 1 0
2011009567 19 0 1 0
2011010070 22 0 1 1
2011012649 19 0 1 1
2011016586 22 0 1 0
2011019668 22 0 1 1
2011020206 19 0 1 0
2011024699 19 0 1 1
2011028857 22 0 1 0
2011029631 19 0 1 0
2011032105 22 0 1 1
2011032879 19 0 1 1
2011039390 19 0 1 0
2011039475 22 0 1 0
2011042723 22 0 1 1
2011043883 19 0 1 1
2011049753 22 0 1 0
2011052942 19 0 1 0
2011053001 22 0 1 1
2011057518 19 0 1 1
2011060114 22 0 1 0
2011061947 19 0 1 0
2011063445 22 0 1 1
2011065029 19 0 1 1
2011070483 22 0 1 0
2011070956 19 0 1 0
2011073731 22 0 1 1
2011075943 19 0 1 1
2011080939 22 0 1 0
2011082491 19 0 1 0
2011084187 22 0 1 1
2011091743 22 0 1 0
2011094991 22 0 1 1
2011102278 22 0 1 0
2011105526 22 0 1 1
2011112765 22 0 1 0
2011116067 22 0 1 1
2011123516 22 0 1 0
2011126780 22 0 1 1
2011134434 22 0 1 0
2011138097 22 0 1 1
2011143169 22 0 1 0
2011147247 22 0 1 1
2011150860 22 0 1 0
2011157511 22 0 1 1
2011160686 22 0 1 0
2011167337 22 0 1 1
2011172639 22 0 1 0
2011176551 22 0 1 1
2011181915 22 0 1 0
2011185679 22 0 1 1
2011191068 22 0 1 0
2011194897 22 0 1 1
2011200276 22 0 1 0
2011205848 22 0 1 1
2011209733 22 0 1 0
2011218475 22 0 1 1
2011222772 22 0 1 0
2011227514 22 0 1 1
2011231905 22 0 1 0
2011236813 22 0 1 1
2011241030 22 0 1 0
2011245855 22 0 1 1
2011249902 22 0 1 0
2011255391 22 0 1 1
2011259185 22 0 1 0
2011262412 5 0 1 1
2011265255 22 0 1 1
2011266774 5 0 1 0
2011268879 22 0 1 0
2011274617 22 0 1 1
2011278237 22 0 1 0
2011283643 22 0 1 1
2011287552 22 0 1 0
2011293207 22 0 1 1
2011296867 22 0 1 0
2011302771 22 0 1 1
2011306514 22 0 1 0
2011312252 22 0 1 1
2011316078 22 0 1 0
2011321899 22 0 1 1
2011325757 22 0 1 0
2011331329 22 0 1 1
2011335100 22 0 1 0
2011340838 22 0 1 1
2011344648 22 0 1 0
2011351817 22 0 1 1
2011355460 22 0 1 0
2011360949 22 0 1 1
2011364652 22 0 1 0
2011370307 22 0 1 1
2011374036 22 0 1 0
2011379774 22 0 1 1
2011383508 22 0 1 0
2011389246 22 0 1 1
2011392901 22 0 1 0
2011398639 22 0 1 1
2011402389 22 0 1 0
2011408044 22 0 1 1
2011411778 22 0 1 0
2011417599 22 0 1 1
2011421258 22 0 1 0
2011427079 22 0 1 1
2011430734 22 0 1 0
2011436555 22 0 1 1
2011440293 22 0 1 0
2011446280 22 0 1 1
2011449935 22 0 1 0
2011455507 22 0 1 1
2011459415 22 0 1 0
2011464572 22 0 1 1
2011465708 20 0 1 1
2011468298 22 0 1 0
2011468883 20 0 1 0
2011474202 22 0 1 1
2011476815 20 0 1 1
2011478031 22 0 1 0
2011479671 20 0 1 0
2011483686 22 0 1 1
2011486661 20 0 1 1
2011487598 22 0 1 0
2011489564 20 0 1 0
2011491925 22 0 1 1
2011498240 22 0 1 0
2011501488 22 0 1 1
2011507589 22 0 1 0
2011510837 22 0 1 1
2011515542 20 0 1 1
2011517266 22 0 1 0
2011518897 20 0 1 0
2011520929 22 0 1 1
2011526121 22 0 1 0
2011526491 20 0 1 1
2011529286 20 0 1 0
2011529618 22 0 1 1
2011534530 22 0 1 0
2011534997 20 0 1 1
2011537564 20 0 1 0
2011537612 22 0 1 1
2011543374 22 0 1 0
2011546622 22 0 1 1
2011549519 20 0 1 1
2011551949 22 0 1 0
2011553390 20 0 1 0
2011555363 22 0 1 1
2011560251 22 0 1 0
2011563250 22 0 1 1
2011564703 20 0 1 1
2011567984 22 0 1 0
2011568909 20 0 1 0
2011571481 22 0 1 1
2011576393 22 0 1 0
2011576654 20 0 1 1
2011579059 20 0 1 0
2011579475 22 0 1 1
2011584296 22 0 1 0
2011585371 20 0 1 1
2011587461 22 0 1 1
2011587860 20 0 1 0
2011592195 22 0 1 0
2011595360 22 0 1 1
2011598217 20 0 1 1
2011599766 22 0 1 0
2011602609 20 0 1 0
2011603180 22 0 1 1
2011607673 22 0 1 0
2011610838 22 0 1 1
2011613585 20 0 1 1
2011615580 22 0 1 0
2011617516 20 0 1 0
2011618828 22 0 1 1
2011623693 22 0 1 0
2011625279 20 0 1 1
2011627190 22 0 1 1
2011627698 20 0 1 0
2011630964 22 0 1 0
2011632006 20 0 1 1
2011634461 22 0 1 1
2011635005 20 0 1 0
2011638290 22 0 1 0
2011641041 20 0 1 1
2011642558 22 0 1 1
2011644588 20 0 1 0
2011646976 22 0 1 0
2011651833 22 0 1 1
2011659789 20 0 1 1
2011661332 22 0 1 0
2011662642 20 0 1 0
2011665596 22 0 1 1
2011674453 22 0 1 0
2011678174 22 0 1 1
2011687349 22 0 1 0
2011691062 22 0 1 1
2011701562 22 0 1 0
2011702359 20 0 1 1
2011705301 22 0 1 1
2011705404 20 0 1 0
2011714735 22 0 1 0
2011718349 22 0 1 1
2011723884 22 0 1 0
2011727140 22 0 1 1
2011735291 22 0 1 0
2011739389 22 0 1 1
2011748370 22 0 1 0
2011752422 22 0 1 1
2011761350 22 0 1 0
2011765697 22 0 1 1
2011774081 22 0 1 0
2011778516 22 0 1 1
2011783005 22 0 1 0
2011786601 22 0 1 1
2011793646 22 0 1 0
2011798844 22 0 1 1
2011802586 22 0 1 0
2011805174 22 0 1 1
2011809515 22 0 1 0
2011814380 22 0 1 1
2011819126 22 0 1 0
2011823998 22 0 1 1
2011828899 22 0 1 0
2011834337 22 0 1 1
2011839186 22 0 1 0
2011846632 22 0 1 1
2011850655 22 0 1 0
2011858217 22 0 1 1
2011862250 22 0 1 0
2011869953 22 0 1 1
2011874177 22 0 1 0
2011882212 22 0 1 1
2011885857 22 0 1 0
2011894469 22 0 1 1
2011897940 22 0 1 0
2011906133 22 0 1 1
2011910106 22 0 1 0
2011931264 22 0 1 1
2011934027 22 0 1 0
2011954268 22 0 1 1
2011957348 22 0 1 0
2011979369 22 0 1 1
2011982183 22 0 1 0
2011990879 22 0 1 1
2011994068 22 0 1 0
2012007119 22 0 1 1
2012009417 22 0 1 0
2012023688 22 0 1 1
2012026630 22 0 1 0
2012046931 22 0 1 1
2012049371 22 0 1 0
2012076475 22 0 1 1
2012079641 22 0 1 0
2012086850 22 0 1 1
2012091144 22 0 1 0
2012095918 22 0 1 1
2012100461 22 0 1 0
2012105235 22 0 1 1
2012108853 22 0 1 0
2012113710 22 0 1 1
2012117589 22 0 1 0
2012122110 22 0 1 1
2012125648 22 0 1 0
2012129816 22 0 1 1
2012134214 22 0 1 0
2012138316 22 0 1 1
2012141727 22 0 1 0
2012145742 22 0 1 1
2012150197 22 0 1 0
2012155473 22 0 1 1
2012158446 22 0 1 0
2012161117 22 0 1 1
2012164358 22 0 1 0
2012167954 22 0 1 1
2012171590 22 0 1 0
2012175273 22 0 1 1
2012179147 22 0 1 0
2012182747 22 0 1 1
2012185577 22 0 1 0
2012189260 22 0 1 1
2012193425 22 0 1 0
2012197191 22 0 1 1
2012200321 22 0 1 0
2012204284 22 0 1 1
2012208943 22 0 1 0
2012213381 22 0 1 1
2012216652 22 0 1 0
2012220938 22 0 1 1
2012224393 22 0 1 0
2012229167 22 0 1 1
2012233466 22 0 1 0
2012238991 22 0 1 1
2012245786 22 0 1 0
2012251608 22 0 1 1
2012255651 22 0 1 0
2012260632 22 0 1 1
2012264658 22 0 1 0
2012269446 22 0 1 1
2012273882 22 0 1 0
2012278821 22 0 1 1
2012282551 22 0 1 0
2012287658 22 0 1 1
2012290435 22 0 1 0
2012294164 22 0 1 1
2012297934 22 0 1 0
2012303795 22 0 1 1
2012307069 22 0 1 0
2012322813 22 0 1 1
2012325270 22 0 1 0
2012340384 22 0 1 1
2012343361 22 0 1 0
2012353156 22 0 1 1
2012355840 22 0 1 0
2012363666 22 0 1 1
2012369618 22 0 1 0
2012374496 22 0 1 1
2012378494 22 0 1 0
2012383093 22 0 1 1
2012387310 22 0 1 0
2012392085 22 0 1 1
2012395219 22 0 1 0
2012438572 22 0 1 1
2012441181 22 0 1 0
2012451250 22 0 1 1
2012453709 22 0 1 0
2012469252 22 0 1 1
2012471794 22 0 1 0
2012482369 22 0 1 1
2012483705 22 0 1 0
2012483915 22 0 1 1
2012484705 22 0 1 0
2012500828 22 0 1 1
2012503139 22 0 1 0
2012681684 22 0 1 1
2012686141 22 0 1 0
2012690571 22 0 1 1
2012693287 22 0 1 0
2012701069 22 0 1 1
2012702675 22 0 1 0
2012725895 22 0 1 1
2012729275 22 0 1 0
2012736599 22 0 1 1
2012739567 22 0 1 0
2012751682 22 0 1 1
2012754547 22 0 1 0
2012767214 22 0 1 1
2012769990 22 0 1 0
2012781523 22 0 1 1
2012785550 22 0 1 0
2012790672 22 0 1 1
2012794447 22 0 1 0
2012800328 22 0 1 1
2012803589 22 0 1 0
2012810359 22 0 1 1
2012813668 22 0 1 0
2012820260 22 0 1 1
2012823537 22 0 1 0
2012828958 22 0 1 1
2012833181 22 0 1 0
2012840445 22 0 1 1
2012844323 22 0 1 0
2012850081 22 0 1 1
2012853383 22 0 1 0
2013238058 7 0 1 1
2013240572 7 0 1 0
2013257749 7 0 1 1
2013260345 7 0 1 0
2013613260 7 0 1 1
2013616936 7 0 1 0
2013624485 7 0 1 1
2013627861 7 0 1 0
2013634069 7 0 1 1
2013638092 7 0 1 0
2013642941 7 0 1 1
2013646975 7 0 1 0
2013652326 7 0 1 1
2013656273 7 0 1 0
2013661790 7 0 1 1
2013665548 7 0 1 0
2013670979 7 0 1 1
2013674706 7 0 1 0
2013680223 7 0 1 1
2013683918 7 0 1 0
2013689518 7 0 1 1
2013693129 7 0 1 0
2013698816 7 0 1 1
2013702593 7 0 1 0
2013708603 7 0 1 1
2013712294 7 0 1 0
2013717566 7 0 1 1
2013721332 7 0 1 0
2013727189 7 0 1 1
2013730878 7 0 1 0
2013736482 7 0 1 1
2013740087 7 0 1 0
2013745442 7 0 1 1
2013749063 7 0 1 0
2013754841 7 0 1 1
2013758396 7 0 1 0
2013766459 7 0 1 1
2013769747 7 0 1 0
2013776637 7 0 1 1
2013780543 7 0 1 0
2013785412 7 0 1 1
2013790548 7 0 1 0
2013796429 7 0 1 1
2013800458 7 0 1 0
2013804988 7 0 1 1
2013808565 7 0 1 0
2013814181 7 0 1 1
2013818787 7 0 1 0
2013825087 7 0 1 1
2013830094 7 0 1 0
2013836730 7 0 1 1
2013841393 7 0 1 0
2013847985 7 0 1 1
2013852153 7 0 1 0
2013858533 7 0 1 1
2013862258 7 0 1 0
2013868214 7 0 1 1
2013871622 7 0 1 0
2015832323 4 0 1 1
2015835509 4 0 1 0
2015843188 4 0 1 1
2015846436 4 0 1 0
2015853708 4 0 1 1
2015856963 4 0 1 0
2015864398 4 0 1 1
2015867672 4 0 1 0
2015874853 4 0 1 1
2015878065 4 0 1 0
2015885242 4 0 1 1
2015888549 4 0 1 0
2015896539 4 0 1 1
2015899551 4 0 1 0
2015906558 4 0 1 1
2015909825 4 0 1 0
2015916753 4 0 1 1
2015920185 4 0 1 0
2015921386 29 0 1 1
2015925427 29 0 1 0
2015927031 4 0 1 1
2015930322 4 0 1 0
2015930653 29 0 1 1
2015934565 29 0 1 0
2015937594 4 0 1 1
2015939563 29 0 1 1
2015940993 4 0 1 0
2015943583 29 0 1 0
2015947820 4 0 1 1
2015951215 4 0 1 0
2015958370 4 0 1 1
2015961861 4 0 1 0
2015969090 4 0 1 1
2015972469 4 0 1 0
2015979279 4 0 1 1
2015982585 4 0 1 0
2015989882 4 0 1 1
2015993383 4 0 1 0
2016000700 4 0 1 1
2016004136 4 0 1 0
2016011627 4 0 1 1
2016015031 4 0 1 0
2016021605 4 0 1 1
2016025225 4 0 1 0
2016031807 4 0 1 1
2016035384 4 0 1 0
2016041707 4 0 1 1
2016045334 4 0 1 0
2016052334 4 0 1 1
2016055730 4 0 1 0
2016062644 4 0 1 1
2016066220 4 0 1 0
2016072958 4 0 1 1
2016076534 4 0 1 0
2016083268 4 0 1 1
2016086841 4 0 1 0
2016093575 4 0 1 1
2016097098 4 0 1 0
2016103780 4 0 1 1
2016107599 4 0 1 0
2016114079 4 0 1 1
2016117658 4 0 1 0
2016123915 4 0 1 1
2016127657 4 0 1 0
2016133727 4 0 1 1
2016137473 4 0 1 0
2016143543 4 0 1 1
2016147119 4 0 1 0
2016153608 4 0 1 1
2016157267 4 0 1 0
2016164088 4 0 1 1
2016167581 4 0 1 0
2016175149 4 0 1 1
2016178559 4 0 1 0
2016185795 4 0 1 1
2016189126 4 0 1 0
2016196192 4 0 1 1
2016199606 4 0 1 0
2016206680 4 0 1 1
2016210094 4 0 1 0
2016217002 4 0 1 1
2016220416 4 0 1 0
2016226826 4 0 1 1
2016231323 4 0 1 0
2016237903 4 0 1 1
2016242728 4 0 1 0
2016249387 4 0 1 1
2016254465 4 0 1 0
2016261203 4 0 1 1
2016266281 4 0 1 0
2016273102 4 0 1 1
2016276765 4 0 1 0
2016280345 4 0 1 1
2016283921 4 0 1 0
2016289746 4 0 1 1
2016294409 4 0 1 0
2016300732 4 0 1 1
2016305308 4 0 1 0
2016311714 4 0 1 1
2016316792 4 0 1 0
2016320367 31 0 1 1
2016323447 4 0 1 1
2016325734 31 0 1 0
2016328857 4 0 1 0
2016329823 31 0 1 1
2016334943 31 0 1 0
2016335512 4 0 1 1
2016339009 4 0 1 0
2016339011 31 0 1 1
2016342423 4 0 1 1
2016344366 31 0 1 0
2016345920 4 0 1 0
2016348408 31 0 1 1
2016352243 4 0 1 1
2016353720 31 0 1 0
2016357497 31 0 1 1
2016358479 4 0 1 0
2016362828 31 0 1 0
2016363889 4 0 1 1
2016367156 31 0 1 1
2016369880 4 0 1 0
2016372696 31 0 1 0
2016375369 4 0 1 1
2016376622 31 0 1 1
2016381356 4 0 1 0
2016382175 31 0 1 0
2016386194 31 0 1 1
2016386600 4 0 1 1
2016390595 4 0 1 0
2016392394 31 0 1 0
2016394005 4 0 1 1
2016396043 31 0 1 1
2016398498 4 0 1 0
2016402029 31 0 1 0
2016403825 4 0 1 1
2016405653 31 0 1 1
2016408625 31 0 1 0
2016409733 4 0 1 0
2016412167 31 0 1 1
2016415554 4 0 1 1
2016416840 31 0 1 0
2016420849 31 0 1 1
2016421213 4 0 1 0
2016425597 31 0 1 0
2016427453 4 0 1 1
2016430842 31 0 1 1
2016430950 4 0 1 0
2016434696 4 0 1 1
2016435277 31 0 1 0
2016437944 4 0 1 0
2016440422 31 0 1 1
2016444188 4 0 1 1
2016444412 31 0 1 0
2016449515 4 0 1 0
2016450264 31 0 1 1
2016453955 31 0 1 0
2016456336 4 0 1 1
2016461248 4 0 1 0
2016464186 31 0 1 1
2016467488 4 0 1 1
2016468030 31 0 1 0
2016472483 4 0 1 0
2016474190 31 0 1 1
2016477981 31 0 1 0
2016478723 4 0 1 1
2016483659 31 0 1 1
2016483884 4 0 1 0
2016487429 31 0 1 0
2016490456 4 0 1 1
2016491970 31 0 1 1
2016495534 4 0 1 0
2016496887 31 0 1 0
2016501264 31 0 1 1
2016502106 4 0 1 1
2016506190 31 0 1 0
2016506852 4 0 1 0
2016510559 31 0 1 1
2016513590 4 0 1 1
2016514815 31 0 1 0
2016518502 4 0 1 0
2016519443 31 0 1 1
2016523679 31 0 1 0
2016525244 4 0 1 1
2016528766 31 0 1 1
2016530239 4 0 1 0
2016533071 31 0 1 0
2016536923 4 0 1 1
2016538044 31 0 1 1
2016541918 4 0 1 0
2016542279 31 0 1 0
2016548660 4 0 1 1
2016553134 31 0 1 1
2016553655 4 0 1 0
2016557335 31 0 1 0
2016560314 4 0 1 1
2016562119 31 0 1 1
2016565060 4 0 1 0
2016566469 31 0 1 0
2016571382 31 0 1 1
2016571470 4 0 1 1
2016575984 31 0 1 0
2016576212 4 0 1 0
2016580722 31 0 1 1
2016582373 4 0 1 1
2016584954 31 0 1 0
2016586953 4 0 1 0
2016589836 31 0 1 1
2016593031 4 0 1 1
2016594527 31 0 1 0
2016597694 4 0 1 0
2016598403 31 0 1 1
2016604183 4 0 1 1
2016604652 31 0 1 0
2016608303 31 0 1 1
2016609012 4 0 1 0
2016614679 31 0 1 0
2016615841 4 0 1 1
2016618368 31 0 1 1
2016620583 4 0 1 0
2016624273 31 0 1 0
2016627325 4 0 1 1
2016627843 31 0 1 1
2016632324 4 0 1 0
2016634297 31 0 1 0
2016637728 31 0 1 1
2016639402 4 0 1 1
2016644111 31 0 1 0
2016644176 4 0 1 0
2016647701 31 0 1 1
2016652340 4 0 1 1
2016654271 31 0 1 0
2016657086 4 0 1 0
2016657993 31 0 1 1
2016664216 31 0 1 0
2016664911 4 0 1 1
2016667774 31 0 1 1
2016667993 4 0 1 0
2016674071 31 0 1 0
2016676403 4 0 1 1
2016677678 31 0 1 1
2016681315 4 0 1 0
2016681788 31 0 1 0
2016688227 4 0 1 1
2016692597 31 0 1 1
2016694139 4 0 1 0
2016697074 31 0 1 0
2016700466 4 0 1 1
2016702774 31 0 1 1
2016706461 4 0 1 0
2016706638 31 0 1 0
2016711992 31 0 1 1
2016713286 4 0 1 1
2016715969 31 0 1 0
2016719534 4 0 1 0
2016721252 31 0 1 1
2016725300 31 0 1 0
2016726363 4 0 1 1
2016730536 31 0 1 1
2016732615 4 0 1 0
2016734646 31 0 1 0
2016739791 4 0 1 1
2016739804 31 0 1 1
2016743746 31 0 1 0
2016745288 4 0 1 0
2016748895 31 0 1 1
2016751038 4 0 1 1
2016752829 31 0 1 0
2016755871 4 0 1 0
2016758070 31 0 1 1
2016759854 30 0 1 1
2016762049 31 0 1 0
2016762115 4 0 1 1
2016764414 30 0 1 0
2016765948 4 0 1 0
2016767842 31 0 1 1
2016768196 30 0 1 1
2016771890 31 0 1 0
2016772560 4 0 1 1
2016772794 30 0 1 0
2016775480 4 0 1 0
2016777003 30 0 1 1
2016777636 31 0 1 1
2016781494 31 0 1 0
2016781811 4 0 1 1
2016781945 30 0 1 0
2016784810 4 0 1 0
2016786063 30 0 1 1
2016787091 31 0 1 1
2016790846 31 0 1 0
2016791298 30 0 1 0
2016791726 4 0 1 1
2016794559 4 0 1 0
2016795587 30 0 1 1
2016796427 31 0 1 1
2016800420 31 0 1 0
2016800706 30 0 1 0
2016803475 4 0 1 1
2016804995 30 0 1 1
2016806101 31 0 1 1
2016806972 4 0 1 0
2016810055 31 0 1 0
2016810276 30 0 1 0
2016814707 30 0 1 1
2016815810 31 0 1 1
2016819409 31 0 1 0
2016820589 30 0 1 0
2016824416 30 0 1 1
2016826005 31 0 1 1
2016829759 31 0 1 0
2016830709 30 0 1 0
2016834384 30 0 1 1
2016836153 31 0 1 1
2016839895 31 0 1 0
2016840576 30 0 1 0
2016844415 30 0 1 1
2016846254 31 0 1 1
2016849830 31 0 1 0
2016850670 30 0 1 0
2016852915 31 0 1 1
2016853180 25 0 1 1
2016857649 31 0 1 0
2016857765 30 0 1 1
2016861097 30 0 1 0
2016861222 31 0 1 1
2016862629 25 0 1 0
2016866036 31 0 1 0
2016866571 30 0 1 1
2016867664 25 0 1 1
2016870004 31 0 1 1
2016870047 30 0 1 0
2016875464 31 0 1 0
2016875581 25 0 1 0
2016875870 30 0 1 1
2016879142 30 0 1 0
2016879187 31 0 1 1
2016880327 25 0 1 1
2016884295 31 0 1 0
2016884820 30 0 1 1
2016887778 31 0 1 1
2016887873 30 0 1 0
2016888316 25 0 1 0
2016893197 31 0 1 0
2016893268 25 0 1 1
2016893537 30 0 1 1
2016897081 30 0 1 0
2016897260 31 0 1 1
2016899614 25 0 1 0
2016902849 31 0 1 0
2016903244 30 0 1 1
2016903977 25 0 1 1
2016906422 30 0 1 0
2016906470 31 0 1 1
2016911966 31 0 1 0
2016912319 25 0 1 0
2016912494 30 0 1 1
2016915630 30 0 1 0
2016915641 31 0 1 1
2016917220 25 0 1 1
2016920674 31 0 1 0
2016921321 30 0 1 1
2016923357 25 0 1 0
2016924026 31 0 1 1
2016924145 30 0 1 0
2016928238 31 0 1 0
2016928603 30 0 1 1
2016928903 25 0 1 1
2016932447 30 0 1 0
2016932508 31 0 1 1
2016933903 25 0 1 0
2016935962 30 0 1 1
2016936062 31 0 1 0
2016937757 30 0 1 0
2016937843 25 0 1 1
2016939510 31 0 1 1
2016941157 30 0 1 1
2016942951 31 0 1 0
2016943533 25 0 1 0
2016944910 30 0 1 0
2016946031 31 0 1 1
2016947631 25 0 1 1
2016949202 30 0 1 1
2016949559 31 0 1 0
2016952830 25 0 1 0
2016953839 30 0 1 0
2016954211 31 0 1 1
2016957956 25 0 1 1
2016958200 31 0 1 0
2016958554 30 0 1 1
2016962835 25 0 1 0
2016963053 30 0 1 0
2016963075 31 0 1 1
2016967209 31 0 1 0
2016967345 30 0 1 1
2016967783 25 0 1 1
2016972608 30 0 1 0
2016972703 31 0 1 1
2016972708 25 0 1 0
2016977492 31 0 1 0
2016978375 30 0 1 1
2016983768 31 0 1 1
2016985980 30 0 1 0
2016988896 31 0 1 0
2016989142 25 0 1 1
2016991968 30 0 1 1
2016992857 25 0 1 0
2016995138 31 0 1 1
2016997497 25 0 1 1
2016997547 30 0 1 0
2017000069 31 0 1 0
2017001883 25 0 1 0
2017002856 30 0 1 1
2017005344 25 0 1 1
2017006334 31 0 1 1
2017007666 30 0 1 0
2017011898 31 0 1 0
2017012065 30 0 1 1
2017013843 25 0 1 0
2017016549 31 0 1 1
2017018019 30 0 1 0
2017018043 25 0 1 1
2017022821 30 0 1 1
2017024881 31 0 1 0
2017025023 25 0 1 0
2017029273 31 0 1 1
2017029451 30 0 1 0
2017029493 25 0 1 1
2017034636 30 0 1 1
2017035571 31 0 1 0
2017036556 25 0 1 0
2017039126 30 0 1 0
2017039986 31 0 1 1
2017040007 25 0 1 1
2017043992 31 0 1 0
2017044562 30 0 1 1
2017046986 25 0 1 0
2017048224 30 0 1 0
2017048382 31 0 1 1
2017050515 25 0 1 1
2017052120 31 0 1 0
2017052318 30 0 1 1
2017056586 30 0 1 0
2017057020 31 0 1 1
2017057432 25 0 1 0
2017061007 31 0 1 0
2017061694 30 0 1 1
2017062340 25 0 1 1
2017065653 30 0 1 0
2017065741 31 0 1 1
2017066879 25 0 1 0
2017069728 31 0 1 0
2017070336 30 0 1 1
2017072351 25 0 1 1
2017074877 31 0 1 1
2017075174 30 0 1 0
2017076459 25 0 1 0
2017078117 31 0 1 0
2017080859 31 0 1 1
2017081193 30 0 1 1
2017081807 25 0 1 1
2017084265 31 0 1 0
2017085936 25 0 1 0
2017087347 30 0 1 0
2017088750 31 0 1 1
2017091145 25 0 1 1
2017092654 31 0 1 0
2017093034 30 0 1 1
2017095053 25 0 1 0
2017097033 30 0 1 0
2017097226 31 0 1 1
2017100543 25 0 1 1
2017101296 31 0 1 0
2017101463 30 0 1 1
2017104455 25 0 1 0
2017105383 30 0 1 0
2017105698 31 0 1 1
2017109519 31 0 1 0
2017109561 30 0 1 1
2017111198 25 0 1 1
2017113785 30 0 1 0
2017114087 31 0 1 1
2017114577 25 0 1 0
2017118572 31 0 1 0
2017118970 30 0 1 1
2017121962 30 0 1 0
2017122061 31 0 1 1
2017122084 25 0 1 1
2017125470 25 0 1 0
2017130115 31 0 1 0
2017131980 25 0 1 1
2017133272 31 0 1 1
2017135753 25 0 1 0
2017139188 30 0 1 1
2017141409 31 0 1 0
2017143201 30 0 1 0
2017143505 25 0 1 1
2017144732 31 0 1 1
2017146560 25 0 1 0
2017150213 31 0 1 0
2017150983 30 0 1 1
2017152311 20 0 1 1
2017153204 31 0 1 1
2017153374 30 0 1 0
2017154402 25 0 1 1
2017157018 20 0 1 0
2017157697 25 0 1 0
2017161424 31 0 1 0
2017163152 20 0 1 1
2017164332 31 0 1 1
2017165081 25 0 1 1
2017166515 20 0 1 0
2017168304 25 0 1 0
2017169520 30 0 1 1
2017172469 31 0 1 0
2017173633 30 0 1 0
2017173752 20 0 1 1
2017175557 25 0 1 1
2017175626 31 0 1 1
2017177372 20 0 1 0
2017178765 25 0 1 0
2017183933 31 0 1 0
2017184605 20 0 1 1
2017185162 30 0 1 1
2017185874 30 0 1 0
2017186385 25 0 1 1
2017186841 31 0 1 1
2017187889 20 0 1 0
2017189784 25 0 1 0
2017193055 30 0 1 1
2017194895 31 0 1 0
2017195612 20 0 1 1
2017196482 30 0 1 0
2017198799 31 0 1 1
2017198896 20 0 1 0
2017203616 31 0 1 0
2017206200 20 0 1 1
2017208765 31 0 1 1
2017209642 20 0 1 0
2017212695 30 0 1 1
2017213531 25 0 1 1
2017213831 31 0 1 0
2017215817 25 0 1 0
2017216599 30 0 1 0
2017221025 30 0 1 1
2017225768 30 0 1 0
2017230351 31 0 1 1
2017233425 31 0 1 0
2017243305 31 0 1 1
2017247126 31 0 1 0
2017256425 31 0 1 1
2017262072 31 0 1 0
2017271620 31 0 1 1
2017276271 31 0 1 0
2017286483 31 0 1 1
2017291134 31 0 1 0
2017301018 31 0 1 1
2017305337 31 0 1 0
2017315217 31 0 1 1
2017319038 31 0 1 0
2017401494 31 0 1 1
2017405675 31 0 1 0
2017409769 30 0 1 1
2017411402 31 0 1 1
2017413322 30 0 1 0
2017415524 31 0 1 0
2017421500 31 0 1 1
2017422132 30 0 1 1
2017425322 30 0 1 0
2017425875 31 0 1 0
2017430839 31 0 1 1
2017433251 30 0 1 1
2017435313 31 0 1 0
2017438129 30 0 1 0
2017440206 31 0 1 1
2017448700 30 0 1 1
2017449230 31 0 1 0
2017452190 31 0 1 1
2017452261 30 0 1 0
2017458712 30 0 1 1
2017459692 31 0 1 0
2017463410 30 0 1 0
2017465471 31 0 1 1
2017469096 31 0 1 0
2017472299 30 0 1 1
2017474726 30 0 1 0
2017477481 31 0 1 1
2017481651 31 0 1 0
2017485536 31 0 1 1
2017491939 31 0 1 0
2017496666 31 0 1 1
2017503743 31 0 1 0
2017507794 31 0 1 1
2017514788 31 0 1 0
2017519689 31 0 1 1
2017525548 31 0 1 0
2017530265 31 0 1 1
2017535035 31 0 1 0
2017539697 31 0 1 1
2017545132 31 0 1 0
2017548736 31 0 1 1
2017553280 31 0 1 0
2017556540 31 0 1 1
2017562141 31 0 1 0
2017566157 31 0 1 1
2017572537 31 0 1 0
2017578157 31 0 1 1
2017583255 31 0 1 0
2017589627 31 0 1 1
2017596569 31 0 1 0
2017603551 31 0 1 1
2017611884 31 0 1 0
2017618959 31 0 1 1
2017625954 31 0 1 0
2017632950 31 0 1 1
2017640087 31 0 1 0
2017645557 31 0 1 1
2017652457 31 0 1 0
2017657587 31 0 1 1
2017663305 31 0 1 0
2017668317 31 0 1 1
2017673836 31 0 1 0
2017678745 31 0 1 1
2017683150 31 0 1 0
2017688558 31 0 1 1
2017693940 31 0 1 0
2017699335 31 0 1 1
2017704574 31 0 1 0
2017710151 31 0 1 1
2017715321 31 0 1 0
2017721255 31 0 1 1
2017728780 31 0 1 0
2017736114 31 0 1 1
2017741429 31 0 1 0
2017746412 31 0 1 1
2017751146 31 0 1 0
2017766670 31 0 1 1
2017775886 31 0 1 0
2017779873 31 0 1 1
2017787346 31 0 1 0
2017791416 31 0 1 1
2017799470 31 0 1 0
2017803125 31 0 1 1
2017814665 31 0 1 0
2017817660 31 0 1 1
2017827374 31 0 1 0
2017830199 31 0 1 1
2017841490 31 0 1 0
2017846197 31 0 1 1
2017853089 31 0 1 0
2017857574 31 0 1 1
2017864632 31 0 1 0
2017869366 31 0 1 1
2017876903 31 0 1 0
2017880898 31 0 1 1
2017885494 31 0 1 0
2017889687 31 0 1 1
2017897935 31 0 1 0
2017901685 31 0 1 1
2017907498 31 0 1 0
2017910240 31 0 1 1
2017916800 31 0 1 0
2017920791 31 0 1 1
2017928430 31 0 1 0
2017931147 4 0 1 1
2017933081 31 0 1 1
2017933232 4 0 1 0
2017939309 31 0 1 0
2017945122 31 0 1 1
2017950686 31 0 1 0
2017956001 31 0 1 1
2017961731 31 0 1 0
2017967876 31 0 1 1
2017972693 31 0 1 0
2017979668 31 0 1 1
2017983655 31 0 1 0
2017991630 31 0 1 1
2017995036 31 0 1 0
2018001015 31 0 1 1
2018004006 31 0 1 0
2018012641 31 0 1 1
2018016047 31 0 1 0
2018028583 31 0 1 1
2018031823 31 0 1 0
2018055730 31 0 1 1
2018058057 31 0 1 0
2018086127 31 0 1 1
2018088371 31 0 1 0
2018098583 31 0 1 1
2018100910 31 0 1 0
2018114877 31 0 1 1
2018117153 31 0 1 0
2018124623 31 0 1 1
2018129077 31 0 1 0
2018141485 31 0 1 1
2018145567 31 0 1 0
2018171405 31 0 1 1
2018174863 31 0 1 0
2018192724 31 0 1 1
2018196791 31 0 1 0
2019084784 22 0 1 1
2019089053 22 0 1 0
2019093827 22 0 1 1
2019098171 22 0 1 0
2019102942 22 0 1 1
2019107151 22 0 1 0
2019111838 22 0 1 1
2019116202 22 0 1 0
2019120719 22 0 1 1
2019125249 22 0 1 0
2019129699 22 0 1 1
2019134296 22 0 1 0
2019138967 22 0 1 1
2019143343 22 0 1 0
2019147935 22 0 1 1
2019152473 22 0 1 0
2019157061 22 0 1 1
2019161520 22 0 1 0
2019166112 22 0 1 1
2019170571 22 0 1 0
2019171814 5 0 1 1
2019175046 5 0 1 0
2019175159 22 0 1 1
2019179705 22 0 1 0
2019184297 22 0 1 1
2019188752 22 0 1 0
2019193261 22 0 1 1
2019197633 22 0 1 0
2019200227 5 0 1 1
2019202221 22 0 1 1
2019203595 5 0 1 0
2019206846 22 0 1 0
2019211268 22 0 1 1
2019211570 5 0 1 1
2019214661 5 0 1 0
2019215893 22 0 1 0
2019220359 22 0 1 1
2019222147 5 0 1 1
2019225106 22 0 1 0
2019225451 5 0 1 0
2019229690 22 0 1 1
2019230535 5 0 1 1
2019233908 5 0 1 0
2019234377 22 0 1 0
2019238796 22 0 1 1
2019241402 5 0 1 1
2019243947 22 0 1 0
2019244478 5 0 1 0
2019247789 22 0 1 1
2019252065 5 0 1 1
2019253316 22 0 1 0
2019255463 5 0 1 0
2019257154 22 0 1 1
2019261036 22 0 1 0
2019263546 5 0 1 1
2019266675 5 0 1 0
2019274051 22 0 1 1
2019274490 5 0 1 1
2019276565 22 0 1 0
2019277678 5 0 1 0
2019283015 5 0 1 1
2019284738 22 0 1 1
2019286624 5 0 1 0
2019287770 22 0 1 0
2019294769 5 0 1 1
2019297050 22 0 1 1
2019297989 5 0 1 0
2019299888 22 0 1 0
2019303521 5 0 1 1
2019307147 5 0 1 0
2019309595 22 0 1 1
2019312176 22 0 1 0
2019316242 5 0 1 1
2019319702 5 0 1 0
2019324733 22 0 1 1
2019327492 22 0 1 0
2019327799 5 0 1 1
2019330706 5 0 1 0
2019338213 5 0 1 1
2019339369 22 0 1 1
2019341264 5 0 1 0
2019342104 22 0 1 0
2019351776 5 0 1 1
2019355231 5 0 1 0
2019363998 5 0 1 1
2019366736 5 0 1 0
2019374788 5 0 1 1
2019378223 5 0 1 0
2019387509 5 0 1 1
2019390320 5 0 1 0
2019396672 5 0 1 1
2019399970 5 0 1 0
2019410237 5 0 1 1
2019410470 5 0 1 0
2019410755 5 0 1 1
2019414177 5 0 1 0
2019423361 5 0 1 1
2019426167 5 0 1 0
2019434268 5 0 1 1
2019436992 5 0 1 0
2019449111 5 0 1 1
2019452321 5 0 1 0
2019508191 6 0 1 1
2019511515 6 0 1 0
2019517967 6 0 1 1
2019522212 6 0 1 0
2019527208 6 0 1 1
2019531369 6 0 1 0
2019538049 6 0 1 1
2019542570 6 0 1 0
2019547657 6 0 1 1
2019552251 6 0 1 0
2019556920 6 0 1 1
2019561165 6 0 1 0
2019565962 6 0 1 1
2019570291 6 0 1 0
2019575018 6 0 1 1
2019579726 6 0 1 0
2019584889 6 0 1 1
2019588857 6 0 1 0
2019595030 6 0 1 1
2019599039 6 0 1 0
2019603962 22 0 1 1
2019605092 6 0 1 1
2019608580 22 0 1 0
2019609172 6 0 1 0
2019612670 22 0 1 1
2019615446 6 0 1 1
2019619001 6 0 1 0
2019624174 22 0 1 0
2019625725 6 0 1 1
2019627849 22 0 1 1
2019629546 6 0 1 0
2019633470 22 0 1 0
2019634838 6 0 1 1
2019637734 6 0 1 0
2019638311 22 0 1 1
2019642281 22 0 1 0
2019645717 6 0 1 1
2019647458 22 0 1 1
2019648904 6 0 1 0
2019653084 22 0 1 0
2019656067 6 0 1 1
2019658510 22 0 1 1
2019659983 6 0 1 0
2019662464 22 0 1 0
2019666720 22 0 1 1
2019668763 6 0 1 1
2019672093 22 0 1 0
2019672427 6 0 1 0
2019677634 22 0 1 1
2019681483 22 0 1 0
2019686639 6 0 1 1
2019686855 22 0 1 1
2019690636 6 0 1 0
2019692982 22 0 1 0
2019698233 6 0 1 1
2019698599 22 0 1 1
2019701712 6 0 1 0
2019702217 22 0 1 0
2019708804 6 0 1 1
2019712288 6 0 1 0
2019718684 22 0 1 1
2019719497 6 0 1 1
2019721100 22 0 1 0
2019723016 6 0 1 0
2019729876 6 0 1 1
2019733897 6 0 1 0
2019741139 6 0 1 1
2019743055 22 0 1 1
2019743566 6 0 1 0
2019745686 22 0 1 0
2019748874 6 0 1 1
2019752982 6 0 1 0
2019760597 6 0 1 1
2019763428 6 0 1 0
2019763647 22 0 1 1
2019766264 22 0 1 0
2019769121 6 0 1 1
2019773178 6 0 1 0
2019780147 6 0 1 1
2019784543 6 0 1 0
2019784721 22 0 1 1
2019787178 22 0 1 0
2019790140 6 0 1 1
2019795398 6 0 1 0
2019800825 6 0 1 1
2019806103 6 0 1 0
2019811985 6 0 1 1
2019817776 6 0 1 0
2019821751 6 0 1 1
2019825598 6 0 1 0
2019831611 6 0 1 1
2019834836 6 0 1 0
2019849405 6 0 1 1
2019849596 6 0 1 0
2019853807 6 0 1 1
2019857796 6 0 1 0
2019865551 6 0 1 1
2019869505 6 0 1 0
2019875042 6 0 1 1
2019878906 6 0 1 0
2019887332 6 0 1 1
2019891043 6 0 1 0
2019898962 6 0 1 1
2019902613 6 0 1 0
2019908232 6 0 1 1
2019910755 6 0 1 0
2019916077 6 0 1 1
2019920052 6 0 1 0
2019925352 6 0 1 1
2019928740 6 0 1 0
2019935752 6 0 1 1
2019939412 6 0 1 0
2019945759 6 0 1 1
2019949444 6 0 1 0
2019955938 6 0 1 1
2019959408 6 0 1 0
2019965437 6 0 1 1
2019969105 6 0 1 0
2019975252 6 0 1 1
2019978989 6 0 1 0
2019984719 6 0 1 1
2019988722 6 0 1 0
2019994200 6 0 1 1
2019999494 6 0 1 0
2020005233 6 0 1 1
2020011059 6 0 1 0
2020015098 6 0 1 1
2020019813 6 0 1 0
2020024777 6 0 1 1
2020030496 6 0 1 0
2020034539 6 0 1 1
2020040100 6 0 1 0
2020043641 6 0 1 1
2020048435 6 0 1 0
2020052984 6 0 1 1
2020056600 6 0 1 0
2020060896 6 0 1 1
2020064686 6 0 1 0
2020067124 6 0 1 1
2020071424 6 0 1 0
2020076305 6 0 1 1
2020082194 6 0 1 0
2020086731 6 0 1 1
2020092845 6 0 1 0
2020099797 6 0 1 1
2020102472 6 0 1 0
2020118725 6 0 1 1
2020121487 6 0 1 0
2020138993 6 0 1 1
2020141589 6 0 1 0
2020145822 31 0 1 1
2020149303 31 0 1 0
2020155588 31 0 1 1
2020159243 31 0 1 0
2020161554 6 0 1 1
2020163988 6 0 1 0
2020165462 31 0 1 1
2020169175 31 0 1 0
2020175393 31 0 1 1
2020178933 31 0 1 0
2020185634 31 0 1 1
2020189472 31 0 1 0
2020196085 31 0 1 1
2020199492 31 0 1 0
2020205979 31 0 1 1
2020209371 31 0 1 0
2020215612 31 0 1 1
2020219236 31 0 1 0
2020225653 31 0 1 1
2020229074 31 0 1 0
2020235562 31 0 1 1
2020239254 31 0 1 0
2020245924 31 0 1 1
2020249421 31 0 1 0
2020256181 31 0 1 1
2020259891 31 0 1 0
2020266432 31 0 1 1
2020269977 31 0 1 0
2020276736 31 0 1 1
2020280338 31 0 1 0
2020286439 31 0 1 1
2020290056 31 0 1 0
2020300993 31 0 1 1
2020304230 31 0 1 0
2020314972 31 0 1 1
2020317870 31 0 1 0
2020327060 31 0 1 1
2020330154 31 0 1 0
2020341897 31 0 1 1
2020344789 31 0 1 0
2020356345 31 0 1 1
2020359285 31 0 1 0
2020370207 31 0 1 1
2020372958 31 0 1 0
2020382160 31 0 1 1
2020385302 31 0 1 0
2020397787 31 0 1 1
2020400645 31 0 1 0
2020420014 31 0 1 1
2020422619 31 0 1 0
2020455301 31 0 1 1
2020457898 31 0 1 0
2023190431 18 0 1 1
2023195802 18 0 1 0
2023200003 18 0 1 1
2023205038 18 0 1 0
2023209666 18 0 1 1
2023214373 18 0 1 0
2023220835 18 0 1 1
2023224688 18 0 1 0
2023230590 18 0 1 1
2023234596 18 0 1 0
2023240512 18 0 1 1
2023244621 18 0 1 0
2023249777 18 0 1 1
2023254138 18 0 1 0
2023259449 18 0 1 1
2023263715 18 0 1 0
2023268793 18 0 1 1
2023273102 18 0 1 0
2023277966 18 0 1 1
2023282434 18 0 1 0
2023287313 18 0 1 1
2023291749 18 0 1 0
2023296658 18 0 1 1
2023301601 18 0 1 0
2023305877 18 0 1 1
2023311030 18 0 1 0
2023315220 18 0 1 1
2023320369 18 0 1 0
2023324896 18 0 1 1
2023330109 18 0 1 0
2023334355 18 0 1 1
2023339345 18 0 1 0
2023343567 18 0 1 1
2023348509 18 0 1 0
2023352933 18 0 1 1
2023357960 18 0 1 0
2023362222 18 0 1 1
2023367281 18 0 1 0
2023374289 18 0 1 1
2023377807 18 0 1 0
2023385310 18 0 1 1
2023390046 18 0 1 0
2023394892 18 0 1 1
2023399536 18 0 1 0
2023404797 18 0 1 1
2023408797 18 0 1 0
2023414730 18 0 1 1
2023418726 18 0 1 0
2023424256 18 0 1 1
2023428481 18 0 1 0
2023434406 18 0 1 1
2023438125 18 0 1 0
2023443880 18 0 1 1
2023447607 18 0 1 0
2023454376 18 0 1 1
2023457884 18 0 1 0
2023463310 18 0 1 1
2023467804 18 0 1 0
2023472719 18 0 1 1
2023477667 18 0 1 0
2023482411 18 0 1 1
2023487135 18 0 1 0
2023491959 18 0 1 1
2023496614 18 0 1 0
2023501444 18 0 1 1
2023506176 18 0 1 0
2023510877 18 0 1 1
2023514223 18 0 1 0
2023525779 18 0 1 1
2023528693 18 0 1 0
2023574127 19 0 1 1
2023585703 19 0 1 0
2023588544 19 0 1 1
2023599873 19 0 1 0
2023603536 19 0 1 1
2023609288 19 0 1 0
2023612872 19 0 1 1
2023620620 19 0 1 0
2023623453 19 0 1 1
2023634628 19 0 1 0
2023637627 19 0 1 1
2023648980 19 0 1 0
2023651813 19 0 1 1
2023666571 19 0 1 0
2023669736 19 0 1 1
2023679405 19 0 1 0
2023683234 19 0 1 1
2023691488 19 0 1 0
2023694736 19 0 1 1
2023702318 19 0 1 0
2023705483 19 0 1 1
2023714575 19 0 1 0
2023719234 19 0 1 1
2023723256 19 0 1 0
2023726504 19 0 1 1
2023730476 19 0 1 0
2023733883 19 0 1 1
2023742449 19 0 1 0
2023745448 19 0 1 1
2023750015 26 0 1 1
2023753876 19 0 1 0
2023754969 26 0 1 0
2023756709 19 0 1 1
2023759249 26 0 1 1
2023763967 26 0 1 0
2023765398 19 0 1 0
2023768068 26 0 1 1
2023768231 19 0 1 1
2023773306 26 0 1 0
2023776173 19 0 1 0
2023777307 26 0 1 1
2023779172 19 0 1 1
2023782495 26 0 1 0
2023785782 19 0 1 0
2023786846 26 0 1 1
2023788781 19 0 1 1
2023791506 26 0 1 0
2023795130 19 0 1 0
2023796536 26 0 1 1
2023798046 19 0 1 1
2023800770 26 0 1 0
2023805075 19 0 1 0
2023805708 26 0 1 1
2023808738 19 0 1 1
2023809793 26 0 1 0
2023814816 26 0 1 1
2023816269 19 0 1 0
2023818855 26 0 1 0
2023819849 19 0 1 1
2023827297 19 0 1 0
2023830877 19 0 1 1
2023838748 19 0 1 0
2023842581 19 0 1 1
2023849905 19 0 1 0
2023853655 19 0 1 1
2023860265 19 0 1 0
2023864347 19 0 1 1
2023871044 19 0 1 0
2023875707 19 0 1 1
2023882079 19 0 1 0
2023887240 19 0 1 1
2023893503 19 0 1 0
2023897249 19 0 1 1
2023902233 19 0 1 0
2023905813 19 0 1 1
2023913007 19 0 1 0
2023917998 19 0 1 1
2023925916 19 0 1 0
2023931616 19 0 1 1
2023936623 19 0 1 0
2023940954 19 0 1 1
2023945266 19 0 1 0
2023951170 19 0 1 1
2023956339 19 0 1 0
2023960252 19 0 1 1
2023964604 19 0 1 0
2023970508 19 0 1 1
2023975714 19 0 1 0
2023980041 19 0 1 1
2023983744 19 0 1 0
2023989399 19 0 1 1
2023994799 19 0 1 0
2023998628 19 0 1 1
2024002513 19 0 1 0
2024007971 19 0 1 1
2024013323 19 0 1 0
2024017405 19 0 1 1
2024021373 19 0 1 0
2024026724 19 0 1 1
2024032337 19 0 1 0
2024036352 19 0 1 1
2024040984 19 0 1 0
2024046762 19 0 1 1
2024052126 19 0 1 0
2024055888 19 0 1 1
2024059828 19 0 1 0
2024065772 19 0 1 1
2024071698 19 0 1 0
2024075207 19 0 1 1
2024078713 19 0 1 0
2024083671 19 0 1 1
2024089888 19 0 1 0
2024093676 19 0 1 1
2024098252 19 0 1 0
2024101928 19 0 1 1
2024110627 19 0 1 0
2024115841 19 0 1 1
2024121112 19 0 1 0
2024124451 19 0 1 1
2024130383 19 0 1 0
2024135983 19 0 1 1
2024143054 19 0 1 0
2024146814 19 0 1 1
2024150429 19 0 1 0
2024154358 19 0 1 1
2024160198 19 0 1 0
2024163454 19 0 1 1
2024172007 19 0 1 0
2024175512 19 0 1 1
2024181517 19 0 1 0
2024185271 19 0 1 1
2024190589 19 0 1 0
2024194422 19 0 1 1
2024200005 19 0 1 0
2024204751 19 0 1 1
2024209152 19 0 1 0
2024213981 19 0 1 1
2024218307 19 0 1 0
2024223136 19 0 1 1
2024227466 19 0 1 0
2024232544 19 0 1 1
2024236954 19 0 1 0
2024241613 19 0 1 1
2024245947 19 0 1 0
2024250523 19 0 1 1
2024255165 19 0 1 0
2024259869 19 0 1 1
2024271138 19 0 1 0
2024274386 19 0 1 1
2024286126 19 0 1 0
2024289457 19 0 1 1
2024296162 19 0 1 0
2024300655 19 0 1 1
2024307811 19 0 1 0
2024310976 19 0 1 1
2024321237 19 0 1 0
2024324651 19 0 1 1
2024335023 19 0 1 0
2024337607 19 0 1 1
2024348623 19 0 1 0
2024351373 19 0 1 1
2024360669 19 0 1 0
2024363896 19 0 1 1
2024372786 19 0 1 0
2024375370 19 0 1 1
2024382875 19 0 1 0
2024385293 19 0 1 1
2024397112 19 0 1 0
2024400609 19 0 1 1
2024406939 19 0 1 0
2024410934 19 0 1 1
2024416446 19 0 1 0
2024420524 19 0 1 1
2024425426 19 0 1 0
2024429451 19 0 1 1
2024433968 19 0 1 0
2024438212 19 0 1 1
2024442227 19 0 1 0
2024446720 19 0 1 1
2024450491 19 0 1 0
2024454735 19 0 1 1
2024457699 19 0 1 0
2024465341 19 0 1 1
2024469146 19 0 1 0
2024475465 19 0 1 1
2024480368 19 0 1 0
2024486106 19 0 1 1
2024487052 26 0 1 1
2024489984 19 0 1 0
2024490093 26 0 1 0
2024493647 19 0 1 1
2024496524 19 0 1 0
2024500187 19 0 1 1
2024500920 26 0 1 1
2024503388 19 0 1 0
2024503699 26 0 1 0
2024508213 19 0 1 1
2024511300 19 0 1 0
2024513683 26 0 1 1
2024516042 19 0 1 1
2024516519 26 0 1 0
2024519109 19 0 1 0
2024524764 19 0 1 1
2024526799 26 0 1 1
2024529302 19 0 1 0
2024529596 26 0 1 0
2024536062 19 0 1 1
2024539135 19 0 1 0
2024540698 26 0 1 1
2024543596 26 0 1 0
2024546019 19 0 1 1
2024548707 19 0 1 0
2024555219 26 0 1 1
2024555568 19 0 1 1
2024558071 26 0 1 0
2024559821 19 0 1 0
2024568049 19 0 1 1
2024570832 19 0 1 0
2024572283 26 0 1 1
2024574908 26 0 1 0
2024577317 19 0 1 1
2024581064 19 0 1 0
2024588960 19 0 1 1
2024589049 26 0 1 1
2024591638 26 0 1 0
2024591972 19 0 1 0
2024598955 19 0 1 1
2024601963 19 0 1 0
2024606539 19 0 1 1
2024606972 26 0 1 1
2024609721 26 0 1 0
2024610867 19 0 1 0
2024618265 19 0 1 1
2024622254 19 0 1 0
2024625531 26 0 1 1
2024627328 19 0 1 1
2024628204 26 0 1 0
2024630395 19 0 1 0
2024635141 19 0 1 1
2024639034 19 0 1 0
2024640138 26 0 1 1
2024643278 19 0 1 1
2024643302 26 0 1 0
2024646641 19 0 1 0
2024651051 19 0 1 1
2024652292 26 0 1 1
2024655023 19 0 1 0
2024655462 26 0 1 0
2024660097 19 0 1 1
2024663488 19 0 1 0
2024663976 26 0 1 1
2024666653 19 0 1 1
2024667329 26 0 1 0
2024671356 19 0 1 0
2024674438 19 0 1 1
2024676849 26 0 1 1
2024679382 26 0 1 0
2024684360 19 0 1 0
2024688106 19 0 1 1
2024702887 19 0 1 0
2024710368 19 0 1 1
2024720763 19 0 1 0
2024726418 19 0 1 1
2024735320 19 0 1 0
2024742469 19 0 1 1
2024755688 19 0 1 0
2024763252 19 0 1 1
2024769606 19 0 1 0
2024775261 19 0 1 1
2024783328 19 0 1 0
2024788734 19 0 1 1
2024798275 19 0 1 0
2024804345 19 0 1 1
2024810941 19 0 1 0
2024816596 19 0 1 1
2024823350 19 0 1 0
2024828926 19 0 1 1
2024833009 19 0 1 0
2024890684 8 0 1 1
2024895670 8 0 1 0
2024899598 8 0 1 1
2024904540 8 0 1 0
2024907975 10 0 1 1
2024908547 8 0 1 1
2024911402 10 0 1 0
2024912825 8 0 1 0
2024916832 8 0 1 1
2024919008 10 0 1 1
2024921616 8 0 1 0
2024922174 10 0 1 0
2024926038 8 0 1 1
2024929017 10 0 1 1
2024931067 8 0 1 0
2024932270 10 0 1 0
2024935572 8 0 1 1
2024940427 8 0 1 0
2024944600 8 0 1 1
2024949420 8 0 1 0
2024953396 10 0 1 1
2024953623 8 0 1 1
2024955823 10 0 1 0
2024957898 8 0 1 0
2024962075 8 0 1 1
2024966685 8 0 1 0
2024970804 8 0 1 1
2024975638 8 0 1 0
2024979815 8 0 1 1
2024984582 8 0 1 0
2024988926 8 0 1 1
2024993631 8 0 1 0
2024997808 8 0 1 1
2024999326 10 0 1 1
2025001745 10 0 1 0
2025002343 8 0 1 0
2025006939 8 0 1 1
2025011715 8 0 1 0
2025015892 8 0 1 1
2025020581 8 0 1 0
2025024916 8 0 1 1
2025026418 10 0 1 1
2025026504 10 0 1 0
2025027120 10 0 1 1
2025029210 8 0 1 0
2025029452 10 0 1 0
2025033719 8 0 1 1
2025038163 8 0 1 0
2025042917 8 0 1 1
2025044683 10 0 1 1
2025047290 8 0 1 0
2025047525 10 0 1 0
2025052081 8 0 1 1
2025056658 8 0 1 0
2025058235 10 0 1 1
2025061077 10 0 1 0
2025061250 8 0 1 1
2025065595 8 0 1 0
2025069205 10 0 1 1
2025069628 11 0 1 1
2025069938 8 0 1 1
2025072466 10 0 1 0
2025073366 11 0 1 0
2025073868 8 0 1 0
2025078539 8 0 1 1
2025078998 11 0 1 1
2025081142 9 0 1 1
2025082480 10 0 1 1
2025082726 8 0 1 0
2025082975 11 0 1 0
2025084382 9 0 1 0
2025084804 10 0 1 0
2025088318 8 0 1 1
2025090299 11 0 1 1
2025090892 9 0 1 1
2025091733 8 0 1 0
2025093620 11 0 1 0
2025093913 9 0 1 0
2025100359 11 0 1 1
2025102265 9 0 1 1
2025102351 9 0 1 0
2025102439 19 0 1 1
2025102524 9 0 1 1
2025103928 11 0 1 0
2025105452 9 0 1 0
2025106613 19 0 1 0
2025109645 10 0 1 1
2025110244 11 0 1 1
2025112649 10 0 1 0
2025113532 11 0 1 0
2025117396 9 0 1 1
2025119496 11 0 1 1
2025120913 9 0 1 0
2025123074 11 0 1 0
2025127012 10 0 1 1
2025128727 11 0 1 1
2025129252 9 0 1 1
2025129759 10 0 1 0
2025131797 11 0 1 0
2025132097 9 0 1 0
2025137957 11 0 1 1
2025141208 11 0 1 0
2025142532 9 0 1 1
2025145547 9 0 1 0
2025147338 11 0 1 1
2025150136 11 0 1 0
2025155815 9 0 1 1
2025157379 11 0 1 1
2025158913 9 0 1 0
2025160208 11 0 1 0
2025166281 11 0 1 1
2025169347 9 0 1 1
2025169695 11 0 1 0
2025172199 9 0 1 0
2025176609 11 0 1 1
2025179735 11 0 1 0
2025182077 9 0 1 1
2025184521 9 0 1 0
2025189811 11 0 1 1
2025193624 11 0 1 0
2025197096 10 0 1 1
2025199653 10 0 1 0
2025200317 11 0 1 1
2025203688 11 0 1 0
2025211302 11 0 1 1
2025214367 11 0 1 0
2025221523 11 0 1 1
2025225486 11 0 1 0
2025230380 11 0 1 1
2025234718 11 0 1 0
2025239818 11 0 1 1
2025244580 11 0 1 0
2025249892 11 0 1 1
2025253943 11 0 1 0
2025258812 11 0 1 1
2025263292 11 0 1 0
2025268650 11 0 1 1
2025273041 11 0 1 0
2025277935 11 0 1 1
2025281832 11 0 1 0
2025286899 11 0 1 1
2025291300 11 0 1 0
2025296356 11 0 1 1
2025300682 11 0 1 0
2025305675 11 0 1 1
2025310021 11 0 1 0
2025315041 11 0 1 1
2025319232 11 0 1 0
2025324667 11 0 1 1
2025328564 11 0 1 0
2025330657 10 0 1 1
2025333878 10 0 1 0
2025338318 11 0 1 1
2025343881 11 0 1 0
2025350048 11 0 1 1
2025354822 11 0 1 0
2025356979 10 0 1 1
2025358780 11 0 1 1
2025360029 11 0 1 0
2025360937 10 0 1 0
2025364362 11 0 1 1
2025369120 10 0 1 1
2025370344 11 0 1 0
2025372309 10 0 1 0
2025377712 10 0 1 1
2025377878 11 0 1 1
2025380133 10 0 1 0
2025383051 11 0 1 0
2025389973 11 0 1 1
2025392438 10 0 1 1
2025394996 10 0 1 0
2025395082 11 0 1 0
2025403032 11 0 1 1
2025407519 10 0 1 1
2025408252 11 0 1 0
2025410659 10 0 1 0
2025415690 11 0 1 1
2025420513 10 0 1 1
2025421545 11 0 1 0
2025424607 10 0 1 0
2025428337 11 0 1 1
2025433950 11 0 1 0
2025439955 11 0 1 1
2025445782 11 0 1 0
2025451670 11 0 1 1
2025456405 10 0 1 1
2025457287 11 0 1 0
2025459799 10 0 1 0
2025464055 11 0 1 1
2025466472 10 0 1 1
2025468399 10 0 1 0
2025469739 11 0 1 0
2025476492 11 0 1 1
2025482646 11 0 1 0
2025489498 11 0 1 1
2025495369 11 0 1 0
2025500815 10 0 1 1
2025502236 11 0 1 1
2025504295 10 0 1 0
2025506123 11 0 1 0
2025512556 11 0 1 1
2025516715 11 0 1 0
2025518537 10 0 1 1
2025522478 10 0 1 0
2025523846 11 0 1 1
2025527693 11 0 1 0
2025532773 11 0 1 1
2025533046 10 0 1 1
2025536541 10 0 1 0
2025537828 11 0 1 0
2025544947 11 0 1 1
2025549410 10 0 1 1
2025550694 11 0 1 0
2025553200 10 0 1 0
2025556996 11 0 1 1
2025560801 11 0 1 0
2025565126 11 0 1 1
2025565613 10 0 1 1
2025568616 10 0 1 0
2025569120 11 0 1 0
2025575476 11 0 1 1
2025578476 10 0 1 1
2025581409 11 0 1 0
2025581485 10 0 1 0
2025585367 11 0 1 1
2025589204 10 0 1 1
2025591385 11 0 1 0
2025592069 10 0 1 0
2025594386 11 0 1 1
2025600903 10 0 1 1
2025601486 11 0 1 0
2025603682 10 0 1 0
2025606143 11 0 1 1
2025612515 11 0 1 0
2025616832 11 0 1 1
2025620688 11 0 1 0
2025628437 11 0 1 1
2025632182 11 0 1 0
2025640612 11 0 1 1
2025643967 11 0 1 0
2025651256 11 0 1 1
2025655283 11 0 1 0
2025661522 11 0 1 1
2025664622 11 0 1 0
2025666813 10 0 1 1
2025670225 10 0 1 0
2025672572 11 0 1 1
2025676595 11 0 1 0
2025679741 10 0 1 1
2025682652 10 0 1 0
2025686857 11 0 1 1
2025688891 10 0 1 1
2025690410 11 0 1 0
2025692356 10 0 1 0
2025697981 10 0 1 1
2025700445 11 0 1 1
2025700947 10 0 1 0
2025702981 11 0 1 0
2025706159 10 0 1 1
2025706574 10 0 1 0
2025707857 10 0 1 1
2025711060 10 0 1 0
2025713334 11 0 1 1
2025716405 11 0 1 0
2025717886 10 0 1 1
2025720552 10 0 1 0
2025726029 11 0 1 1
2025728266 10 0 1 1
2025728946 11 0 1 0
2025732561 10 0 1 0
2025736864 10 0 1 1
2025738865 11 0 1 1
2025740920 10 0 1 0
2025741230 11 0 1 0
2025745957 10 0 1 1
2025752062 10 0 1 0
2025755864 11 0 1 1
2025759240 11 0 1 0
2025761053 10 0 1 1
2025763603 10 0 1 0
2025768081 10 0 1 1
2025772205 10 0 1 0
2025776945 11 0 1 1
2025779510 11 0 1 0
2025797982 10 0 1 1
2025798493 11 0 1 1
2025799044 10 0 1 0
2025799827 10 0 1 1
2025801539 11 0 1 0
2025802613 10 0 1 0
2025829269 10 0 1 1
2025829494 10 0 1 0
2025829616 10 0 1 1
2025831884 10 0 1 0
2025859319 10 0 1 1
2025862307 10 0 1 0
2025870204 10 0 1 1
2025872931 10 0 1 0
2025874757 9 0 1 1
2025877943 9 0 1 0
2025883512 9 0 1 1
2025886834 9 0 1 0
2025891943 9 0 1 1
2025894515 10 0 1 1
2025895438 9 0 1 0
2025897072 10 0 1 0
2025902235 9 0 1 1
2025907159 9 0 1 0
2025911440 9 0 1 1
2025914183 10 0 1 1
2025915929 9 0 1 0
2025918668 10 0 1 0
2025922493 9 0 1 1
2025927865 9 0 1 0
2025930707 10 0 1 1
2025932775 9 0 1 1
2025933533 10 0 1 0
2025937096 9 0 1 0
2025937707 11 0 1 1
2025942372 11 0 1 0
2025942410 9 0 1 1
2025942425 10 0 1 1
2025945548 9 0 1 0
2025946534 10 0 1 0
2025947944 11 0 1 1
2025950933 9 0 1 1
2025950933 11 0 1 0
2025955478 9 0 1 0
2025959727 9 0 1 1
2025960543 11 0 1 1
2025963338 11 0 1 0
2025964341 9 0 1 0
2025967747 10 0 1 1
2025970768 9 0 1 1
2025970770 10 0 1 0
2025975257 9 0 1 0
2025980241 11 0 1 1
2025980513 9 0 1 1
2025982591 11 0 1 0
2025984142 9 0 1 0
2025987130 10 0 1 1
2025988790 10 0 1 0
2025996673 11 0 1 1
2025996892 9 0 1 1
2025999204 11 0 1 0
2025999311 9 0 1 0
2025999339 10 0 1 1
2026003132 10 0 1 0
2026013022 10 0 1 1
2026015846 10 0 1 0
2026021761 10 0 1 1
2026022345 11 0 1 1
2026024922 11 0 1 0
2026025310 10 0 1 0
2026030844 9 0 1 1
2026033311 9 0 1 0
2026034448 10 0 1 1
2026038270 10 0 1 0
2026047297 10 0 1 1
2026051237 10 0 1 0
2026051350 11 0 1 1
2026053717 11 0 1 0
2026056057 10 0 1 1
2026060617 10 0 1 0
2026065334 10 0 1 1
2026070970 10 0 1 0
2026074504 10 0 1 1
2026076329 9 0 1 1
2026078759 9 0 1 0
2026078973 10 0 1 0
2026080158 11 0 1 1
2026083197 11 0 1 0
2026084411 10 0 1 1
2026089524 10 0 1 0
2026093318 10 0 1 1
2026098576 10 0 1 0
2026102657 11 0 1 1
2026104696 9 0 1 1
2026105708 11 0 1 0
2026107292 9 0 1 0
2026109737 10 0 1 1
2026113745 10 0 1 0
2026118255 10 0 1 1
2026120488 11 0 1 1
2026120516 9 0 1 1
2026122061 10 0 1 0
2026123025 11 0 1 0
2026123220 9 0 1 0
2026128951 10 0 1 1
2026129924 9 0 1 1
2026132263 10 0 1 0
2026133430 9 0 1 0
2026139900 10 0 1 1
2026139930 9 0 1 1
2026143456 9 0 1 0
2026143702 10 0 1 0
2026150385 9 0 1 1
2026152884 10 0 1 1
2026154990 9 0 1 0
2026155820 10 0 1 0
2026161663 9 0 1 1
2026162444 10 0 1 1
2026165659 9 0 1 0
2026166977 10 0 1 0
2026172245 9 0 1 1
2026175516 9 0 1 0
2026176305 10 0 1 1
2026180925 10 0 1 0
2026184398 9 0 1 1
2026187596 9 0 1 0
2026192427 10 0 1 1
2026193082 9 0 1 1
2026195396 9 0 1 0
2026197802 10 0 1 0
2026205468 9 0 1 1
2026208775 9 0 1 0
2026213114 10 0 1 1
2026217647 10 0 1 0
2026221476 9 0 1 1
2026224660 9 0 1 0
2026230900 10 0 1 1
2026232676 9 0 1 1
2026234429 10 0 1 0
2026235574 9 0 1 0
2026244409 10 0 1 1
2026245996 9 0 1 1
2026247096 10 0 1 0
2026248449 9 0 1 0
2026253052 10 0 1 1
2026254814 10 0 1 0
2026257742 9 0 1 1
2026260809 9 0 1 0
2026263795 10 0 1 1
2026267608 10 0 1 0
2026271894 9 0 1 1
2026275078 9 0 1 0
2026278817 10 0 1 1
2026283905 10 0 1 0
2026292614 9 0 1 1
2026296542 9 0 1 0
2026299506 10 0 1 1
2026302903 10 0 1 0
2026310434 10 0 1 1
2026313023 10 0 1 0
2026322811 10 0 1 1
2026326305 10 0 1 0
2026330889 9 0 1 1
2026333490 9 0 1 0
2026343790 10 0 1 1
2026348781 10 0 1 0
2026360400 10 0 1 1
2026361530 10 0 1 0
2026368472 10 0 1 1
2026371654 10 0 1 0
2026378786 10 0 1 1
2026382378 10 0 1 0
2026400049 10 0 1 1
2026403361 10 0 1 0
2026409808 10 0 1 1
2026412910 10 0 1 0
2026694616 1 0 1 1
2026698163 1 0 1 0
2026703799 1 0 1 1
2026707473 1 0 1 0
2026713126 1 0 1 1
2026716960 1 0 1 0
2026722855 1 0 1 1
2026726749 1 0 1 0
2026732905 1 0 1 1
2026737051 1 0 1 0
2026743054 1 0 1 1
2026746626 1 0 1 0
2026751791 1 0 1 1
2026755481 1 0 1 0
2026761395 1 0 1 1
2026765226 1 0 1 0
2026771731 1 0 1 1
2026775314 1 0 1 0
2026781192 1 0 1 1
2026785406 1 0 1 0
2026791120 1 0 1 1
2026794935 1 0 1 0
2026800683 1 0 1 1
2026804017 1 0 1 0
2026810340 1 0 1 1
2026813783 1 0 1 0
2026820115 1 0 1 1
2026823884 1 0 1 0
2026830672 1 0 1 1
2026833993 1 0 1 0
2026841120 1 0 1 1
2026844758 1 0 1 0
2026852039 1 0 1 1
2026854886 1 0 1 0
2026863416 1 0 1 1
2026866544 1 0 1 0
2026875442 1 0 1 1
2026878519 1 0 1 0
2026887219 1 0 1 1
2026890201 1 0 1 0
2026898634 1 0 1 1
2026902060 1 0 1 0
2026909571 1 0 1 1
2026912843 1 0 1 0
2026920844 1 0 1 1
2026924373 1 0 1 0
2026932493 1 0 1 1
2026935780 1 0 1 0
2026943115 1 0 1 1
2026946339 1 0 1 0
2026954709 1 0 1 1
2026958246 1 0 1 0
2026966490 1 0 1 1
2026969809 1 0 1 0
2026976576 1 0 1 1
2026980719 1 0 1 0
2026985608 1 0 1 1
2026989972 1 0 1 0
2026994936 1 0 1 1
2026999306 1 0 1 0
2027004275 1 0 1 1
2027008607 1 0 1 0
2027013157 1 0 1 1
2027017080 1 0 1 0
2027022140 1 0 1 1
2027026491 1 0 1 0
2027031609 1 0 1 1
2027035993 1 0 1 0
2027041085 1 0 1 1
2027045345 1 0 1 0
2027050266 1 0 1 1
2027054708 1 0 1 0
2027059972 1 0 1 1
2027063295 1 0 1 0
2027071205 1 0 1 1
2027074439 1 0 1 0
2027082507 1 0 1 1
2027086033 1 0 1 0
2027093853 1 0 1 1
2027097095 1 0 1 0
2027104484 1 0 1 1
2027107586 1 0 1 0
2027114887 1 0 1 1
2027118285 1 0 1 0
2027126067 1 0 1 1
2027129421 1 0 1 0
2027137185 1 0 1 1
2027140294 1 0 1 0
2027148329 1 0 1 1
2027151594 1 0 1 0
2027159320 1 0 1 1
2027162396 1 0 1 0
2027169955 1 0 1 1
2027172972 1 0 1 0
2027180853 1 0 1 1
2027184015 1 0 1 0
2027192878 1 0 1 1
2027196007 1 0 1 0
2027203708 1 0 1 1
2027207967 1 0 1 0
2027214266 1 0 1 1
2027217887 1 0 1 0
2027224071 1 0 1 1
2027227886 1 0 1 0
2027234214 1 0 1 1
2027237748 1 0 1 0
2027244465 1 0 1 1
2027248012 1 0 1 0
2027255061 1 0 1 1
2027258311 1 0 1 0
2027264676 1 0 1 1
2027267462 1 0 1 0
2027281159 1 0 1 1
2027284315 1 0 1 0
2027291035 1 0 1 1
2027294324 1 0 1 0
2027301151 1 0 1 1
2027304475 1 0 1 0
2027311610 1 0 1 1
2027314538 1 0 1 0
2027321912 1 0 1 1
2027324934 1 0 1 0
2027332224 1 0 1 1
2027336229 1 0 1 0
2027343682 1 0 1 1
2027347472 1 0 1 0
2027355393 1 0 1 1
2027360184 1 0 1 0
2027540623 8 0 1 1
2027546462 8 0 1 0
2027550930 8 0 1 1
2027556767 8 0 1 0
2027560903 8 0 1 1
2027566155 8 0 1 0
2027570627 8 0 1 1
2027575697 8 0 1 0
2027580498 8 0 1 1
2027585002 8 0 1 0
2027590202 8 0 1 1
2027594560 8 0 1 0
2027599583 8 0 1 1
2027604442 8 0 1 0
2027608273 8 0 1 1
2027612579 8 0 1 0
2027616826 8 0 1 1
2027621251 8 0 1 0
2027625581 8 0 1 1
2027629808 8 0 1 0
2027635165 8 0 1 1
2027639645 8 0 1 0
2027645455 8 0 1 1
2027650462 8 0 1 0
2027656602 8 0 1 1
2027661320 8 0 1 0
2027667096 8 0 1 1
2027671967 8 0 1 0
2027676632 8 0 1 1
2027680896 8 0 1 0
2027684501 1 0 1 1
2027685076 8 0 1 1
2027687909 1 0 1 0
2027692615 8 0 1 0
2027695009 1 0 1 1
2027696284 8 0 1 1
2027698386 1 0 1 0
2027704499 8 0 1 0
2027705222 1 0 1 1
2027708136 8 0 1 1
2027708990 1 0 1 0
2027713197 8 0 1 0
2027714647 1 0 1 1
2027717301 8 0 1 1
2027718414 1 0 1 0
2027723808 8 0 1 0
2027724202 1 0 1 1
2027727429 8 0 1 1
2027727904 1 0 1 0
2027732321 8 0 1 0
2027733422 1 0 1 1
2027736575 8 0 1 1
2027737547 1 0 1 0
2027742532 8 0 1 0
2027742867 1 0 1 1
2027746394 8 0 1 1
2027746911 1 0 1 0
2027752062 1 0 1 1
2027752593 8 0 1 0
2027756280 1 0 1 0
2027756621 8 0 1 1
2027761161 1 0 1 1
2027762280 8 0 1 0
2027765358 1 0 1 0
2027766138 8 0 1 1
2027767482 10 0 1 1
2027770302 1 0 1 1
2027770569 8 0 1 0
2027771009 10 0 1 0
2027774758 8 0 1 1
2027774772 1 0 1 0
2027776868 10 0 1 1
2027779914 1 0 1 1
2027780690 10 0 1 0
2027781441 8 0 1 0
2027784356 1 0 1 0
2027785741 8 0 1 1
2027787145 10 0 1 1
2027789473 1 0 1 1
2027790631 10 0 1 0
2027792052 8 0 1 0
2027793481 1 0 1 0
2027796604 10 0 1 1
2027796733 8 0 1 1
2027798674 1 0 1 1
2027800600 10 0 1 0
2027802049 8 0 1 0
2027802780 1 0 1 0
2027805381 8 0 1 1
2027807624 10 0 1 1
2027807713 1 0 1 1
2027809457 8 0 1 0
2027811114 10 0 1 0
2027811639 1 0 1 0
2027813240 8 0 1 1
2027816933 1 0 1 1
2027817253 10 0 1 1
2027818789 8 0 1 0
2027820644 1 0 1 0
2027820701 10 0 1 0
2027824325 8 0 1 1
2027826435 1 0 1 1
2027826773 10 0 1 1
2027830233 10 0 1 0
2027830274 1 0 1 0
2027830403 8 0 1 0
2027835378 8 0 1 1
2027836261 1 0 1 1
2027837542 10 0 1 1
2027837716 10 0 1 0
2027838069 10 0 1 1
2027839855 1 0 1 0
2027840736 8 0 1 0
2027841187 10 0 1 0
2027845429 1 0 1 1
2027846179 8 0 1 1
2027849133 10 0 1 1
2027849514 1 0 1 0
2027851239 8 0 1 0
2027852253 10 0 1 0
2027855069 8 0 1 1
2027855925 1 0 1 1
2027858169 10 0 1 1
2027859373 1 0 1 0
2027861351 8 0 1 0
2027861913 10 0 1 0
2027865682 1 0 1 1
2027866449 8 0 1 1
2027869255 1 0 1 0
2027869262 10 0 1 1
2027872625 8 0 1 0
2027872761 10 0 1 0
2027875425 1 0 1 1
2027876597 8 0 1 1
2027878846 1 0 1 0
2027879215 10 0 1 1
2027879392 10 0 1 0
2027879672 10 0 1 1
2027881805 8 0 1 0
2027882525 10 0 1 0
2027885950 1 0 1 1
2027886386 8 0 1 1
2027888922 10 0 1 1
2027889418 1 0 1 0
2027892651 10 0 1 0
2027892797 8 0 1 0
2027896676 1 0 1 1
2027897735 8 0 1 1
2027899695 10 0 1 1
2027900015 1 0 1 0
2027902199 8 0 1 0
2027903061 10 0 1 0
2027906614 8 0 1 1
2027907288 1 0 1 1
2027907977 10 0 1 1
2027910514 8 0 1 0
2027910684 1 0 1 0
2027912005 10 0 1 0
2027916344 8 0 1 1
2027917282 1 0 1 1
2027917967 10 0 1 1
2027921009 8 0 1 0
2027921032 1 0 1 0
2027921851 10 0 1 0
2027926325 10 0 1 1
2027926504 8 0 1 1
2027926985 1 0 1 1
2027930409 8 0 1 0
2027930545 10 0 1 0
2027930803 1 0 1 0
2027936156 8 0 1 1
2027936498 10 0 1 1
2027936909 1 0 1 1
2027940026 1 0 1 0
2027940252 8 0 1 0
2027940510 10 0 1 0
2027945399 8 0 1 1
2027945440 10 0 1 1
2027948406 1 0 1 1
2027948988 8 0 1 0
2027949159 10 0 1 0
2027951437 1 0 1 0
2027955381 8 0 1 1
2027955454 10 0 1 1
2027959052 10 0 1 0
2027959222 8 0 1 0
2027959821 1 0 1 1
2027962836 1 0 1 0
2027965714 8 0 1 1
2027965800 10 0 1 1
2027969446 10 0 1 0
2027969515 8 0 1 0
2027970500 1 0 1 1
2027973827 1 0 1 0
2027976976 8 0 1 1
2027977617 10 0 1 1
2027980393 8 0 1 0
2027981148 10 0 1 0
2027981672 1 0 1 1
2027984543 1 0 1 0
2027985996 8 0 1 1
2027987951 10 0 1 1
2027989333 8 0 1 0
2027991184 10 0 1 0
2027993382 1 0 1 1
2027996533 1 0 1 0
2027996876 10 0 1 1
2027999102 8 0 1 1
2027999763 10 0 1 0
2028001457 8 0 1 0
2028004949 1 0 1 1
2028008041 1 0 1 0
2028009339 10 0 1 1
2028009515 8 0 1 1
2028012608 8 0 1 0
2028012820 10 0 1 0
2028015956 1 0 1 1
2028019030 1 0 1 0
2028020765 8 0 1 1
2028024324 8 0 1 0
2028026663 10 0 1 1
2028029584 10 0 1 0
2028032204 8 0 1 1
2028035285 8 0 1 0
2028036577 1 0 1 1
2028039744 1 0 1 0
2028043331 8 0 1 1
2028046329 8 0 1 0
2028048757 1 0 1 1
2028051857 1 0 1 0
2028054142 10 0 1 1
2028055012 8 0 1 1
2028057044 10 0 1 0
2028058464 8 0 1 0
2028066613 8 0 1 1
2028069761 8 0 1 0
2028077731 8 0 1 1
2028081062 8 0 1 0
2028087486 10 0 1 1
2028089228 8 0 1 1
2028090197 10 0 1 0
2028090954 8 0 1 0
2028104000 8 0 1 1
2028107175 8 0 1 0
2028113410 10 0 1 1
2028113790 8 0 1 1
2028116348 10 0 1 0
2028117376 8 0 1 0
2028125473 8 0 1 1
2028129005 8 0 1 0
2028134359 10 0 1 1
2028135821 9 0 1 1
2028136491 8 0 1 1
2028137456 10 0 1 0
2028139045 9 0 1 0
2028139713 8 0 1 0
2028148352 8 0 1 1
2028151916 9 0 1 1
2028151935 8 0 1 0
2028154640 9 0 1 0
2028159274 10 0 1 1
2028161950 8 0 1 1
2028162640 10 0 1 0
2028165115 8 0 1 0
2028167911 9 0 1 1
2028171342 9 0 1 0
2028172029 10 0 1 1
2028175008 8 0 1 1
2028175709 10 0 1 0
2028178216 8 0 1 0
2028181607 9 0 1 1
2028185313 9 0 1 0
2028185752 10 0 1 1
2028187202 8 0 1 1
2028189274 10 0 1 0
2028190113 8 0 1 0
2028198919 9 0 1 1
2028198998 10 0 1 1
2028199071 8 0 1 1
2028201902 8 0 1 0
2028201980 9 0 1 0
2028202103 10 0 1 0
2028210087 10 0 1 1
2028210734 8 0 1 1
2028213680 10 0 1 0
2028213771 8 0 1 0
2028216499 9 0 1 1
2028220534 9 0 1 0
2028221421 10 0 1 1
2028221531 8 0 1 1
2028224718 10 0 1 0
2028224994 8 0 1 0
2028237436 10 0 1 1
2028237728 8 0 1 1
2028240021 10 0 1 0
2028246268 8 0 1 0
2028256060 8 0 1 1
2028262750 8 0 1 0
2028266752 10 0 1 1
2028269279 10 0 1 0
2028269787 8 0 1 1
2028274832 8 0 1 0
2028281956 8 0 1 1
2028287926 8 0 1 0
2028288803 10 0 1 1
2028292098 10 0 1 0
2028295125 8 0 1 1
2028300213 8 0 1 0
2028307389 8 0 1 1
2028311831 10 0 1 1
2028312984 8 0 1 0
2028314773 10 0 1 0
2028320559 8 0 1 1
2028325762 8 0 1 0
2028335427 10 0 1 1
2028338150 10 0 1 0
2028359588 10 0 1 1
2028362177 10 0 1 0
2028383602 8 0 1 1
2028387041 8 0 1 0
2028394492 8 0 1 1
2028400108 8 0 1 0
2028408220 8 0 1 1
2028411980 25 0 1 1
2028414914 8 0 1 0
2028415435 25 0 1 0
2028420959 8 0 1 1
2028422775 25 0 1 1
2028426094 25 0 1 0
2028428736 8 0 1 0
2028432650 8 0 1 1
2028433403 25 0 1 1
2028436946 25 0 1 0
2028442552 8 0 1 0
2028444460 25 0 1 1
2028445935 8 0 1 1
2028447620 25 0 1 0
2028454525 25 0 1 1
2028456523 8 0 1 0
2028457701 25 0 1 0
2028461003 8 0 1 1
2028464602 25 0 1 1
2028465102 8 0 1 0
2028467865 25 0 1 0
2028469819 8 0 1 1
2028475110 25 0 1 1
2028478452 25 0 1 0
2028479798 8 0 1 0
2028483134 8 0 1 1
2028485882 25 0 1 1
2028489189 25 0 1 0
2028490579 8 0 1 0
2028494580 8 0 1 1
2028497063 25 0 1 1
2028500199 25 0 1 0
2028502883 8 0 1 0
2028506211 8 0 1 1
2028507978 25 0 1 1
2028511229 25 0 1 0
2028514473 8 0 1 0
2028518168 8 0 1 1
2028519254 25 0 1 1
2028522460 25 0 1 0
2028526533 8 0 1 0
2028529869 25 0 1 1
2028530024 8 0 1 1
2028533130 25 0 1 0
2028536083 8 0 1 0
2028539540 8 0 1 1
2028540549 25 0 1 1
2028543757 25 0 1 0
2028547769 8 0 1 0
2028551519 8 0 1 1
2028551567 25 0 1 1
2028554689 25 0 1 0
2028560337 8 0 1 0
2028563191 25 0 1 1
2028563620 8 0 1 1
2028566231 25 0 1 0
2028573800 25 0 1 1
2028575164 8 0 1 0
2028577136 25 0 1 0
2028579718 8 0 1 1
2028585223 25 0 1 1
2028588468 25 0 1 0
2028589323 8 0 1 0
2028593342 8 0 1 1
2028595290 25 0 1 1
2028598918 25 0 1 0
2028603486 8 0 1 0
2028604978 25 0 1 1
2028607233 8 0 1 1
2028608694 25 0 1 0
2028611527 8 0 1 0
2028614588 25 0 1 1
2028615219 8 0 1 1
2028618188 10 0 1 1
2028618442 25 0 1 0
2028620196 8 0 1 0
2028621492 10 0 1 0
2028623417 8 0 1 1
2028624184 25 0 1 1
2028627168 10 0 1 1
2028628092 25 0 1 0
2028628799 8 0 1 0
2028630899 10 0 1 0
2028632374 8 0 1 1
2028633317 25 0 1 1
2028637507 25 0 1 0
2028637685 8 0 1 0
2028638085 10 0 1 1
2028640606 10 0 1 0
2028640649 8 0 1 1
2028643228 25 0 1 1
2028644028 8 0 1 0
2028645523 10 0 1 1
2028646792 25 0 1 0
2028648574 10 0 1 0
2028653648 25 0 1 1
2028654048 10 0 1 1
2028657218 25 0 1 0
2028657352 10 0 1 0
2028662261 10 0 1 1
2028663994 25 0 1 1
2028667245 10 0 1 0
2028667457 25 0 1 0
2028669785 1 0 1 1
2028673029 1 0 1 0
2028674143 25 0 1 1
2028674988 10 0 1 1
2028677611 25 0 1 0
2028678213 10 0 1 0
2028681170 1 0 1 1
2028684185 10 0 1 1
2028684275 10 0 1 0
2028684614 10 0 1 1
2028684746 1 0 1 0
2028685357 25 0 1 1
2028687321 10 0 1 0
2028688900 25 0 1 0
2028694404 10 0 1 1
2028695740 25 0 1 1
2028697178 10 0 1 0
2028697709 1 0 1 1
2028699458 25 0 1 0
2028700451 1 0 1 0
2028704953 10 0 1 1
2028705887 25 0 1 1
2028708099 10 0 1 0
2028709384 25 0 1 0
2028714908 1 0 1 1
2028715840 25 0 1 1
2028717289 10 0 1 1
2028717567 1 0 1 0
2028719332 25 0 1 0
2028720593 10 0 1 0
2028726445 25 0 1 1
2028729411 10 0 1 1
2028730024 25 0 1 0
2028732636 10 0 1 0
2028736426 25 0 1 1
2028740450 25 0 1 0
2028741482 10 0 1 1
2028741659 10 0 1 0
2028741892 1 0 1 1
2028742081 10 0 1 1
2028744306 1 0 1 0
2028744543 10 0 1 0
2028746491 25 0 1 1
2028750127 25 0 1 0
2028751725 10 0 1 1
2028754511 10 0 1 0
2028756001 25 0 1 1
2028760547 25 0 1 0
2028761183 10 0 1 1
2028763807 10 0 1 0
2028764915 25 0 1 1
2028768865 25 0 1 0
2028773319 25 0 1 1
2028777338 10 0 1 1
2028777901 25 0 1 0
2028780642 10 0 1 0
2028782778 25 0 1 1
2028787103 25 0 1 0
2028792067 25 0 1 1
2028792124 1 0 1 1
2028794534 1 0 1 0
2028796466 25 0 1 0
2028801593 25 0 1 1
2028806009 25 0 1 0
2028806326 10 0 1 1
2028808879 10 0 1 0
2028812299 25 0 1 1
2028817441 25 0 1 0
2028824501 25 0 1 1
2028824934 10 0 1 1
2028827823 10 0 1 0
2028830361 25 0 1 0
2028837209 25 0 1 1
2028839094 10 0 1 1
2028842685 10 0 1 0
2028844185 25 0 1 0
2028848809 25 0 1 1
2028851100 10 0 1 1
2028853467 25 0 1 0
2028854071 10 0 1 0
2028857155 25 0 1 1
2028863182 25 0 1 0
2028865154 10 0 1 1
2028867545 25 0 1 1
2028868231 10 0 1 0
2028874667 25 0 1 0
2028875423 10 0 1 1
2028878492 10 0 1 0
2028879117 25 0 1 1
2028883959 25 0 1 0
2028886888 25 0 1 1
2028891047 10 0 1 1
2028892294 25 0 1 0
2028893765 10 0 1 0
2028898760 25 0 1 1
2028901844 10 0 1 1
2028904050 25 0 1 0
2028904566 10 0 1 0
2028910539 25 0 1 1
2028913631 25 0 1 0
2028915795 10 0 1 1
2028917579 25 0 1 1
2028920353 10 0 1 0
2028921256 25 0 1 0
2028927471 10 0 1 1
2028927978 25 0 1 1
2028930964 25 0 1 0
2028932562 10 0 1 0
2028934813 25 0 1 1
2028938203 25 0 1 0
2028939570 10 0 1 1
2028944587 25 0 1 1
2028944839 10 0 1 0
2028947445 25 0 1 0
2028951170 25 0 1 1
2028951183 10 0 1 1
2028954912 25 0 1 0
2028955424 10 0 1 0
2028961843 10 0 1 1
2028962037 25 0 1 1
2028966859 10 0 1 0
2028966932 25 0 1 0
2028972810 25 0 1 1
2028974412 27 0 1 1
2028974614 10 0 1 1
2028977571 25 0 1 0
2028979136 10 0 1 0
2028979915 27 0 1 0
2028981325 25 0 1 1
2028984875 10 0 1 1
2028984997 27 0 1 1
2028987611 25 0 1 0
2028988508 10 0 1 0
2028991540 27 0 1 0
2028992124 25 0 1 1
2028993128 10 0 1 1
2028995041 27 0 1 1
2028995804 10 0 1 0
2028997987 27 0 1 0
2028998825 25 0 1 0
2029002152 27 0 1 1
2029003168 25 0 1 1
2029003169 10 0 1 1
2029003196 10 0 1 0
2029003729 10 0 1 1
2029007079 25 0 1 0
2029008081 10 0 1 0
2029008684 27 0 1 0
2029012392 27 0 1 1
2029013759 25 0 1 1
2029015788 27 0 1 0
2029017816 25 0 1 0
2029019268 10 0 1 1
2029019542 27 0 1 1
2029024271 10 0 1 0
2029026786 27 0 1 0
2029031121 27 0 1 1
2029031207 25 0 1 1
2029033169 10 0 1 1
2029035072 27 0 1 0
2029035665 25 0 1 0
2029036593 10 0 1 0
2029038573 27 0 1 1
2029042237 25 0 1 1
2029042847 10 0 1 1
2029045362 25 0 1 0
2029045951 27 0 1 0
2029047136 10 0 1 0
2029050016 25 0 1 1
2029055086 25 0 1 0
2029057286 27 0 1 1
2029059608 10 0 1 1
2029061765 10 0 1 0
2029062570 27 0 1 0
2029062948 25 0 1 1
2029066282 25 0 1 0
2029067081 10 0 1 1
2029069407 27 0 1 1
2029069625 25 0 1 1
2029070491 10 0 1 0
2029071765 27 0 1 0
2029074307 25 0 1 0
2029077353 27 0 1 1
2029081482 27 0 1 0
2029082172 25 0 1 1
2029088234 10 0 1 1
2029088835 25 0 1 0
2029091101 10 0 1 0
2029092485 27 0 1 1
2029096611 27 0 1 0
2029098546 25 0 1 1
2029104850 25 0 1 0
2029106923 10 0 1 1
2029110251 10 0 1 0
2029110278 27 0 1 1
2029113164 27 0 1 0
2029115724 25 0 1 1
2029122060 25 0 1 0
2029125736 10 0 1 1
2029126499 27 0 1 1
2029129102 10 0 1 0
2029129910 27 0 1 0
2029131614 25 0 1 1
2029137809 25 0 1 0
2029138159 10 0 1 1
2029140996 10 0 1 0
2029143411 27 0 1 1
2029145927 25 0 1 1
2029146301 27 0 1 0
2029151381 10 0 1 1
2029151753 25 0 1 0
2029154257 10 0 1 0
2029158867 25 0 1 1
2029159134 27 0 1 1
2029161781 27 0 1 0
2029165034 25 0 1 0
2029165401 10 0 1 1
2029165953 10 0 1 0
2029172697 27 0 1 1
2029174402 10 0 1 1
2029176242 27 0 1 0
2029176689 10 0 1 0
2029177155 25 0 1 1
2029183391 25 0 1 0
2029186415 27 0 1 1
2029190599 27 0 1 0
2029195519 27 0 1 1
2029196430 25 0 1 1
2029198456 27 0 1 0
2029201949 25 0 1 0
2029204712 27 0 1 1
2029209271 27 0 1 0
2029213028 25 0 1 1
2029218083 25 0 1 0
2029227286 27 0 1 1
2029229955 25 0 1 1
2029230182 27 0 1 0
2029234693 25 0 1 0
2029240039 27 0 1 1
2029244905 27 0 1 0
2029245771 25 0 1 1
2029250846 25 0 1 0
2029253945 27 0 1 1
2029258533 27 0 1 0
2029261149 25 0 1 1
2029265936 25 0 1 0
2029267991 27 0 1 1
2029272608 27 0 1 0
2029276271 25 0 1 1
2029280232 27 0 1 1
2029281301 25 0 1 0
2029283872 27 0 1 0
2029288472 27 0 1 1
2029292428 27 0 1 0
2029292530 25 0 1 1
2029297718 25 0 1 0
2029300794 27 0 1 1
2029305800 27 0 1 0
2029308010 25 0 1 1
2029313506 25 0 1 0
2029314703 27 0 1 1
2029318393 27 0 1 0
2029324091 9 0 1 1
2029326535 9 0 1 0
2029327481 10 0 1 1
2029327942 27 0 1 1
2029330311 10 0 1 0
2029331987 27 0 1 0
2029336264 9 0 1 1
2029339102 9 0 1 0
2029342080 10 0 1 1
2029344939 10 0 1 0
2029347066 27 0 1 1
2029349500 27 0 1 0
2029351216 9 0 1 1
2029354055 9 0 1 0
2029366693 10 0 1 1
2029369129 10 0 1 0
2029372449 27 0 1 1
2029374882 27 0 1 0
2029386503 10 0 1 1
2029388577 10 0 1 0
2029395316 9 0 1 1
2029399566 9 0 1 0
2029401838 27 0 1 1
2029402732 27 0 1 0
2029405095 9 0 1 1
2029405276 9 0 1 0
2029405480 10 0 1 1
2029406791 9 0 1 1
2029407970 10 0 1 0
2029410069 9 0 1 0
2029416108 9 0 1 1
2029420493 9 0 1 0
2029427370 9 0 1 1
2029427946 10 0 1 1
2029430458 10 0 1 0
2029430751 9 0 1 0
2029432259 27 0 1 1
2029433357 27 0 1 0
2029435911 25 0 1 1
2029438889 9 0 1 1
2029439058 25 0 1 0
2029440444 9 0 1 0
2029447404 9 0 1 1
2029450556 9 0 1 0
2029454324 25 0 1 1
2029457831 25 0 1 0
2029460797 9 0 1 1
2029463107 9 0 1 0
2029463348 10 0 1 1
2029463550 10 0 1 0
2029465779 25 0 1 1
2029470426 25 0 1 0
2029471390 10 0 1 1
2029473926 10 0 1 0
2029483136 25 0 1 1
2029485754 25 0 1 0
2029487654 9 0 1 1
2029488033 9 0 1 0
2029495613 9 0 1 1
2029496287 25 0 1 1
2029498305 9 0 1 0
2029502039 25 0 1 0
2029512682 25 0 1 1
2029517358 25 0 1 0
2029522355 25 0 1 1
2029526245 25 0 1 0
2029547527 25 0 1 1
2029547842 25 0 1 0
2029554831 25 0 1 1
2029556553 25 0 1 0
2029571444 25 0 1 1
2029575089 25 0 1 0
2029587787 25 0 1 1
2029591204 25 0 1 0
2029598542 25 0 1 1
2029603744 25 0 1 0
2029615824 25 0 1 1
2029621358 25 0 1 0
2029630973 25 0 1 1
2029634182 25 0 1 0
2029639948 9 0 1 1
2029643092 9 0 1 0
2029644162 25 0 1 1
2029647442 25 0 1 0
2029652454 25 0 1 1
2029653364 9 0 1 1
2029653787 9 0 1 0
2029655686 25 0 1 0
2029657814 9 0 1 1
2029660713 9 0 1 0
2029666366 25 0 1 1
2029670156 9 0 1 1
2029671559 25 0 1 0
2029672383 9 0 1 0
2029681946 25 0 1 1
2029684334 9 0 1 1
2029685007 25 0 1 0
2029687294 9 0 1 0
2029688826 25 0 1 1
2029692187 25 0 1 0
2029699544 25 0 1 1
2029703460 25 0 1 0
2029708620 25 0 1 1
2029711471 25 0 1 0
2029720369 25 0 1 1
2029725914 25 0 1 0
2029736671 25 0 1 1
2029742699 25 0 1 0
2029753756 25 0 1 1
2029759179 25 0 1 0
2029769452 25 0 1 1
2029775764 25 0 1 0
2029787787 25 0 1 1
2029792985 25 0 1 0
2029801960 25 0 1 1
2029805455 25 0 1 0
2029812571 25 0 1 1
2029815066 25 0 1 0
2029821513 25 0 1 1
2029826054 25 0 1 0
2029840528 25 0 1 1
2029845868 25 0 1 0
2029857274 25 0 1 1
2029861082 25 0 1 0
2029868449 25 0 1 1
2029871314 25 0 1 0
2029876286 25 0 1 1
2029880032 25 0 1 0
2029891679 25 0 1 1
2029897256 25 0 1 0
2029908268 25 0 1 1
2029913524 25 0 1 0
2029922023 25 0 1 1
2029926008 25 0 1 0
2029932962 25 0 1 1
2029936249 25 0 1 0
2029940559 10 0 1 1
2029942683 25 0 1 1
2029943691 10 0 1 0
2029948033 25 0 1 0
2029956085 10 0 1 1
2029958654 25 0 1 1
2029958966 10 0 1 0
2029965159 25 0 1 0
2029967184 10 0 1 1
2029971161 10 0 1 0
2029973440 25 0 1 1
2029978490 25 0 1 0
2029980064 10 0 1 1
2029983102 10 0 1 0
2029986717 25 0 1 1
2029990433 25 0 1 0
2029991162 10 0 1 1
2029994925 10 0 1 0
2029995165 25 0 1 1
2029998051 25 0 1 0
2030003677 25 0 1 1
2030008355 25 0 1 0
2030014255 25 0 1 1
2030017648 25 0 1 0
2030024593 25 0 1 1
2030028210 25 0 1 0
2030033958 25 0 1 1
2030037945 25 0 1 0
2030043026 25 0 1 1
2030046810 25 0 1 0
2030051891 25 0 1 1
2030055865 25 0 1 0
2030061604 25 0 1 1
2030065362 25 0 1 0
2030072312 25 0 1 1
2030075375 25 0 1 0
2030080260 25 0 1 1
2030087775 25 0 1 0
2030091814 25 0 1 1
2030098059 25 0 1 0
2030101111 25 0 1 1
2030107888 25 0 1 0
2030111417 25 0 1 1
2030116389 25 0 1 0
2030121116 25 0 1 1
2030125740 25 0 1 0
2030131441 25 0 1 1
2030135239 25 0 1 0
2030147029 25 0 1 1
2030149781 25 0 1 0
2030161170 25 0 1 1
2030163621 25 0 1 0
2032247578 20 0 1 1
2032252430 20 0 1 0
2032257149 20 0 1 1
2032261734 20 0 1 0
2032266420 20 0 1 1
2032271185 20 0 1 0
2032275988 20 0 1 1
2032280550 20 0 1 0
2032285012 20 0 1 1
2032289462 20 0 1 0
2032293966 20 0 1 1
2032298423 20 0 1 0
2032302889 20 0 1 1
2032307313 20 0 1 0
2032311864 20 0 1 1
2032316383 20 0 1 0
2032320949 20 0 1 1
2032325476 20 0 1 0
2032330311 20 0 1 1
2032334905 20 0 1 0
2032339475 20 0 1 1
2032343927 20 0 1 0
2032348521 20 0 1 1
2032353067 20 0 1 0
2032358732 20 0 1 1
2032362507 20 0 1 0
2032368085 20 0 1 1
2032371959 20 0 1 0
2032377699 20 0 1 1
2032381576 20 0 1 0
2032387236 20 0 1 1
2032391223 20 0 1 0
2032396657 20 0 1 1
2032400701 20 0 1 0
2032406176 20 0 1 1
2032410303 20 0 1 0
2032415695 20 0 1 1
2032419652 20 0 1 0
2032425044 20 0 1 1
2032429103 20 0 1 0
2032434539 20 0 1 1
2032438535 20 0 1 0
2032444058 20 0 1 1
2032448062 20 0 1 0
2032454676 20 0 1 1
2032458174 20 0 1 0
2032464899 20 0 1 1
2032468365 20 0 1 0
2032475192 20 0 1 1
2032478730 20 0 1 0
2032485889 20 0 1 1
2032489267 20 0 1 0
2032496155 20 0 1 1
2032499527 20 0 1 0
2032506429 20 0 1 1
2032509876 20 0 1 0
2032517197 20 0 1 1
2032520735 20 0 1 0
2032527461 20 0 1 1
2032531116 20 0 1 0
2032537510 20 0 1 1
2032541165 20 0 1 0
2032547476 20 0 1 1
2032551214 20 0 1 0
2032562952 20 0 1 1
2032566137 20 0 1 0
2032578137 20 0 1 1
2032581014 20 0 1 0
2032591888 20 0 1 1
2032594927 20 0 1 0
2032603852 20 0 1 1
2032607318 20 0 1 0
2032615140 20 0 1 1
2032618432 20 0 1 0
2032627096 20 0 1 1
2032630392 20 0 1 0
2032747203 20 0 1 1
2032751025 20 0 1 0
2032765936 20 0 1 1
2032768817 20 0 1 0
2032785309 20 0 1 1
2032789878 20 0 1 0
2032806433 20 0 1 1
2032809132 20 0 1 0
2032824658 20 0 1 1
2032828839 20 0 1 0
2032847582 20 0 1 1
2032851941 20 0 1 0
2032871269 20 0 1 1
2032874122 20 0 1 0
2032887193 20 0 1 1
2032890129 20 0 1 0
2047550075 40 1 3 1
2047553818 40 1 3 0
2047559621 40 1 3 1
2047563609 40 1 3 0
2047569059 40 1 3 1
2047572566 40 1 3 0
2047578630 40 1 3 1
2047582033 40 1 3 0
2047589845 40 1 3 1
2047592995 40 1 3 0
2047600368 40 1 3 1
2047603776 40 1 3 0
2047611264 40 1 3 1
2047614683 40 1 3 0
2047621771 40 1 3 1
2047624894 40 1 3 0
2047631808 40 1 3 1
2047635097 40 1 3 0
2047643459 40 1 3 1
2047646482 40 1 3 0
2047655890 40 1 3 1
2047658875 40 1 3 0
2047666442 40 1 3 1
2047669837 40 1 3 0
2047676981 40 1 3 1
2047680376 40 1 3 0
2047687682 40 1 3 1
2047691148 40 1 3 0
2047698102 40 1 3 1
2047701078 40 1 3 0
2047707767 40 1 3 1
2047711012 40 1 3 0
2047717966 40 1 3 1
2047721377 40 1 3 0
2047728521 40 1 3 1
2047731667 40 1 3 0
2047738380 40 1 3 1
2047741574 40 1 3 0
2047748026 40 1 3 1
2047751800 40 1 3 0
2047758616 40 1 3 1
2047762026 40 1 3 0
2047769633 40 1 3 1
2047772920 40 1 3 0
2047780270 40 1 3 1
2047783561 40 1 3 0
2047790689 40 1 3 1
2047793949 40 1 3 0
2047800634 40 1 3 1
2047803926 40 1 3 0
2047811303 40 1 3 1
2047814729 40 1 3 0
2047822114 40 1 3 1
2047825366 40 1 3 0
2047826915 42 1 3 1
2047835438 40 1 3 1
2047836078 42 1 3 0
2047838422 40 1 3 0
2047839247 42 1 3 1
2047847715 42 1 3 0
2047848769 40 1 3 1
2047850722 42 1 3 1
2047851893 40 1 3 0
2047859344 42 1 3 0
2047861988 40 1 3 1
2047862264 42 1 3 1
2047864870 40 1 3 0
2047870566 42 1 3 0
2047873486 42 1 3 1
2047875146 40 1 3 1
2047878112 40 1 3 0
2047881713 42 1 3 0
2047884716 42 1 3 1
2047888428 40 1 3 1
2047891425 40 1 3 0
2047892603 42 1 3 0
2047895689 42 1 3 1
2047901140 40 1 3 1
2047903991 42 1 3 0
2047904074 40 1 3 0
2047907247 42 1 3 1
2047913908 40 1 3 1
2047915881 42 1 3 0
2047916889 40 1 3 0
2047919216 42 1 3 1
2047926885 40 1 3 1
2047928107 42 1 3 0
2047929779 40 1 3 0
2047931446 42 1 3 1
2047941345 40 1 3 1
2047941661 42 1 3 0
2047944001 40 1 3 0
2047944834 42 1 3 1
2047950564 40 1 3 1
2047950693 42 1 3 0
2047955207 40 1 3 0
2047955451 42 1 3 1
2047960721 42 1 3 0
2047961066 40 1 3 1
2047966977 42 1 3 1
2047967322 40 1 3 0
2047972417 42 1 3 0
2047972746 40 1 3 1
2047977591 40 1 3 0
2047977669 42 1 3 1
2047982848 42 1 3 0
2047983458 40 1 3 1
2047989685 42 1 3 1
2047990528 40 1 3 0
2047994457 42 1 3 0
2047995667 40 1 3 1
2047998709 42 1 3 1
2047999884 40 1 3 0
2048001971 42 1 3 0
2048002840 40 1 3 1
2048007476 42 1 3 1
2048007651 40 1 3 0
2048011999 42 1 3 0
2048012707 40 1 3 1
2048016168 42 1 3 1
2048018683 42 1 3 0
2048019936 40 1 3 0
2048024358 42 1 3 1
2048024644 40 1 3 1
2048028873 42 1 3 0
2048028960 40 1 3 0
2048033129 42 1 3 1
2048033714 40 1 3 1
2048035897 42 1 3 0
2048040992 40 1 3 0
2048041742 42 1 3 1
2048045763 40 1 3 1
2048046680 42 1 3 0
2048049937 40 1 3 0
2048052280 40 1 3 1
2048053857 42 1 3 1
2048057289 40 1 3 0
2048058459 42 1 3 0
2048062210 40 1 3 1
2048062632 42 1 3 1
2048066317 42 1 3 0
2048068993 40 1 3 0
2048072660 42 1 3 1
2048073309 40 1 3 1
2048077428 40 1 3 0
2048077515 42 1 3 0
2048081933 42 1 3 1
2048082088 40 1 3 1
2048085021 42 1 3 0
2048088693 40 1 3 0
2048090435 42 1 3 1
2048093416 40 1 3 1
2048095863 42 1 3 0
2048097282 40 1 3 0
2048100281 42 1 3 1
2048101914 40 1 3 1
2048103788 42 1 3 0
2048108543 40 1 3 0
2048109206 42 1 3 1
2048113357 40 1 3 1
2048114381 42 1 3 0
2048117468 40 1 3 0
2048120234 40 1 3 1
2048121297 42 1 3 1
2048125306 40 1 3 0
2048126140 42 1 3 0
2048130222 42 1 3 1
2048130282 40 1 3 1
2048134345 42 1 3 0
2048137065 40 1 3 0
2048141012 42 1 3 1
2048141278 40 1 3 1
2048145654 40 1 3 0
2048145737 42 1 3 0
2048150207 40 1 3 1
2048153238 42 1 3 1
2048157674 40 1 3 0
2048157757 42 1 3 0
2048162096 42 1 3 1
2048162302 40 1 3 1
2048166354 42 1 3 0
2048169109 40 1 3 0
2048173278 42 1 3 1
2048173314 40 1 3 1
2048177789 42 1 3 0
2048177872 40 1 3 0
2048182033 40 1 3 1
2048184962 42 1 3 1
2048188975 40 1 3 0
2048189639 42 1 3 0
2048193800 40 1 3 1
2048193895 42 1 3 1
2048197921 42 1 3 0
2048200825 40 1 3 0
2048204505 42 1 3 1
2048205152 40 1 3 1
2048209418 42 1 3 0
2048209505 40 1 3 0
2048213666 40 1 3 1
2048216587 42 1 3 1
2048220438 40 1 3 0
2048221363 42 1 3 0
2048225097 40 1 3 1
2048225560 42 1 3 1
2048229126 42 1 3 0
2048231960 40 1 3 0
2048235212 42 1 3 1
2048236370 40 1 3 1
2048240225 42 1 3 0
2048240727 40 1 3 0
2048243892 40 1 3 1
2048247730 42 1 3 1
2048250158 40 1 3 0
2048252245 42 1 3 0
2048255066 40 1 3 1
2048256248 42 1 3 1
2048259431 42 1 3 0
2048262016 40 1 3 0
2048265015 42 1 3 1
2048266268 40 1 3 1
2048270008 42 1 3 0
2048270340 40 1 3 0
2048274177 42 1 3 1
2048274667 40 1 3 1
2048276601 42 1 3 0
2048281102 42 1 3 1
2048281190 40 1 3 0
2048285932 40 1 3 1
2048286036 42 1 3 0
2048292707 42 1 3 1
2048292795 40 1 3 0
2048297724 42 1 3 0
2048297952 40 1 3 1
2048301810 42 1 3 1
2048302400 40 1 3 0
2048305657 42 1 3 0
2048306146 40 1 3 1
2048312245 42 1 3 1
2048312673 40 1 3 0
2048316843 42 1 3 0
2048317415 40 1 3 1
2048323929 42 1 3 1
2048324776 40 1 3 0
2048328361 42 1 3 0
2048329435 40 1 3 1
2048332700 42 1 3 1
2048334124 40 1 3 0
2048337211 42 1 3 0
2048337953 40 1 3 1
2048344716 42 1 3 1
2048344974 40 1 3 0
2048349218 40 1 3 1
2048349310 42 1 3 0
2048353484 40 1 3 0
2048353732 42 1 3 1
2048356068 40 1 3 1
2048356322 42 1 3 0
2048360740 42 1 3 1
2048360832 40 1 3 0
2048370471 40 1 3 1
2048370508 42 1 3 0
2048373594 42 1 3 1
2048373678 40 1 3 0
2048383400 40 1 3 1
2048383441 42 1 3 0
2048386508 42 1 3 1
2048386528 40 1 3 0
2048395669 40 1 3 1
2048395789 42 1 3 0
2048398626 42 1 3 1
2048398627 40 1 3 0
2048406274 40 1 3 1
2048406556 42 1 3 0
2048409307 40 1 3 0
2048409476 42 1 3 1
2048417037 40 1 3 1
2048417315 42 1 3 0
2048420066 40 1 3 0
2048420235 42 1 3 1
2048427298 40 1 3 1
2048427742 42 1 3 0
2048430493 40 1 3 0
2048430745 42 1 3 1
2048438389 40 1 3 1
2048438746 42 1 3 0
2048441750 40 1 3 0
2048441915 42 1 3 1
2048450144 40 1 3 1
2048450422 42 1 3 0
2048453509 40 1 3 0
2048453674 42 1 3 1
2048461986 40 1 3 1
2048462438 42 1 3 0
2048465434 40 1 3 0
2048465690 42 1 3 1
2048475737 40 1 3 1
2048475940 42 1 3 0
2048478940 40 1 3 0
2048479022 42 1 3 1
2048485010 40 1 3 1
2048485193 42 1 3 0
2048489782 40 1 3 0
2048489860 42 1 3 1
2048495271 40 1 3 1
2048495450 42 1 3 0
2048501615 42 1 3 1
2048501786 40 1 3 0
2048506777 40 1 3 1
2048506790 42 1 3 0
2048512042 42 1 3 1
2048512213 40 1 3 0
2048517632 42 1 3 0
2048517702 40 1 3 1
2048524465 42 1 3 1
2048524640 40 1 3 0
2048529382 40 1 3 1
2048529482 42 1 3 0
2048534150 40 1 3 0
2048534153 42 1 3 1
2048536817 40 1 3 1
2048536988 42 1 3 0
2048541908 42 1 3 1
2048541992 40 1 3 0
2048546734 40 1 3 1
2048546755 42 1 3 0
2048554597 40 1 3 0
2048554675 42 1 3 1
2048559007 40 1 3 1
2048559356 42 1 3 0
2048563692 40 1 3 0
2048563944 42 1 3 1
2048568102 40 1 3 1
2048568421 42 1 3 0
2048575886 40 1 3 0
2048575926 42 1 3 1
2048580379 40 1 3 1
2048580558 42 1 3 0
2048585814 42 1 3 1
2048587736 40 1 3 0
2048589570 42 1 3 0
2048593391 40 1 3 1
2048593656 42 1 3 1
2048597175 42 1 3 0
2048600681 40 1 3 0
2048603846 42 1 3 1
2048604593 40 1 3 1
2048608610 40 1 3 0
2048609029 42 1 3 0
2048613103 40 1 3 1
2048613451 42 1 3 1
2048617290 42 1 3 0
2048620879 40 1 3 0
2048624206 42 1 3 1
2048627115 40 1 3 1
2048629808 42 1 3 0
2048632393 40 1 3 0
2048634309 42 1 3 1
2048636886 40 1 3 1
2048638073 42 1 3 0
2048643325 42 1 3 1
2048643492 40 1 3 0
2048648234 40 1 3 1
2048648255 42 1 3 0
2048653424 42 1 3 1
2048654006 40 1 3 0
2048657599 42 1 3 0
2048658167 40 1 3 1
2048661768 42 1 3 1
2048663109 40 1 3 0
2048665445 42 1 3 0
2048666274 40 1 3 1
2048671618 42 1 3 1
2048672378 40 1 3 0
2048676133 42 1 3 0
2048676871 40 1 3 1
2048680306 42 1 3 1
2048681394 40 1 3 0
2048684651 42 1 3 0
2048685223 40 1 3 1
2048691654 42 1 3 1
2048692580 40 1 3 0
2048696086 42 1 3 0
2048696907 40 1 3 1
2048702923 42 1 3 1
2048704347 40 1 3 0
2048707268 42 1 3 0
2048708674 40 1 3 1
2048711603 42 1 3 1
2048713529 40 1 3 0
2048715948 42 1 3 0
2048717275 40 1 3 1
2048722287 42 1 3 1
2048723545 40 1 3 0
2048726798 42 1 3 0
2048728038 40 1 3 1
2048734050 42 1 3 1
2048736146 40 1 3 0
2048738399 42 1 3 0
2048741220 40 1 3 1
2048741983 42 1 3 1
2048746162 40 1 3 0
2048746577 42 1 3 0
2048749576 40 1 3 1
2048752829 42 1 3 1
2048755257 40 1 3 0
2048757178 42 1 3 0
2048759667 40 1 3 1
2048764434 42 1 3 1
2048767783 40 1 3 0
2048768866 42 1 3 0
2048772454 42 1 3 1
2048773023 40 1 3 1
2048777214 42 1 3 0
2048781222 40 1 3 0
2048783719 42 1 3 1
2048787043 40 1 3 1
2048788819 42 1 3 0
2048795325 40 1 3 0
2048797071 42 1 3 1
2048800316 40 1 3 1
2048802673 42 1 3 0
2048804760 40 1 3 0
2048807178 42 1 3 1
2048809004 40 1 3 1
2048810521 42 1 3 0
2048815441 42 1 3 1
2048815610 40 1 3 0
2048820269 40 1 3 1
2048820452 42 1 3 0
2048827040 42 1 3 1
2048827298 40 1 3 0
2048832206 40 1 3 1
2048832393 42 1 3 0
2048836313 42 1 3 1
2048836397 40 1 3 0
2048838598 42 1 3 0
2048840309 40 1 3 1
2048846488 40 1 3 0
2048851811 40 1 3 1
2048858421 40 1 3 0
2048863744 40 1 3 1
2048867682 40 1 3 0
2048871843 40 1 3 1
2048878864 40 1 3 0
2048883855 40 1 3 1
2048887959 40 1 3 0
2048890958 40 1 3 1
2048894967 40 1 3 0
2048904938 40 1 3 1
2048907987 40 1 3 0
2048917958 40 1 3 1
2048920928 40 1 3 0
2048930235 40 1 3 1
2048933031 40 1 3 0
2048940927 40 1 3 1
2048943802 40 1 3 0
2048951781 40 1 3 1
2048954739 40 1 3 0
2048962220 40 1 3 1
2048965083 40 1 3 0
2048973228 40 1 3 1
2048976253 40 1 3 0
2048984813 40 1 3 1
2048988020 40 1 3 0
2048996920 40 1 3 1
2048999957 40 1 3 0
2049010509 40 1 3 1
2049013321 40 1 3 0
2049019723 40 1 3 1
2049024191 40 1 3 0
2049030261 40 1 3 1
2049035895 40 1 3 0
2049041633 40 1 3 1
2049046516 40 1 3 0
2049052420 40 1 3 1
2049058809 40 1 3 0
2049064215 40 1 3 1
2049068675 40 1 3 0
2049071788 40 1 3 1
2049075512 40 1 3 0
2050273297 48 1 3 1
2050278215 48 1 3 0
2050280917 48 1 3 1
2050289420 48 1 3 0
2050292121 48 1 3 1
2050300625 48 1 3 0
2050303327 48 1 3 1
2050311830 48 1 3 0
2050314538 48 1 3 1
2050322952 48 1 3 0
2050325659 48 1 3 1
2050334074 48 1 3 0
2050336781 48 1 3 1
2050345196 48 1 3 0
2050347903 48 1 3 1
2050356318 48 1 3 0
2050359024 48 1 3 1
2050367440 48 1 3 0
2050370147 48 1 3 1
2050378562 48 1 3 0
2050381268 48 1 3 1
2050389767 48 1 3 0
2050392471 48 1 3 1
2050400889 48 1 3 0
2050403592 48 1 3 1
2050412094 48 1 3 0
2050414798 48 1 3 1
2050423299 48 1 3 0
2050426004 48 1 3 1
2050434504 48 1 3 0
2050437208 48 1 3 1
2050445709 48 1 3 0
2050448414 48 1 3 1
2050456914 48 1 3 0
2050459619 48 1 3 1
2050468119 48 1 3 0
2050470824 48 1 3 1
2050479324 48 1 3 0
2050482034 48 1 3 1
2050490446 48 1 3 0
2050493150 48 1 3 1
2050501651 48 1 3 0
2050504354 48 1 3 1
2050512850 48 1 3 0
2050515554 48 1 3 1
2050524055 48 1 3 0
2050526779 48 1 3 1
2050535260 48 1 3 0
2050537964 48 1 3 1
2050546465 48 1 3 0
2050549169 48 1 3 1
2050557670 48 1 3 0
2050560374 48 1 3 1
2050568875 48 1 3 0
2050571580 48 1 3 1
2050580080 48 1 3 0
2050582785 48 1 3 1
2050591285 48 1 3 0
2050593989 48 1 3 1
2050602490 48 1 3 0
2050605193 48 1 3 1
2050613695 48 1 3 0
2050616401 48 1 3 1
2050624817 48 1 3 0
2050627524 48 1 3 1
2050636022 48 1 3 0
2050638730 48 1 3 1
2050647144 48 1 3 0
2050649851 48 1 3 1
2050658349 48 1 3 0
2050661055 48 1 3 1
2050669554 48 1 3 0
2050672259 48 1 3 1
2050680759 48 1 3 0
2050683464 48 1 3 1
2050691964 48 1 3 0
2050694668 48 1 3 1
2050703169 48 1 3 0
2050705872 48 1 3 1
2050714374 48 1 3 0
2050717081 48 1 3 1
2050725579 48 1 3 0
2050728284 48 1 3 1
2050736701 48 1 3 0
2050739408 48 1 3 1
2050747906 48 1 3 0
2050750610 48 1 3 1
2050759111 48 1 3 0
2050761821 48 1 3 1
2050770316 48 1 3 0
2050773040 48 1 3 1
2050781521 48 1 3 0
2050784225 48 1 3 1
2050792643 48 1 3 0
2050795347 48 1 3 1
2050803848 48 1 3 0
2050806573 48 1 3 1
2050815053 48 1 3 0
2050817757 48 1 3 1
2050826258 48 1 3 0
2050828963 48 1 3 1
2050831902 48 1 3 0
