0b000701 0b001001 10000 100 25229 2000055943 4117 2118 7
0b000b01 0b001e01 10000 100 61044 2000176740 5765 5121 27
0b000701 0b001e01 10000 100 12091 2000226298 5019 1017 37
0b000c01 0b001a01 10000 100 1861058 2000076653 271649 156034 9
0b000901 0b001a01 10000 100 7385 2000332182 22002 621 61
0b000e01 0b001a01 10000 100 16485 2000420861 1381 1384 72
0b000901 0b001901 10000 100 124898 2000488901 20868 10471 80
0b000801 0b001a01 10000 100 19848 2000520600 1669 1664 84
0b000001 0b001e01 10000 100 750744 2000507927 63713 62943 81
0b000201 0b001701 10000 100 52066 2000616608 5683 4368 100
0b000701 0b001701 10000 100 1671813 2000186771 485167 140165 29
0b000601 0b001301 10000 100 56248 2000683469 9946 4718 111
0b000001 0b001401 10000 100 2878 2000694811 311 241 112
0b000701 0b001c01 10000 100 4979 2000700522 1542 417 116
0b000301 0b001401 10000 100 31184 2000807958 3584 2617 130
0b000901 0b001001 10000 100 51951 2000877388 5637 4355 143
0b000a01 0b001301 10000 100 12874 2000956932 1181 1079 156
0b000a01 0b001701 10000 100 73275 2001080818 6406 6146 174
0b000f01 0b001101 10000 100 83472 2001095268 13059 7000 176
0b000e01 0b001f01 10000 100 203625 2001109623 19019 17073 179
0b000b01 0b001801 10000 100 1874388 2001013878 184968 157151 165
0b000501 0b001b01 10000 100 34774 2001295874 14630 2916 203
0b000e01 0b001901 10000 100 7154 2001318238 966 603 206
0b000e01 0b001101 10000 100 78227 2001334287 11362 6561 210
0b000001 0b001901 10000 100 1903116 2000176424 1188036 159560 26
0b000f01 0b001801 10000 100 13678 2001382024 1211 1148 217
0b000901 0b001701 10000 100 1209380 2001286372 115669 101396 201
0b000301 0b001b01 10000 100 45727 2001403552 23099 3834 224
0b000101 0b001801 10000 100 12778 2001423330 8245 1072 227
0b000401 0b001001 10000 100 25056 2001430333 17158 2104 228
0b000601 0b001601 10000 100 36353 2001475204 5688 3050 238
0b000701 0b001501 10001 100 31392 2001510452 7533 2634 242
0b000801 0b001c01 10000 100 66096 2001569663 13860 5544 251
0b000501 0b001601 10000 100 1177412 2000294047 1304426 98716 51
0b000701 0b001601 10000 100 24488 2001732099 8027 2055 272
0b000001 0b001f01 10000 100 13671 2001912037 3678 1147 300
0b000601 0b001601 10001 100 46943 2001917326 9448 3935 301
0b000101 0b001b01 10000 100 59887 2001878876 55340 5021 295
0b000b01 0b001401 10000 100 2507597 2001663757 420669 210238 266
0b000d01 0b001a01 10000 100 3032356 2000902350 1277728 254235 148
0b000e01 0b001601 10000 100 988535 2001957546 243169 82880 312
0b000f01 0b001d01 10000 100 2035 2002195450 10284 174 346
0b000101 0b001d01 10000 100 40588 2002201072 43558 3404 347
0b000f01 0b001701 10000 100 41710 2002294130 5151 3498 363
0b000801 0b001a01 10001 100 23163 2002354035 11468 1945 371
0b000201 0b001b01 10000 100 29844 2002366400 15383 2502 378
0b000f01 0b001401 10000 100 29888 2002386261 5064 2506 383
0b000f01 0b001501 10000 100 37987 2002492335 5129 3184 399
0b000001 0b001201 10000 100 2106272 2001944099 571629 176592 309
0b000201 0b001a01 10000 100 4853652 2000229715 2339361 406931 39
0b000601 0b001b01 10000 100 46291 2002575294 4995 3883 410
0b000b01 0b001d01 10000 100 391207 2002488349 105627 32801 397
0b000701 0b001601 10001 100 633504 2002583630 92521 53114 414
0b000601 0b001401 10000 100 157611 2002662948 17466 13215 424
0b000401 0b001e01 10001 100 44208 2002745918 20195 3709 436
0b000301 0b001c01 10000 100 1596630 2001360092 1519370 133862 212
0b000b01 0b001f01 10000 100 41230 2002882672 13888 3459 455
0b000c01 0b001d01 10000 100 77239 2002852057 48505 6478 451
0b000201 0b001101 10001 100 4032 2002921542 47754 341 461
0b000401 0b001c01 10000 100 961795 2002556184 418597 80637 407
0b000d01 0b001f01 10000 100 59218 2002993888 8137 4967 470
0b000b01 0b001801 10001 100 143948 2003011824 39634 12068 472
0b000001 0b001c01 10000 100 121177 2002945312 117256 10162 462
0b000b01 0b001e01 10001 100 1634347 2002790577 300070 137026 442
0b000001 0b001901 10001 100 31456 2003098757 16890 2639 489
0b000101 0b001801 10001 100 21611 2003093230 68745 1813 488
0b000401 0b001b01 10000 100 19373 2003155443 19501 1626 497
0b000701 0b001b01 10000 100 3575 2003244621 1580 301 511
0b000d01 0b001401 10000 100 1470113 2003029028 245478 123257 477
0b000a01 0b001a01 10000 100 27 2003278960 0 6 519
0b000401 0b001f01 10000 100 3926 2003324796 14347 329 526
0b000f01 0b001801 10001 100 4351671 2001437097 2024618 364845 231
0b000901 0b001801 10000 100 2557 2003620590 1954 216 561
0b000901 0b001b01 10000 100 48915 2003684660 5491 4101 568
0b000e01 0b001301 10000 100 4468 2003684976 11572 376 569
0b000601 0b001401 10001 100 15263 2003697009 1861 1282 571
0b000001 0b001c01 10001 100 29801 2003653174 75678 2499 563
0b000501 0b001101 10000 100 76891 2003744762 27420 6446 583
0b000e01 0b001401 10000 100 97490 2003713816 75554 8175 580
0b000f01 0b001501 10001 100 67669 2003754466 39646 5674 588
0b000b01 0b001d01 10001 100 373920 2003703616 97064 31349 575
0b000801 0b001901 10000 100 557373 2003251783 582231 46732 515
0b000b01 0b001d01 10002 100 303245 2003746404 88072 25426 584
0b000201 0b001f01 10000 100 65985 2003850836 14227 5532 600
0b000401 0b001a01 10000 100 29916 2003881804 10526 2508 605
0b000701 0b001001 10001 100 1425156 2002488388 1440317 119488 398
0b000b01 0b001201 10000 100 72842 2003977874 18030 6107 621
0b000e01 0b001d01 10000 100 8837 2004016567 5223 741 627
0b000101 0b001101 10000 100 1203259 2003704289 391923 100884 576
0b000a01 0b001801 10000 100 8541 2004133667 902 717 645
0b000901 0b001201 10000 100 8796663 2000744785 3421553 737513 121
0b000501 0b001701 10000 100 226059 2004201977 23812 18956 656
0b000b01 0b001301 10000 100 23821 2004313726 3998 1997 676
0b000101 0b001301 10000 100 503910 2003082312 1258339 42248 486
0b000b01 0b001601 10000 100 44469 2004359458 17504 3730 686
0b000a01 0b001d01 10000 100 8119 2004378501 1841 684 692
0b000f01 0b001b01 10000 100 351518 2004195096 234218 29473 654
0b000401 0b001801 10000 100 8942 2004440869 4532 749 708
0b000401 0b001601 10000 100 780568 2004124342 341115 65444 643
0b000701 0b001c01 10001 100 43110 2004465533 7281 3617 710
0b000101 0b001f01 10000 100 942823 2004381108 156288 79046 694
0b000901 0b001b01 10001 100 165711 2004588222 71483 13894 725
0b000c01 0b001e01 10000 100 1789732 2003972599 695996 150052 620
0b000901 0b001201 10001 100 17418 2004672111 7482 1462 735
0b000901 0b001a01 10001 100 56100 2004720178 24453 4706 747
0b000e01 0b001801 10000 100 36366 2004765695 49220 3051 756
0b000701 0b001801 10000 100 30350 2004735409 126492 2547 750
0b000a01 0b001701 10001 100 1456257 2003615035 1263174 122095 560
0b000201 0b001601 10000 100 55672 2004907472 12750 4668 780
0b000101 0b001a01 10000 100 18157 2004975690 3467 1525 791
0b000b01 0b001101 10000 100 7917 2004950036 62244 664 785
0b000101 0b001f01 10001 100 5050 2005121037 749 427 821
0b000e01 0b001c01 10001 100 20561 2005149838 20105 1725 828
0b000c01 0b001201 10000 100 901456 2003707519 1478760 75580 577
0b000401 0b001901 10000 100 14465 2005325194 8783 1214 866
0b000201 0b001101 10000 100 7352880 2001157150 4270677 616465 188
0b000001 0b001101 10000 100 136 2005500066 4768 14 898
0b000201 0b001501 10000 100 12770 2005469243 85824 1071 892
0b000a01 0b001e01 10000 100 7721 2005601053 2043 648 912
0b000101 0b001101 10001 100 28346 2005605477 15284 2379 914
0b000801 0b001701 10000 100 3140255 2002524023 3269701 263281 402
0b000601 0b001801 10000 100 73766 2005767312 35489 6185 937
0b000201 0b001201 10000 100 61904 2005812775 19915 5190 943
0b000501 0b001a01 10000 100 51888 2005835929 32977 4350 945
0b000701 0b001f01 10000 100 1940392 2005181510 773249 162684 832
0b000101 0b001e01 10000 100 133701 2005965794 39037 11210 963
0b000001 0b001f01 10001 100 1376425 2004673755 1392830 115401 736
0b000001 0b001401 10001 100 4227737 2003608029 2489713 354454 557
0b000901 0b001501 10000 100 1318021 2005216335 1083803 110506 842
0b000001 0b001501 10001 100 1360 2006329762 598 116 1012
0b000d01 0b001f01 10001 100 20073 2006361657 10713 1686 1016
0b000001 0b001901 10002 100 1343 2006451111 1275 115 1031
0b000501 0b001301 10000 100 76507 2006504508 13949 6416 1045
0b000501 0b001801 10000 100 28419 2006680717 53092 2384 1069
0b000101 0b001801 10002 100 55700 2006652320 85767 4671 1063
0b000801 0b001b01 10000 100 22444 2006837701 23573 1883 1099
0b000f01 0b001e01 10000 100 105623 2006776085 107470 8856 1086
0b000501 0b001d01 10000 100 8924 2006852252 34552 748 1104
0b000501 0b001701 10001 100 2167214 2005540883 1372775 181702 901
0b000401 0b001801 10001 100 128867 2006858693 72904 10804 1105
0b000a01 0b001d01 10001 100 24791 2006966742 18314 2079 1116
0b000b01 0b001d01 10003 100 111388 2006962901 26023 9341 1115
0b000c01 0b001601 10000 100 38493 2006991403 18480 3229 1119
0b000e01 0b001f01 10002 100 149544 2006957063 80039 12539 1114
0b000701 0b001501 10002 100 1302894 2006814621 329924 109235 1095
0b000f01 0b001501 10003 100 56206 2007134971 11049 4715 1139
0b000101 0b001401 10000 100 2263890 2006567142 579207 189804 1054
0b000d01 0b001301 10000 100 28236 2007142761 3653 2370 1140
0b000901 0b001f01 10000 100 3538257 2003718495 3428118 296650 581
0b000101 0b001c01 10001 100 49081 2007161017 6815 4118 1144
0b000a01 0b001001 10000 100 6424 2007183744 6228 540 1145
0b000601 0b001901 10000 100 71098 2007186926 60413 5964 1146
0b000901 0b001c01 10000 100 339145 2006798281 572406 28437 1090
0b000601 0b001401 10002 100 1298231 2006461310 952946 108846 1034
0b000001 0b001501 10002 100 192150 2007411226 49638 16113 1175
0b000e01 0b001f01 10001 100 1690050 2006661081 807921 141697 1067
0b000901 0b001d01 10000 100 1116049 2005690994 1920436 93573 928
0b000301 0b001401 10001 100 38699 2007609468 10118 3245 1212
0b000e01 0b001301 10001 100 6485 2007623354 2933 545 1216
0b000c01 0b001b01 10000 100 43738 2007477619 208402 3668 1182
0b000c01 0b001c01 10000 100 2560693 2005716127 2029489 214689 932
0b000f01 0b001f01 10000 100 39069 2007617368 161321 3279 1213
0b000f01 0b001801 10003 100 32731 2007789381 36751 2745 1247
0b000901 0b001d01 10001 100 1217659 2005935526 1911822 102089 957
0b000f01 0b001801 10004 100 7216 2007895663 2659 608 1265
0b000b01 0b001401 10001 100 65850 2008001602 30059 5521 1281
0b000a01 0b001501 10000 100 917752 2007290945 849313 76945 1155
0b000901 0b001f01 10001 100 13952 2008217178 19755 1169 1309
0b000901 0b001901 10001 100 1269506 2006378172 1906423 106437 1021
0b000901 0b001b01 10002 100 418 2008280419 36053 37 1315
0b000901 0b001301 10000 100 66272 2008248682 89297 5559 1311
0b000601 0b001501 10000 100 5174 2008348878 10157 436 1322
0b000d01 0b001e01 10000 100 75043 2008364118 91093 6295 1326
0b000901 0b001101 10001 100 48457 2008403362 55339 4064 1336
0b000001 0b001101 10001 100 52512 2008445904 20215 4404 1341
0b000501 0b001b01 10001 100 5098 2008476048 755 430 1344
0b000701 0b001501 10000 100 6908054 2000696522 7853893 579174 113
0b000901 0b001401 10000 100 1183063 2006979647 1604794 99191 1117
0b000b01 0b001b01 10000 100 54179 2008567138 21479 4545 1351
0b000801 0b001d01 10001 100 3982578 2005134019 3480980 333900 823
0b000f01 0b001001 10000 100 2915 2008749438 1024 244 1376
0b000801 0b001d01 10002 100 1266991 2007607870 1258297 106224 1211
0b000901 0b001001 10001 100 7720 2008868748 5887 648 1393
0b000a01 0b001701 10002 100 22722 2008909545 22754 1906 1396
0b000301 0b001801 10000 100 1771567 2006426912 2533411 148529 1027
0b000901 0b001201 10002 100 1546282 2006204888 2766175 129643 990
0b000801 0b001901 10001 100 21662 2008970290 24449 1817 1402
0b000801 0b001701 10001 100 339208 2008616052 383984 28442 1356
0b000501 0b001501 10000 100 15891 2008968938 35602 1332 1401
0b000701 0b001901 10000 100 140828 2008975480 32892 11807 1403
0b000501 0b001e01 10000 100 13619 2008988963 34325 1143 1407
0b000801 0b001b01 10001 100 71165 2008977944 70196 5969 1406
0b000401 0b001201 10000 100 23240 2009025791 23050 1951 1413
0b000d01 0b001b01 10000 100 51344 2009040399 11049 4307 1417
0b000401 0b001c01 10001 100 1219947 2008079044 972498 102280 1289
0b000701 0b001101 10000 100 3005 2009047461 10763 255 1419
0b000c01 0b001701 10000 100 50077 2009175373 5911 4202 1441
0b000901 0b001b01 10003 100 28287 2009232788 25233 2374 1456
0b000101 0b001901 10000 100 544836 2009145928 117542 45679 1437
0b000e01 0b001501 10000 100 159983 2009212655 68094 13413 1453
0b000101 0b001001 10000 100 164088 2008284424 1066948 13760 1316
0b000d01 0b001101 10000 100 41362 2009188170 188960 3470 1444
0b000601 0b001c01 10000 100 2178 2009365480 30529 185 1481
0b000201 0b001201 10001 100 26281 2009337640 116949 2206 1479
0b000901 0b001001 10002 100 161373 2009397249 195607 13531 1485
0b000d01 0b001001 10000 100 75594 2009553799 65350 6339 1505
0b000a01 0b001101 10000 100 4097285 2005591970 4099208 343519 908
0b000801 0b001b01 10002 100 8409 2009690770 30390 707 1523
0b000301 0b001001 10000 100 134937 2009728718 33295 11313 1530
0b000101 0b001b01 10001 100 10531 2009771705 4235 884 1537
0b000c01 0b001d01 10001 100 134004 2009699536 118749 11238 1524
0b000901 0b001701 10001 100 64828 2009769679 83299 5435 1536
0b000801 0b001101 10001 100 37970 2009936418 47500 3183 1558
0b000101 0b001501 10000 100 20631 2009987263 2389 1731 1564
0b000101 0b001a01 10001 100 9141 2010031711 1182 769 1572
0b000a01 0b001501 10001 100 1684562 2008370825 1665825 141235 1329
0b000301 0b001e01 10000 100 139853 2010078528 61796 11725 1585
0b000801 0b001501 10000 100 61223 2010186988 99263 5135 1605
0b000601 0b001201 10000 100 3381076 2006448799 3844929 283472 1030
0b000301 0b001701 10000 100 44741 2010257538 46685 3752 1614
0b000501 0b001501 10001 100 2966 2010377035 492 248 1634
0b000201 0b001b01 10001 100 67258 2010367893 31070 5641 1631
0b000c01 0b001a01 10001 100 85342 2010304432 119311 7157 1620
0b000401 0b001e01 10000 100 9128346 2001396873 9032682 765323 221
0b000601 0b001701 10000 100 1783109 2007656497 2783275 149499 1223
0b000701 0b001801 10001 100 4444 2010466617 4471 374 1652
0b000101 0b001a01 10002 100 3258 2010508922 94526 276 1661
0b000b01 0b001e01 10002 100 2887421 2007897686 2707545 242083 1267
0b000101 0b001801 10003 100 6676 2010655628 1735 560 1682
0b000a01 0b001501 10002 100 45451 2010643266 23608 3812 1681
0b000901 0b001301 10001 100 1469862 2009191901 1541476 123233 1446
0b000901 0b001c01 10001 100 125973 2010691301 162578 10561 1685
0b000401 0b001901 10001 100 1733637 2008770793 2102424 145349 1380
0b000501 0b001d01 10001 100 20396 2010898973 10784 1712 1720
0b000f01 0b001501 10004 100 1560858 2010547931 371311 130862 1666
0b000f01 0b001401 10001 100 49281 2010891757 43662 4134 1716
0b000001 0b001801 10000 100 21243 2010942465 7855 1783 1729
0b000201 0b001501 10001 100 9927695 2006602383 4389033 832339 1059
0b000801 0b001e01 10000 100 1187321 2009403142 1610851 99547 1487
0b000601 0b001301 10001 100 35240 2010963446 59313 2957 1730
0b000901 0b001c01 10002 100 8121 2011035791 11013 684 1739
0b000e01 0b001b01 10000 100 1862409 2005108142 5945346 156146 817
0b000801 0b001401 10000 100 23704 2011024377 39161 1988 1737
0b000601 0b001401 10003 100 8303 2011165640 14154 698 1756
0b000001 0b001b01 10000 100 590370 2010987933 217812 49499 1733
0b000201 0b001d01 10002 100 45678 2011143977 68081 3830 1754
0b000101 0b001001 10001 100 85094 2011173286 63086 7137 1758
0b000101 0b001101 10003 100 13201 2011235488 2669 1109 1768
0b000501 0b001f01 10000 100 566821 2010091392 1196361 47522 1586
0b000f01 0b001e01 10001 100 27250 2011277043 24934 2287 1780
0b000201 0b001b01 10002 100 452583 2011237235 168973 37946 1769
0b000601 0b001001 10000 100 1609916 2008692276 2716637 134975 1370
0b000801 0b001401 10001 100 32609 2011371379 52829 2735 1797
0b000a01 0b001301 10001 100 25670 2011423348 13000 2153 1804
0b000801 0b001801 10000 100 178563 2011169500 282599 14972 1757
0b000e01 0b001e01 10000 100 3769 2011452958 5567 316 1809
0b000901 0b001b01 10004 100 40175 2011434148 33682 3371 1807
0b000901 0b001901 10002 100 1093849 2010567931 998845 91708 1669
0b000401 0b001001 10001 100 23125 2011557652 20504 1942 1828
0b000e01 0b001c01 10002 100 19107 2011439730 172451 1605 1808
0b000b01 0b001801 10002 100 79542 2011721726 44716 6670 1853
0b000d01 0b001f01 10002 100 3977074 2009545591 2237363 333441 1504
0b000301 0b001f01 10000 100 53302 2011586381 198883 4471 1833
0b000c01 0b001b01 10001 100 228858 2011649784 176902 19188 1844
0b000401 0b001b01 10002 100 134506 2011784027 129622 11278 1862
0b000201 0b001201 10002 100 3563 2011914598 1444 300 1878
Average intra_dc ratio: 18.50039474559205
