0b000a01 0b001801 10000 100 47473 2000039897 1016519 1016347
0b000101 0b001201 10000 100 671860 2000020083 1106300 1068694
0b000d01 0b001301 10000 100 45013 2000586968 1025869 1016142
0b000001 0b001901 10000 100 4583922 2000286308 1467517 1396681
0b000701 0b001f01 10000 100 6178 2000780129 1013238 1012886
0b000f01 0b001201 10000 100 2887529 2000592076 1491536 1254457
0b000f01 0b001701 10000 100 7966722 2000214694 1914360 1680296
0b000101 0b001c01 10000 100 27980 2001791858 1015050 1014710
0b000d01 0b001901 10000 100 6925 2002020367 1013192 1012945
0b000901 0b001001 10000 100 3289833 2002039293 1548007 1288185
0b000d01 0b001101 10000 100 27004 2002643278 1191900 1014632
0b000301 0b001001 10000 100 5326334 2002173489 2004604 1458927
0b000501 0b001001 10000 100 58750 2002876663 1325682 1017291
0b000d01 0b001201 10000 100 2806482 2002786213 1437197 1247662
0b000201 0b001801 10000 100 2350655 2003091588 1238472 1209445
0b000a01 0b001901 10000 100 49808 2003501110 1017580 1016541
0b000101 0b001401 10000 100 54357 2003514121 1017140 1016924
0b000b01 0b001001 10000 100 3752581 2002916534 1644931 1326983
0b000101 0b001601 10000 100 43913 2003674619 1017235 1016047
0b000c01 0b001f01 10000 100 167038 2003783809 1033179 1026373
0b000b01 0b001001 10001 100 296087 2003808091 1043194 1037192
0b000f01 0b001a01 10000 100 1230356 2003900492 1165022 1115520
0b000e01 0b001501 10000 100 6140 2004101283 1013654 1012883
0b000601 0b001301 10000 100 15136 2004391275 1070855 1013637
0b000e01 0b001301 10000 100 15917 2004855135 1014806 1013699
0b000901 0b001901 10000 100 867963 2004848213 1098554 1085135
0b000601 0b001e01 10000 100 23658 2005220625 1015365 1014349
0b000301 0b001201 10000 100 2198 2005225777 1012565 1012552
0b000701 0b001e01 10000 100 138440 2005453023 1030860 1023973
0b000c01 0b001701 10000 100 140589 2005589356 1033120 1024153
0b000901 0b001c01 10000 100 3502804 2005185548 1665837 1306040
0b000301 0b001401 10000 100 385896 2006077809 1147346 1044718
0b000e01 0b001001 10000 100 65548 2006326052 1020218 1017862
0b000101 0b001b01 10000 100 21175 2006466377 1023742 1014143
0b000901 0b001d01 10000 100 166917 2006996770 1028408 1026359
0b000701 0b001d01 10000 100 1464 2007065391 1012435 1012489
0b000801 0b001601 10000 100 180269 2007153762 1028491 1027481
0b000501 0b001001 10001 100 5180 2007696943 1012937 1012802
0b000901 0b001a01 10000 100 59797 2008063685 1018744 1017379
0b000201 0b001301 10000 100 1249801 2007968905 1200226 1117149
0b000701 0b001c01 10000 100 63861 2008223957 1041506 1017719
0b000201 0b001501 10000 100 19257 2008336077 1029455 1013982
0b000101 0b001d01 10000 100 11284 2008373643 1018550 1013313
0b000801 0b001901 10000 100 461090 2008351927 1130421 1051026
0b000401 0b001101 10000 100 64938 2008646780 1020499 1017809
0b000201 0b001101 10000 100 1381486 2008727772 1178086 1128190
0b000501 0b001001 10002 100 1318112 2008810004 1178169 1122878
0b000001 0b001a01 10000 100 42542 2009201022 1017823 1015933
0b000a01 0b001701 10000 100 286458 2009123293 1167035 1036383
0b000201 0b001f01 10000 100 4996857 2008917670 1639801 1431302
0b000601 0b001401 10000 100 17466680 2005762735 4980894 2476772
0b000c01 0b001601 10000 100 409779 2009695181 1076210 1046721
0b000e01 0b001201 10000 100 5859240 2008818864 1990892 1503606
0b000901 0b001301 10000 100 3755796 2009317638 1530976 1327251
0b000d01 0b001101 10001 100 593427 2009640615 1213973 1062120
0b000d01 0b001001 10000 100 9419 2009909819 1013148 1013156
0b000301 0b001c01 10000 100 20803 2009965642 1024723 1014109
0b000101 0b001001 10000 100 2648002 2009993735 1293011 1234377
0b000e01 0b001101 10000 100 462424 2010241626 1077501 1051136
0b000d01 0b001901 10001 100 8379 2010592449 1013525 1013069
0b000501 0b001e01 10000 100 1820497 2010115631 1491512 1164997
0b000c01 0b001201 10000 100 4696385 2010208132 1518270 1406112
0b000f01 0b001401 10000 100 7880 2010781312 1062468 1013026
0b000801 0b001e01 10000 100 2709813 2010506036 1404303 1239556
0b000901 0b001a01 10001 100 60339 2011000522 1021513 1017426
0b000601 0b001f01 10000 100 859461 2010853561 1185083 1084424
0b000f01 0b001a01 10001 100 62115 2011211666 1028472 1017576
0b000601 0b001a01 10000 100 1703380 2011059716 1205129 1155178
0b000f01 0b001d01 10000 100 5881673 2010886989 1754393 1505485
0b000b01 0b001d01 10000 100 26800 2011656578 1053642 1014612
0b000401 0b001101 10001 100 3384 2011879362 1012703 1012651
0b000701 0b001a01 10000 100 22608 2011936739 1015823 1014261
0b000d01 0b001201 10001 100 21584 2012069959 1015039 1014176
0b000a01 0b001e01 10000 100 173936 2012485832 1086513 1026948
0b000701 0b001501 10000 100 67751 2012491328 1095799 1018046
0b000c01 0b001001 10000 100 29690 2012623417 1042394 1014855
0b000c01 0b001e01 10000 100 114115 2012737700 1030654 1021935
0b000c01 0b001c01 10000 100 3651283 2012331956 1459525 1318491
0b000101 0b001801 10000 100 4843648 2012144303 1835011 1418457
0b000501 0b001701 10000 100 2300373 2012671355 1405011 1205230
0b000f01 0b001401 10001 100 159350 2013049275 1037589 1025727
0b000801 0b001601 10001 100 3922884 2012683545 1605910 1341260
0b000201 0b001301 10001 100 832894 2013608799 1104248 1082195
0b000b01 0b001101 10000 100 20439 2013702810 1014503 1014080
0b000001 0b001401 10000 100 106614 2013785561 1027587 1021305
0b000501 0b001b01 10000 100 9432341 2012595061 2306730 1803175
0b000f01 0b001f01 10000 100 67111 2013959778 1022384 1017995
0b000401 0b001801 10000 100 4048995 2013317228 1863780 1351832
0b000401 0b001d01 10000 100 1283102 2014039061 1202461 1119943
0b000c01 0b001b01 10000 100 5128305 2014083256 1666017 1442324
0b000f01 0b001701 10001 100 31546 2014971753 1016546 1015011
0b000c01 0b001601 10001 100 22466 2015537307 1015382 1014250
0b000801 0b001901 10001 100 75 2015662358 1012239 1012374
0b000701 0b001601 10000 100 53596 2015699506 1019625 1016860
0b000401 0b001001 10000 100 9934416 2012838472 3946307 1845268
0b000f01 0b001701 10002 100 21286 2015776773 1072871 1014152
0b000501 0b001f01 10000 100 148926 2016165583 1030333 1024851
0b000301 0b001701 10000 100 3496 2016154322 1063382 1012660
0b000b01 0b001901 10000 100 2307481 2016020200 1411089 1205826
0b000301 0b001a01 10000 100 58736 2016716950 1019413 1017290
0b000501 0b001001 10003 100 30738 2016960083 1026199 1014943
0b000801 0b001101 10000 100 576499 2016932650 1090908 1060700
0b000f01 0b001401 10002 100 5467 2017249771 1014811 1012825
0b000d01 0b001901 10002 100 783987 2017157571 1130306 1078094
0b000901 0b001301 10001 100 5370 2017318777 1057600 1012817
0b000601 0b001301 10001 100 25887 2017549912 1015354 1014535
0b000501 0b001e01 10001 100 151144 2018118174 1047630 1025040
0b000c01 0b001901 10000 100 5282514 2017568556 1823803 1455252
0b000201 0b001201 10000 100 476109 2018335897 1064611 1052285
0b000001 0b001401 10001 100 648062 2018443083 1073061 1066702
0b000101 0b001701 10000 100 20007 2018642455 1017756 1014046
0b000401 0b001401 10000 100 14565 2018767984 1014325 1013587
0b000101 0b001b01 10001 100 24511 2018882873 1016396 1014421
0b000e01 0b001301 10001 100 185203 2018920531 1051807 1027895
0b000b01 0b001c01 10000 100 1582940 2017930302 2078935 1145078
0b000c01 0b001f01 10001 100 29218 2019002852 1208127 1014817
0b000901 0b001a01 10002 100 31158 2019232437 1016294 1014980
0b000401 0b001e01 10000 100 36183 2019641967 1038210 1015401
0b000001 0b001d01 10000 100 7235009 2018738449 1958137 1618951
0b000a01 0b001d01 10000 100 78441 2019558405 1168251 1018943
0b000301 0b001701 10001 100 78539 2019781483 1022622 1018951
0b000a01 0b001e01 10001 100 4644314 2017997156 2942945 1401746
0b000401 0b001701 10000 100 23262 2019969371 1015502 1014318
0b000a01 0b001901 10001 100 10891 2020169474 1014012 1013278
0b000a01 0b001d01 10001 100 46348 2020186497 1018224 1016253
0b000701 0b001801 10000 100 21715 2020349717 1022481 1014186
0b000801 0b001b01 10000 100 8789241 2018988235 2400014 1749257
0b000301 0b001d01 10000 100 133008 2020374712 1034832 1023520
0b000c01 0b001b01 10001 100 10763477 2016913868 4555127 1914776
0b000201 0b001701 10000 100 478387 2020636645 1094921 1052475
0b000c01 0b001b01 10002 100 814068 2020709762 1210223 1080620
0b000901 0b001701 10000 100 1953850 2020636563 1388538 1176176
0b000901 0b001b01 10000 100 31437 2021042157 1017507 1015002
0b000201 0b001301 10002 100 17 2021281075 1012225 1012370
0b000701 0b001401 10000 100 41340 2021452061 1020127 1015833
0b000d01 0b001601 10000 100 3686 2021604742 1012820 1012675
0b000501 0b001001 10004 100 29357 2021655951 1015595 1014828
0b000201 0b001801 10001 100 25062 2021659838 1102251 1014469
0b000901 0b001e01 10000 100 8601315 2020336653 2494796 1733501
0b000a01 0b001a01 10000 100 44303 2021872298 1018632 1016082
0b000701 0b001c01 10001 100 35712 2022130556 1017711 1015360
0b000d01 0b001f01 10000 100 13746 2022154818 1013936 1013518
0b000801 0b001201 10000 100 187539 2022245450 1115188 1028090
0b000201 0b001801 10002 100 47391 2022095694 1370389 1016340
0b000b01 0b001501 10000 100 29707 2022473483 1030509 1014856
0b000701 0b001801 10001 100 860570 2022350659 1406046 1084516
0b000301 0b001a01 10001 100 9867 2022942884 1013641 1013192
0b000601 0b001801 10000 100 2272108 2022610048 1362685 1202861
0b000501 0b001501 10000 100 158907 2023179197 1038885 1025688
0b000501 0b001c01 10000 100 3152120 2023041050 1437006 1276642
0b000d01 0b001401 10000 100 6994 2023495217 1013497 1012951
0b000701 0b001701 10000 100 20492 2023611588 1016073 1014085
0b000101 0b001b01 10002 100 8208 2023420461 1215151 1013056
0b000f01 0b001b01 10000 100 2102959 2023297256 1409457 1188677
0b000b01 0b001501 10001 100 6116 2024389349 1049899 1012881
0b000e01 0b001501 10001 100 4395965 2024298710 1525772 1380922
0b000201 0b001201 10001 100 29006 2024663091 1176465 1014800
0b000b01 0b001501 10002 100 950827 2024685582 1230821 1092083
0b000701 0b001201 10000 100 8037678 2023955776 2015791 1686245
0b000d01 0b001601 10001 100 52197 2024960790 1052636 1016744
0b000401 0b001901 10000 100 11260353 2023735557 2358929 1956435
0b000401 0b001801 10001 100 2289 2025353348 1052369 1012559
0b000e01 0b001c01 10000 100 371320 2025526367 1075354 1043499
0b000b01 0b001f01 10000 100 6641 2025601691 1012982 1012923
0b000001 0b001801 10000 100 18838414 2021331208 5666716 2591779
0b000701 0b001901 10000 100 4714 2026088332 1069073 1012761
0b000101 0b001c01 10001 100 35933 2026513512 1041559 1015377
0b000801 0b001a01 10000 100 2906 2026549430 1012801 1012609
0b000c01 0b001c01 10001 100 2830412 2025361221 2377524 1249669
0b000701 0b001101 10000 100 26791 2026788225 1044191 1014611
0b000a01 0b001b01 10000 100 72085 2026816940 1028370 1018412
0b000e01 0b001501 10002 100 53674 2027305801 1018577 1016866
0b000801 0b001201 10001 100 9735 2027967939 1013414 1013182
0b000f01 0b001701 10003 100 15579 2027945963 1038501 1013672
0b000c01 0b001101 10000 100 5378 2028215137 1013448 1012818
0b000d01 0b001901 10003 100 5209845 2025174419 4061920 1449159
0b000801 0b001101 10001 100 76577 2028264811 1023790 1018786
0b000001 0b001e01 10000 100 2709916 2027911951 1470406 1239564
0b000101 0b001501 10000 100 488521 2028325941 1135644 1053324
0b000501 0b001501 10001 100 69469 2028518351 1070307 1018191
0b000e01 0b001601 10000 100 1159684 2027752222 2076013 1109594
0b000c01 0b001a01 10000 100 29388 2028941976 1016929 1014831
0b000d01 0b001401 10001 100 834736 2028953474 1142667 1082350
0b000201 0b001201 10002 100 43418 2029116902 1037606 1016007
0b000501 0b001f01 10001 100 174453 2029185215 1103630 1026993
0b000d01 0b001101 10002 100 28718 2029292292 1016452 1014773
0b000a01 0b001f01 10000 100 865276 2029334850 1185452 1084912
0b000f01 0b001c01 10000 100 8156462 2028990000 1921752 1696204
0b000001 0b001201 10000 100 26923634 2022182731 9707635 3269643
Average intra_dc ratio: 1.1293526496607935
