2003200708 45 1 1 1
2003204281 45 1 1 0
2003214449 45 1 1 1
2003217455 45 1 1 0
2003225847 45 1 1 1
2003229864 45 1 1 0
2003235275 45 1 1 1
2003239219 45 1 1 0
2003244456 45 1 1 1
2003248483 45 1 1 0
2003253542 45 1 1 1
2003257498 45 1 1 0
2003262608 45 1 1 1
2003266600 45 1 1 0
2003271449 45 1 1 1
2003275350 45 1 1 0
2003280527 45 1 1 1
2003284631 45 1 1 0
2003289472 45 1 1 1
2003293464 45 1 1 0
2003298637 45 1 1 1
2003302617 45 1 1 0
2019240467 37 1 7 1
2019245438 37 1 7 0
2019249579 37 1 7 1
2019254686 37 1 7 0
2019259306 37 1 7 1
2019263925 37 1 7 0
2019268658 37 1 7 1
2019273205 37 1 7 0
2019278469 37 1 7 1
2019282880 37 1 7 0
2019287836 37 1 7 1
2019290904 37 1 7 0
2025346275 44 1 3 1
2025348031 44 1 3 0
