2000647367 25 14 3 10000 100
2000971130 10 16 3 10000 100
2001030945 12 31 3 10000 100
2001179411 16 1 3 10000 100
2001208013 17 9 3 10000 100
2001209111 24 8 3 10000 100
2001408192 12 24 3 10000 100
2001449211 26 10 3 10000 100
2001488569 30 9 3 10000 100
2001505957 31 9 3 10000 100
2001605609 2 25 3 10000 100
2001811263 29 8 3 10001 100
2001862590 15 17 3 10000 100
2001944322 24 1 3 10001 100
2001948286 21 10 3 10000 100
2001950507 10 18 3 10000 100
2001996483 29 0 3 10000 100
2002054112 11 27 3 10000 100
2002252984 9 19 3 10000 100
2002282875 9 17 3 10000 100
2002387739 16 14 3 10000 100
2002480314 17 3 3 10000 100
2002624702 16 6 3 10000 100
2002731576 19 13 3 10000 100
2002898050 14 22 3 10000 100
2002913615 14 27 3 10001 100
2002926556 0 18 3 10000 100
2002961222 23 4 3 10000 100
2003166415 24 13 3 10000 100
2003196636 25 13 3 10001 100
2003200173 4 18 3 10000 100
2003251146 31 0 3 10000 100
2003252336 31 3 3 10000 100
2003332225 23 11 3 10002 100
2003349310 5 22 3 10000 100
2003398133 19 4 3 10000 100
2003403171 29 13 3 10000 100
2003416657 5 19 3 10000 100
2003511172 26 6 3 10000 100
2003596116 1 23 3 10000 100
2003605945 1 17 3 10000 100
2003673531 26 0 3 10001 100
2003676830 31 4 3 10000 100
2003691985 12 22 3 10000 100
2003702728 23 1 3 10000 100
2003733725 18 2 3 10000 100
2003778918 13 26 3 10000 100
2003806571 29 10 3 10001 100
2003844481 11 25 3 10001 100
2003851180 11 17 3 10001 100
2003875270 29 7 3 10000 100
2003896226 9 28 3 10000 100
2003902307 19 12 3 10000 100
2003912931 19 2 3 10001 100
2003936645 1 19 3 10000 100
2003965479 4 17 3 10000 100
2003972584 25 11 3 10000 100
2003978560 20 4 3 10002 100
2004092140 22 9 3 10002 100
2004107435 8 20 3 10000 100
2004296764 6 27 3 10000 100
2004370981 9 27 3 10000 100
2004377385 20 14 3 10001 100
2004389041 8 19 3 10000 100
2004395658 20 3 3 10000 100
2004452699 13 21 3 10000 100
2004458117 22 2 3 10001 100
2004469994 10 20 3 10002 100
2004483401 25 12 3 10001 100
2004493245 25 1 3 10000 100
2004537117 11 28 3 10000 100
2004567975 8 30 3 10001 100
2004733181 16 12 3 10001 100
2004758447 21 4 3 10000 100
2004780080 23 10 3 10000 100
2004796811 23 6 3 10000 100
2004826481 12 25 3 10000 100
2004828400 14 23 3 10001 100
2004918468 30 7 3 10001 100
2004942853 10 17 3 10003 100
2004948316 13 18 3 10000 100
2005085713 0 28 3 10001 100
2005118548 25 4 3 10000 100
2005163351 25 6 3 10000 100
2005172935 20 11 3 10001 100
2005177452 16 7 3 10000 100
2005178915 23 3 3 10000 100
2005207278 30 14 3 10000 100
2005210591 16 13 3 10000 100
2005234611 10 29 3 10002 100
2005266609 20 0 3 10000 100
2005270325 2 18 3 10000 100
2005273049 2 20 3 10001 100
2005318892 21 9 3 10001 100
2005323421 19 1 3 10000 100
2005326055 20 12 3 10001 100
2005584135 4 22 3 10001 100
2005608347 10 23 3 10001 100
2005629389 30 2 3 10000 100
2005703196 0 24 3 10000 100
2005719563 13 25 3 10001 100
2005750491 18 13 3 10000 100
2005754155 15 19 3 10000 100
2005779627 16 5 3 10002 100
2005955615 7 31 3 10001 100
2005971323 6 17 3 10002 100
2005984942 5 18 3 10002 100
2005992976 3 19 3 10000 100
2006015584 24 4 3 10001 100
2006023127 24 14 3 10002 100
2006076774 7 23 3 10000 100
2006080068 7 25 3 10000 100
2006090803 6 23 3 10000 100
2006180613 8 17 3 10001 100
2006186676 5 30 3 10001 100
2006364205 13 28 3 10000 100
2006399233 13 23 3 10001 100
2006400713 18 6 3 10000 100
2006422757 18 11 3 10000 100
2006484832 19 8 3 10000 100
2006517902 22 13 3 10000 100
2006568879 30 11 3 10000 100
2006617096 19 0 3 10000 100
2006621503 16 4 3 10001 100
2006641345 25 7 3 10000 100
2006753427 16 10 3 10001 100
2006767871 8 29 3 10002 100
2006820651 13 22 3 10000 100
2006836991 13 16 3 10001 100
2006932542 21 13 3 10000 100
2007007298 22 7 3 10001 100
2007060786 20 13 3 10000 100
2007099539 1 26 3 10002 100
2007118466 7 29 3 10001 100
2007131515 7 18 3 10001 100
2007156578 3 26 3 10000 100
2007213294 29 14 3 10002 100
2007358850 6 31 3 10002 100
2007429912 20 10 3 10000 100
2007430268 17 5 3 10000 100
2007435097 25 15 3 10000 100
2007439538 11 21 3 10002 100
2007541721 12 18 3 10000 100
2007602558 30 0 3 10000 100
2007622038 28 10 3 10001 100
2007627545 2 16 3 10001 100
2007628465 30 3 3 10002 100
2007648366 30 5 3 10000 100
2007722431 10 22 3 10002 100
2007875121 6 25 3 10002 100
2007877766 15 31 3 10002 100
2007972998 4 16 3 10001 100
2007998070 1 22 3 10001 100
2008041127 15 30 3 10001 100
2008065854 6 29 3 10000 100
2008093076 26 15 3 10002 100
2008114159 27 12 3 10000 100
2008117752 27 15 3 10002 100
2008203607 16 3 3 10000 100
2008236945 14 18 3 10000 100
2008248979 24 9 3 10003 100
2008302754 14 19 3 10001 100
2008338850 18 9 3 10000 100
2008356869 27 8 3 10001 100
2008433183 26 9 3 10001 100
2008519955 27 9 3 10001 100
2008548443 12 19 3 10001 100
2008548525 3 30 3 10000 100
2008633345 11 22 3 10001 100
2008667447 18 3 3 10000 100
2008703800 20 1 3 10001 100
2008704910 11 19 3 10000 100
2008753519 1 27 3 10000 100
2008771031 5 21 3 10001 100
2008820771 3 18 3 10000 100
2008824455 2 29 3 10000 100
2008935092 15 23 3 10000 100
2009021254 3 22 3 10000 100
2009031590 17 10 3 10000 100
2009040594 1 25 3 10001 100
2009041653 16 8 3 10004 100
2009213078 24 5 3 10000 100
2009237216 30 10 3 10000 100
2009251971 0 23 3 10001 100
2009290795 31 2 3 10003 100
2009348348 31 14 3 10002 100
2009350806 4 19 3 10001 100
2009366454 7 16 3 10002 100
2009402612 2 27 3 10003 100
2009420347 13 27 3 10000 100
2009428364 2 28 3 10001 100
2009548907 27 4 3 10000 100
2009586797 0 30 3 10000 100
2009683975 4 24 3 10001 100
2009777248 4 23 3 10003 100
2009840075 0 31 3 10000 100
2009889453 6 21 3 10000 100
2009987325 29 15 3 10001 100
2010056935 3 28 3 10001 100
2010076109 7 22 3 10002 100
2010090356 12 26 3 10000 100
2010136222 25 9 3 10000 100
2010154052 25 0 3 10003 100
2010354883 2 22 3 10001 100
2010372063 6 20 3 10001 100
2010408859 16 0 3 10001 100
2010436568 19 7 3 10002 100
2010520122 8 28 3 10002 100
2010555479 8 18 3 10001 100
2010677105 11 20 3 10000 100
2010765332 17 13 3 10001 100
2010778435 1 16 3 10001 100
2010862753 18 12 3 10000 100
2010894461 11 29 3 10002 100
2010908811 13 24 3 10000 100
2010925340 18 7 3 10001 100
2010959072 4 31 3 10000 100
2010961644 31 13 3 10002 100
2011011351 6 19 3 10001 100
2011072228 10 19 3 10001 100
2011158600 26 3 3 10000 100
2011160671 22 10 3 10000 100
2011254275 21 15 3 10001 100
2011323149 17 11 3 10000 100
2011340439 20 7 3 10000 100
2011376019 14 17 3 10001 100
2011377989 7 20 3 10000 100
2011442916 12 30 3 10000 100
2011455249 15 22 3 10001 100
2011473326 12 20 3 10001 100
2011476284 21 7 3 10003 100
2011489136 22 14 3 10000 100
2011499803 3 25 3 10002 100
2011535225 3 23 3 10002 100
2011555005 21 1 3 10000 100
2011579040 20 15 3 10001 100
2011600506 21 5 3 10002 100
2011686849 15 27 3 10001 100
2011713019 15 21 3 10000 100
2011735908 31 11 3 10004 100
2011822469 7 21 3 10001 100
2012136507 8 21 3 10001 100
2012139278 5 23 3 10002 100
2012155591 10 26 3 10000 100
2012162738 11 24 3 10003 100
2012177672 20 6 3 10004 100
2012279622 2 17 3 10002 100
2012430941 27 3 3 10001 100
2012438693 18 8 3 10003 100
2012566572 26 1 3 10001 100
2012629904 18 0 3 10001 100
2012657427 3 31 3 10001 100
2012749684 19 10 3 10001 100
2012902790 0 19 3 10002 100
2012905704 28 2 3 10000 100
2012961235 8 24 3 10001 100
2013046543 22 11 3 10001 100
2013050140 9 26 3 10004 100
2013069344 22 8 3 10001 100
2013085509 21 12 3 10000 100
2013106169 23 2 3 10002 100
2013358639 29 11 3 10005 100
2013378821 27 7 3 10001 100
2013501323 20 8 3 10001 100
2013584459 30 1 3 10001 100
2013617113 15 26 3 10001 100
2013695435 19 6 3 10002 100
2013708468 17 6 3 10002 100
2013714576 15 18 3 10000 100
2013818606 28 7 3 10002 100
2013859688 24 0 3 10002 100
2013860512 20 9 3 10001 100
2013861710 29 5 3 10002 100
2013916541 13 20 3 10000 100
2014004298 11 31 3 10001 100
2014121768 3 21 3 10001 100
2014478710 30 15 3 10000 100
2014587004 8 16 3 10003 100
2014657401 9 30 3 10001 100
2014746864 13 31 3 10002 100
2014892476 23 0 3 10001 100
2014938826 6 30 3 10001 100
2014977397 22 12 3 10001 100
2014994354 31 15 3 10001 100
2014998064 14 30 3 10001 100
2015076287 22 3 3 10000 100
2015253953 19 11 3 10000 100
2015352804 15 29 3 10001 100
2015479702 28 12 3 10001 100
2015569581 28 15 3 10002 100
2015597195 23 15 3 10003 100
2015597288 0 22 3 10002 100
2015648833 19 14 3 10001 100
2015700113 31 8 3 10002 100
2015756515 24 12 3 10000 100
2015781382 8 31 3 10002 100
2016159123 25 3 3 10001 100
2016270032 31 1 3 10003 100
2016486158 10 27 3 10001 100
2016501767 9 23 3 10002 100
2016523543 15 16 3 10000 100
2016562627 4 29 3 10001 100
2016635992 9 25 3 10002 100
2016640456 21 6 3 10002 100
2016645791 5 24 3 10000 100
2016652809 6 26 3 10000 100
2016737244 30 4 3 10004 100
2016782577 26 5 3 10002 100
2016872136 6 22 3 10003 100
2016875437 5 29 3 10004 100
2016958092 12 28 3 10002 100
2017015133 4 28 3 10002 100
2017057771 5 17 3 10002 100
2017102277 19 5 3 10003 100
2017111593 1 18 3 10003 100
2017144581 8 22 3 10000 100
2017236382 27 0 3 10002 100
2017377027 16 9 3 10000 100
2017386652 14 16 3 10002 100
2017550449 22 6 3 10000 100
2017609007 18 14 3 10005 100
2017837413 2 30 3 10004 100
2017923559 31 5 3 10001 100
2018561813 9 22 3 10004 100
2018572415 13 29 3 10001 100
2018874289 2 23 3 10000 100
2018921098 21 8 3 10003 100
2018939343 21 0 3 10001 100
2018979435 21 11 3 10002 100
2019056206 31 7 3 10003 100
2019124793 30 13 3 10004 100
2019175794 4 21 3 10000 100
2019224147 14 29 3 10002 100
2019233058 10 30 3 10003 100
2019389849 18 5 3 10005 100
2019475896 12 29 3 10002 100
2019580390 24 11 3 10003 100
2019765616 23 7 3 10005 100
2019788847 25 5 3 10001 100
2020197783 9 29 3 10003 100
2020210197 12 27 3 10003 100
2020321175 25 10 3 10004 100
2020385588 29 4 3 10003 100
2020408781 30 12 3 10002 100
2020455337 24 2 3 10005 100
2020702257 7 24 3 10000 100
2020743215 18 4 3 10001 100
2020821514 14 24 3 10000 100
2020978392 7 30 3 10001 100
2021027694 11 18 3 10002 100
2021072381 5 28 3 10001 100
2021176709 20 2 3 10002 100
2021245809 1 29 3 10004 100
2021254869 6 16 3 10003 100
2021422373 4 20 3 10001 100
2021427520 4 26 3 10001 100
2021842090 21 3 3 10002 100
2022190265 27 6 3 10003 100
2022346617 28 5 3 10000 100
2022348491 28 8 3 10002 100
2022397564 31 10 3 10001 100
2022411544 11 16 3 10003 100
2022433378 10 24 3 10002 100
2023078720 12 23 3 10001 100
2023252211 23 13 3 10002 100
2023329260 28 14 3 10003 100
2023333926 28 13 3 10002 100
2023350955 2 31 3 10004 100
2023371711 5 26 3 10004 100
2023445773 26 8 3 10000 100
2023525987 28 9 3 10003 100
2023552292 28 0 3 10001 100
2023593006 17 1 3 10002 100
2023629188 24 15 3 10002 100
2023727526 3 29 3 10004 100
2023809324 26 2 3 10004 100
2023866151 22 15 3 10001 100
2023996839 24 7 3 10001 100
2024069775 21 14 3 10001 100
2024083334 17 8 3 10004 100
2024180200 6 18 3 10000 100
2024505347 28 6 3 10006 100
2024752928 5 25 3 10000 100
2025001439 17 12 3 10001 100
2025020021 9 24 3 10004 100
2025076702 12 16 3 10003 100
2025231839 26 7 3 10006 100
2025360296 23 8 3 10001 100
2025383694 23 9 3 10002 100
2025732334 19 9 3 10002 100
2025893332 14 20 3 10006 100
2025948727 15 24 3 10001 100
2026064755 4 27 3 10002 100
2026110011 11 26 3 10004 100
2026165877 4 30 3 10000 100
2026189786 29 6 3 10002 100
2026640576 5 16 3 10001 100
2026702511 22 4 3 10003 100
2026799488 5 20 3 10001 100
2026831612 1 24 3 10002 100
2026957646 2 19 3 10005 100
2027547111 27 13 3 10003 100
2027663959 22 1 3 10001 100
2027926344 17 15 3 10000 100
2028105988 29 9 3 10004 100
2028264166 14 31 3 10001 100
2028289282 0 29 3 10000 100
2029123924 15 25 3 10005 100
2029221423 26 4 3 10002 100
2029391961 28 11 3 10003 100
2029736554 1 30 3 10003 100
2029944371 30 6 3 10005 100
2030036595 10 28 3 10001 100
2030159599 2 26 3 10006 100
2030176310 2 24 3 10007 100
2030597743 3 20 3 10002 100
2031204016 15 20 3 10004 100
2031328098 29 1 3 10002 100
