0b000c01 0b001401 10000 100 2090 2000025862 1012504 1012543 0
0b000a01 0b001f01 10000 100 46303 2000050550 1020008 1016249 1
0b000f01 0b001f01 10000 100 3936 2000076758 1012741 1012695 2
0b000e01 0b001f01 10000 100 9278 2000109178 1013112 1013145 3
0b001701 0b000001 10000 100 12578 2000175025 1015254 1013421 8
0b001301 0b000f01 10000 100 296492 2000165754 1036949 1037224 7
0b000801 0b001401 10000 100 87815 2000183720 1019602 1019728 9
0b000901 0b001301 10000 100 9522 2000207220 1013148 1013165 10
0b001401 0b000801 10000 100 25240 2000342094 1015623 1014484 23
0b000401 0b001a01 10000 100 2467 2000332996 1036305 1012573 20
0b000501 0b001201 10000 100 1774036 2000145013 1232528 1161103 5
0b000501 0b001201 10001 100 46285 2000299168 1096819 1016248 16
0b001b01 0b000801 10000 100 25335 2000386536 1015696 1014491 25
0b001401 0b000601 10000 100 27789 2000401081 1014684 1014695 26
0b000f01 0b001201 10000 100 2243365 2000247974 1246697 1200451 14
0b000501 0b001901 10000 100 23949 2000485954 1016276 1014373 35
0b001b01 0b000701 10000 100 1527025 2000227295 1275403 1140394 12
0b000a01 0b001d01 10000 100 63868 2000537279 1017988 1017720 36
0b001101 0b000701 10000 100 35538 2000549955 1016966 1015346 37
0b001a01 0b000701 10000 100 142282 2000401832 1174092 1024296 27
0b000901 0b001b01 10000 100 77238 2000566098 1019519 1018843 40
0b001f01 0b000701 10000 100 51268 2000635885 1020801 1016666 48
0b001001 0b000b01 10000 100 356835 2000600325 1077250 1042282 43
0b000e01 0b001901 10000 100 6582 2000667298 1012860 1012918 49
0b001f01 0b000e01 10000 100 2672942 2000454618 1242908 1236464 33
0b001401 0b000b01 10000 100 54485 2000686158 1021771 1016935 50
0b001601 0b000001 10000 100 63327 2000717198 1021811 1017676 53
0b000801 0b001701 10000 100 27815 2000755845 1014638 1014697 56
0b000a01 0b001401 10000 100 75802 2000837930 1018623 1018721 58
0b000801 0b001d01 10000 100 8906 2000859791 1013738 1013112 60
0b001b01 0b000d01 10000 100 70453 2000821929 1126804 1018273 57
0b000501 0b001101 10000 100 5122 2000962256 1013058 1012797 65
0b000401 0b001001 10001 100 33794 2000864303 1128009 1015199 61
0b000301 0b001301 10000 100 5915248 2000404391 1640523 1508302 28
0b000f01 0b001d01 10000 100 74037 2001029715 1018722 1018575 67
0b000401 0b001001 10000 100 4654338 2000560915 1544007 1402587 39
0b000c01 0b001f01 10000 100 981643 2001011742 1100049 1094667 66
0b001a01 0b000e01 10000 100 40523 2001102914 1015734 1015764 71
0b000001 0b001f01 10000 100 20080 2001146943 1015770 1014052 76
0b000e01 0b001701 10000 100 159540 2001156203 1026220 1025742 77
0b000901 0b001001 10000 100 65105 2001182125 1017878 1017826 78
0b001501 0b000d01 10000 100 3492671 2000740861 1488089 1305191 55
0b001601 0b000c01 10000 100 24356 2001262205 1014581 1014409 83
0b000b01 0b001401 10000 100 49960 2001249610 1038048 1016553 82
0b000701 0b001e01 10000 100 270967 2001311760 1072758 1035083 86
0b001301 0b000301 10000 100 1598864 2001129415 1288799 1146414 74
0b000e01 0b001201 10000 100 745582 2001305117 1122834 1074876 85
0b001c01 0b000001 10000 100 76680 2001440355 1025012 1018795 90
0b001401 0b000401 10000 100 1617694 2000727994 1786295 1147993 54
0b000d01 0b001501 10000 100 1543117 2001331825 1183291 1141743 87
0b000401 0b001b01 10000 100 2804605 2001142989 1416033 1247504 75
0b000b01 0b001c01 10000 100 783342 2001468356 1096894 1078042 91
0b001a01 0b000b01 10000 100 24467 2001630763 1014503 1014418 101
0b001701 0b000501 10000 100 62783 2001186736 1462318 1017629 80
0b001401 0b000901 10000 100 77381 2001650289 1020193 1018855 103
0b000801 0b001901 10000 100 24273 2001659494 1015415 1014402 104
0b000401 0b001101 10000 100 4979 2001670616 1013175 1012782 105
0b001401 0b000801 10001 100 47451 2001682274 1016264 1016345 107
0b001301 0b000a01 10000 100 71069 2001675559 1029987 1018327 106
0b001a01 0b000101 10000 100 3010 2001745297 1012768 1012621 110
0b000701 0b001e01 10001 100 79209 2001806933 1020865 1019008 113
0b001c01 0b000001 10001 100 5640 2001818383 1012782 1012839 115
0b000d01 0b001301 10000 100 2622107 2001557916 1282182 1232205 97
0b001901 0b000601 10000 100 175520 2001825579 1041478 1027082 116
0b001301 0b000301 10001 100 1155900 2001643678 1237414 1109276 102
0b001301 0b000801 10000 100 404609 2001835014 1085819 1046288 118
0b001801 0b000a01 10000 100 1086746 2001899052 1106420 1103478 119
0b001101 0b000e01 10000 100 27483 2002006852 1015319 1014671 122
0b001a01 0b000c01 10000 100 21353 2002011882 1014276 1014157 123
0b001101 0b000b01 10000 100 23495 2002055529 1014552 1014336 126
0b000901 0b001c01 10000 100 479715 2002016488 1060672 1052585 124
0b001c01 0b000a01 10000 100 3070 2002133258 1017053 1012625 132
0b001c01 0b000b01 10000 100 31749 2002134954 1017552 1015027 133
0b001b01 0b000501 10000 100 4090244 2001610273 1545070 1355293 99
0b001101 0b000101 10000 100 4633 2002123923 1036149 1012754 131
0b001501 0b000901 10000 100 21182 2002152772 1015074 1014144 135
0b000501 0b001f01 10000 100 15620 2002168720 1014371 1013676 136
0b000301 0b001901 10000 100 21942 2002210697 1014419 1014204 139
0b000a01 0b001f01 10001 100 522799 2002135643 1100895 1056197 134
0b001001 0b000001 10000 100 20070 2002249432 1015563 1014051 142
0b000e01 0b001501 10000 100 7529500 2001527395 1780191 1643640 95
0b000b01 0b001d01 10000 100 28965 2002288613 1020686 1014793 148
0b000001 0b001601 10000 100 58528 2002279052 1047892 1017273 146
0b001101 0b000401 10000 100 7513052 2000946016 2396438 1642262 63
0b001c01 0b000101 10000 100 3724623 2002026557 1358450 1324638 125
0b000301 0b001901 10001 100 1625544 2002265407 1151853 1148652 145
0b001901 0b000d01 10000 100 140533 2002431441 1050011 1024149 155
0b001f01 0b000401 10000 100 464530 2001476940 2006518 1051313 93
0b001c01 0b000201 10000 100 16954 2002495183 1015694 1013786 159
0b000a01 0b001401 10001 100 26138 2002524521 1017706 1014559 160
0b000501 0b001a01 10000 100 89011 2002545911 1035499 1019831 161
0b001601 0b000c01 10001 100 9539 2002615207 1013137 1013166 169
0b000001 0b001301 10000 100 74230 2002631527 1018614 1018591 171
0b000a01 0b001501 10000 100 1227479 2002468540 1211357 1115278 157
0b001f01 0b000201 10000 100 191498 2002651268 1029207 1028422 172
0b000501 0b001101 10001 100 1602728 2002389647 1301433 1146738 153
0b000401 0b001e01 10000 100 68978 2002698620 1024468 1018148 177
0b001a01 0b000401 10000 100 31612 2002706438 1017566 1015016 178
0b001b01 0b000801 10002 100 34270 2002561746 1167238 1015241 163
0b001e01 0b000501 10000 100 1695801 2002597064 1194286 1154541 167
0b001001 0b000901 10000 100 1834240 2002432350 1368715 1166150 156
0b000301 0b001801 10000 100 1377 2002798535 1012449 1012482 181
0b001301 0b000901 10000 100 119035 2002832594 1031994 1022348 185
0b001101 0b000601 10000 100 9467 2002864118 1013207 1013160 188
0b000501 0b001601 10000 100 34248 2002900125 1019403 1015239 192
0b001101 0b000401 10001 100 6233 2002912114 1014405 1012890 195
0b001901 0b000d01 10001 100 7716 2002912761 1033457 1013013 196
0b001701 0b000701 10000 100 160847 2002954346 1025727 1025851 199
0b001201 0b000801 10000 100 730840 2002863647 1135281 1073639 187
0b001a01 0b000001 10000 100 47420 2003014535 1017767 1016342 207
0b000f01 0b001e01 10000 100 45210 2003019430 1017395 1016158 208
0b001b01 0b000801 10001 100 8791292 2002064893 1980409 1749429 128
0b001501 0b000e01 10000 100 8347224 2002261566 1793828 1712199 144
0b001001 0b000a01 10000 100 979362 2002973007 1111614 1094477 201
0b000901 0b001601 10000 100 1654373 2002887411 1246097 1151070 190
0b000901 0b001901 10000 100 18096 2003187390 1013961 1013885 216
0b000001 0b001101 10000 100 28267 2003142750 1104037 1014737 214
0b001b01 0b000c01 10000 100 32992 2003260286 1016666 1015131 223
0b000901 0b001c01 10001 100 5879 2003296167 1012851 1012858 226
0b001c01 0b000401 10000 100 1227753 2003210383 1124177 1115300 221
0b001a01 0b000801 10000 100 19121 2003362234 1014762 1013971 231
0b001d01 0b000901 10000 100 133669 2003379371 1029452 1023573 232
0b000a01 0b001901 10000 100 124619 2003405185 1023023 1022814 237
0b000401 0b001501 10000 100 51565 2003449439 1020616 1016689 241
0b001301 0b000101 10000 100 4010141 2003083963 1519040 1348578 211
0b001001 0b000001 10001 100 227462 2003569279 1040043 1031437 246
0b000001 0b001801 10000 100 493992 2003593877 1095448 1053781 247
0b000d01 0b001d01 10000 100 7273 2003700520 1012943 1012977 251
0b000501 0b001401 10000 100 41126 2003703326 1015848 1015816 253
0b000b01 0b001e01 10000 100 36721 2003701217 1027321 1015444 252
0b000801 0b001101 10000 100 7688 2003718135 1016694 1013010 254
0b000101 0b001301 10000 100 1409544 2003347880 1433338 1130542 229
0b001901 0b000601 10001 100 211058 2003798297 1031551 1030063 257
0b001901 0b000f01 10000 100 5283 2003845426 1012937 1012810 261
0b000d01 0b001e01 10000 100 16606 2003874011 1015125 1013758 265
0b001a01 0b000a01 10000 100 134098 2003860552 1033939 1023611 263
0b001801 0b000f01 10000 100 201678 2003982866 1037490 1029274 274
0b000401 0b001e01 10001 100 1513794 2003903097 1251502 1139282 267
0b000a01 0b001701 10000 100 20610 2004237708 1016120 1014094 288
0b001801 0b000801 10000 100 1015 2004244921 1012534 1012453 289
0b000e01 0b001001 10000 100 52480 2004260465 1016979 1016766 291
0b000b01 0b001001 10000 100 35195 2003889950 1393025 1015318 266
0b001401 0b000701 10000 100 765199 2004161183 1122207 1076522 284
0b001201 0b000a01 10000 100 69537 2004263303 1024454 1018196 292
0b000b01 0b001601 10000 100 10376 2004299438 1013686 1013237 293
0b000601 0b001201 10000 100 5863574 2003103928 2260788 1503968 213
0b001401 0b000901 10001 100 4859762 2003402100 2006996 1419808 235
0b000801 0b001101 10001 100 62042 2004396618 1017632 1017570 296
0b001501 0b000301 10000 100 6291673 2003904996 1690672 1539860 268
0b000501 0b001501 10000 100 46948 2004578969 1018451 1016301 307
0b001801 0b000601 10000 100 1881915 2004357966 1255149 1170145 294
0b001601 0b000701 10000 100 1938847 2004253128 1364630 1174918 290
0b000f01 0b001901 10000 100 2814 2004685484 1012629 1012601 312
0b000501 0b001801 10000 100 35813 2004716032 1016821 1015368 315
0b001201 0b000901 10000 100 5186930 2003825359 1927272 1447237 259
0b000301 0b001e01 10000 100 5434776 2004203442 1560566 1468017 285
0b000801 0b001201 10000 100 6666821 2003342015 2457563 1571311 227
0b000a01 0b001301 10000 100 724445 2004653365 1153401 1073104 311
0b001201 0b000401 10000 100 4225 2004805106 1012976 1012722 322
0b000501 0b001101 10002 100 129729 2004553966 1283943 1023242 305
0b001f01 0b000801 10000 100 7309 2004843199 1013539 1012980 324
0b001f01 0b000d01 10000 100 5788 2004843253 1013743 1012851 325
0b000c01 0b001101 10000 100 2385013 2004622636 1242077 1212328 309
0b001301 0b000901 10001 100 69799 2004852670 1121748 1018217 327
0b001b01 0b000901 10000 100 8368 2004956674 1018345 1013069 335
0b000c01 0b001301 10000 100 551418 2004871330 1106132 1058598 329
0b001101 0b000001 10000 100 1098216 2004872128 1109858 1104442 330
0b000c01 0b001901 10000 100 3206 2004980141 1012989 1012636 337
0b001c01 0b000601 10000 100 7328 2005001216 1013433 1012981 338
0b001e01 0b000c01 10000 100 1728369 2004774231 1254611 1157273 320
0b001d01 0b000b01 10000 100 65962 2005021020 1023391 1017895 342
0b000801 0b001c01 10000 100 72256 2005092970 1020437 1018425 346
0b000201 0b001201 10000 100 11473506 2002955698 3163307 1974305 200
0b001e01 0b000d01 10000 100 64672 2005121184 1018100 1017788 348
0b000001 0b001f01 10001 100 3870551 2004615273 1562743 1336873 308
0b001d01 0b000101 10000 100 412315 2005141644 1080682 1046936 349
0b001c01 0b000f01 10000 100 77976 2005211093 1020297 1018902 351
0b001901 0b000a01 10000 100 53726 2005252259 1016917 1016870 354
0b001f01 0b000701 10001 100 8547 2005286451 1013493 1013083 357
0b001301 0b000701 10000 100 2342453 2004914847 1411977 1208758 331
0b000701 0b001801 10000 100 9708 2005338162 1013135 1013180 361
0b000f01 0b001b01 10000 100 7661 2005374291 1013705 1013008 363
0b001c01 0b000101 10001 100 30498 2005422540 1015050 1014923 367
0b000a01 0b001d01 10001 100 2590 2005339628 1174833 1012583 362
0b000901 0b001e01 10000 100 68475 2005329410 1209973 1018107 360
0b000101 0b001601 10000 100 198560 2005478962 1060652 1029013 373
0b001c01 0b000101 10002 100 73070 2005544573 1019983 1018494 379
0b000e01 0b001f01 10001 100 979 2005555782 1012505 1012447 380
0b000f01 0b001401 10000 100 5486 2005583547 1013191 1012826 383
0b000101 0b001101 10000 100 2785001 2005257274 1366175 1245863 355
0b001401 0b000b01 10001 100 1810695 2005291713 1343728 1164174 358
0b001401 0b000701 10001 100 5170 2005639808 1014058 1012801 386
0b001301 0b000001 10000 100 667 2005651337 1012348 1012422 387
0b000401 0b001b01 10001 100 7957382 2004137652 2536615 1679514 281
0b001d01 0b000401 10000 100 24610402 2000223527 6461864 3075703 11
0b001801 0b000e01 10000 100 449050 2005627699 1100459 1050017 385
0b001701 0b000401 10000 100 98019 2005722528 1029745 1020586 394
0b000e01 0b001601 10000 100 41260 2005761290 1028030 1015827 397
0b000001 0b001b01 10000 100 20619 2005780920 1014768 1014095 399
0b001401 0b000101 10000 100 1295658 2005487390 1333508 1120994 374
0b000d01 0b001c01 10000 100 164476 2005573363 1301125 1026156 382
0b001401 0b000f01 10000 100 77525 2005889892 1034089 1018866 406
0b000a01 0b001201 10000 100 17416 2005932913 1013796 1013827 413
0b000201 0b001001 10000 100 41994 2005956949 1018602 1015885 414
0b000f01 0b001401 10001 100 1158291 2005836470 1203047 1109478 402
0b000a01 0b001d01 10002 100 41414 2006019365 1020984 1015839 416
0b001601 0b000901 10000 100 40260 2006099220 1023850 1015743 418
0b000e01 0b001a01 10000 100 1948098 2005711031 1413488 1175697 392
0b000101 0b001201 10000 100 9762 2006129998 1013144 1013184 420
0b000101 0b001d01 10000 100 45993 2005775107 1395709 1016221 398
0b001701 0b000a01 10000 100 918 2006185539 1012500 1012442 423
0b000c01 0b001001 10000 100 28686 2006280316 1018910 1014771 427
0b001901 0b000d01 10002 100 31701 2006311311 1018825 1015023 429
0b001b01 0b000001 10000 100 33675 2006313975 1017703 1015189 430
0b000401 0b001001 10002 100 836654 2006235955 1100356 1082511 425
0b001401 0b000301 10000 100 5822548 2005400418 1940103 1500529 365
0b000901 0b001a01 10000 100 9112962 2005378052 1997819 1776395 364
0b000d01 0b001401 10000 100 117243 2006352349 1027052 1022197 432
0b001a01 0b000201 10000 100 134813 2006360518 1029389 1023668 433
0b000501 0b001d01 10000 100 22462 2006377416 1015252 1014250 435
0b000401 0b001e01 10002 100 161976 2005895227 1515119 1025945 407
0b000001 0b001601 10001 100 3050499 2005898956 1561335 1268120 410
0b000c01 0b001f01 10001 100 18275 2005921272 1630966 1013899 412
0b000e01 0b001601 10001 100 67212 2006543456 1021427 1018003 445
0b000f01 0b001501 10000 100 51132 2006606756 1016703 1016655 450
0b001901 0b000f01 10001 100 30330 2006617937 1087737 1014910 452
0b000401 0b001b01 10002 100 20948 2006744558 1014685 1014121 460
0b001501 0b000f01 10000 100 10924 2006759515 1014155 1013281 464
0b001101 0b000d01 10000 100 37691 2006764120 1020306 1015526 465
0b001101 0b000701 10001 100 1836 2006791390 1014352 1012519 466
0b001b01 0b000a01 10000 100 188400 2006851360 1028992 1028162 469
0b001801 0b000c01 10000 100 76164 2006910407 1020598 1018753 471
0b001601 0b000601 10000 100 65514 2006948326 1031553 1017859 474
0b000501 0b001901 10001 100 4560478 2006508479 1485782 1394717 444
0b000701 0b001201 10000 100 45681 2006989894 1016366 1016196 480
0b000a01 0b001c01 10000 100 43288 2006386368 1699985 1015997 437
0b001301 0b000c01 10000 100 1605172 2006925417 1170992 1146945 472
0b001501 0b000101 10000 100 7137 2007099103 1013052 1012966 485
0b001601 0b000401 10000 100 963565 2006948498 1165945 1093151 475
0b000f01 0b001c01 10000 100 64387 2007114693 1021346 1017765 486
0b001a01 0b000d01 10000 100 40491 2007163736 1018872 1015761 489
0b000001 0b001001 10000 100 16882456 2003648806 4544838 2427792 250
0b001301 0b000c01 10001 100 274 2007194133 1012213 1012390 491
0b000201 0b001f01 10000 100 24010 2007214208 1015793 1014381 492
0b001b01 0b000801 10003 100 134208 2007218085 1032537 1023620 493
0b001c01 0b000001 10002 100 44603 2007232613 1019069 1016106 495
0b001b01 0b000001 10001 100 917 2007236701 1015067 1012442 497
0b001501 0b000001 10000 100 4744544 2006638952 1686757 1410149 456
0b000701 0b001e01 10002 100 28388 2007400210 1015928 1014747 510
0b001101 0b000201 10000 100 32722 2007402766 1015128 1015109 511
0b000c01 0b001301 10001 100 886866 2007373233 1091200 1086720 504
0b001301 0b000701 10001 100 2883405 2007135164 1364127 1254111 488
0b001301 0b000801 10001 100 41806 2007497524 1017755 1015870 513
0b000001 0b001b01 10001 100 22346 2007532042 1016161 1014241 514
0b000901 0b001a01 10001 100 28676 2007575720 1015091 1014770 515
0b000101 0b001401 10000 100 63881 2007578112 1018497 1017721 516
0b001901 0b000a01 10001 100 4030291 2007095201 1524933 1350267 484
0b001801 0b000501 10000 100 6068 2007591918 1036152 1012877 518
0b001701 0b000701 10001 100 7166904 2006485040 2197131 1613238 443
0b000201 0b001401 10000 100 430830 2007598074 1087633 1048486 519
0b001f01 0b000301 10000 100 27794 2007695092 1021777 1014696 528
0b001d01 0b000a01 10000 100 47771 2007604547 1136359 1016371 520
0b001b01 0b000e01 10000 100 14324 2007756330 1014966 1013568 531
0b001101 0b000701 10002 100 58304 2007775436 1017250 1017255 534
0b001c01 0b000f01 10001 100 3377 2007787709 1012594 1012650 535
0b000801 0b001301 10000 100 60511 2007796427 1020692 1017440 536
0b001401 0b000b01 10002 100 938959 2007630696 1198764 1091087 522
0b000601 0b001b01 10000 100 92645 2007869139 1020159 1020133 538
0b000701 0b001301 10000 100 77022 2007875229 1019051 1018826 539
0b000301 0b001101 10000 100 57914 2007920820 1021951 1017220 544
0b000d01 0b001f01 10000 100 43717 2007851333 1104235 1016031 537
0b000301 0b001401 10000 100 174371 2007917749 1056728 1026986 542
0b000001 0b001f01 10002 100 401535 2007896868 1135755 1046031 540
0b000201 0b001801 10000 100 250807 2007985075 1054396 1033393 551
0b000401 0b001a01 10001 100 5270 2008040110 1013016 1012809 553
0b001d01 0b000e01 10000 100 20053 2008070213 1049455 1014049 555
0b001b01 0b000301 10000 100 64026 2008149638 1020368 1017736 558
0b000f01 0b001a01 10000 100 8887 2008164487 1013050 1013110 560
0b000c01 0b001901 10001 100 968388 2007958955 1219746 1093557 548
0b000501 0b001201 10002 100 26623 2008231315 1014844 1014598 564
0b000e01 0b001301 10000 100 29364 2008237879 1014801 1014829 565
0b000601 0b001b01 10001 100 1149717 2008143968 1136995 1108758 557
0b000c01 0b001901 10002 100 1764442 2007976251 1352914 1160297 549
0b001301 0b000c01 10002 100 3576 2008326492 1013051 1012666 570
0b000101 0b001201 10001 100 61566 2008337411 1017938 1017528 572
0b001101 0b000101 10001 100 78623 2008415578 1018873 1018958 575
0b001501 0b000f01 10001 100 141311 2008430525 1024113 1024215 576
0b001c01 0b000201 10001 100 4292407 2007982468 1530844 1372242 550
0b000701 0b001101 10000 100 79691 2008497433 1022757 1019047 577
0b000901 0b001e01 10001 100 1979 2008536485 1012818 1012531 580
0b001201 0b000001 10000 100 74006 2008541246 1026347 1018573 581
0b000601 0b001001 10000 100 4959 2008574278 1012740 1012780 585
0b001701 0b000801 10000 100 195746 2008567590 1033009 1028777 584
0b001701 0b000f01 10000 100 39268 2008584015 1019337 1015660 588
0b001301 0b000b01 10000 100 50883 2008579542 1065042 1016631 587
0b000e01 0b001f01 10002 100 16262 2008543441 1106576 1013731 582
0b001801 0b000101 10000 100 154786 2008599092 1051953 1025343 591
0b000c01 0b001301 10002 100 163661 2008623301 1056444 1026087 592
0b000901 0b001f01 10000 100 975753 2008509343 1175135 1094173 578
0b000c01 0b001c01 10000 100 169456 2008634117 1063089 1026574 593
0b000e01 0b001301 10001 100 327152 2008650836 1051451 1039796 595
0b001801 0b000601 10001 100 1813223 2008392945 1338452 1164388 573
0b001401 0b000b01 10003 100 73171 2008728209 1040790 1018502 601
0b001901 0b000e01 10000 100 72124 2008696143 1077873 1018415 597
0b000301 0b001301 10001 100 6821 2008764881 1012906 1012937 603
0b000d01 0b001b01 10000 100 13869 2008853481 1014597 1013528 608
0b001f01 0b000301 10001 100 56895 2008777346 1115515 1017135 604
0b001101 0b000901 10000 100 76707 2008925245 1023414 1018797 613
0b000401 0b001701 10000 100 501262 2008834374 1117977 1054393 606
0b000401 0b001001 10003 100 4920 2008946427 1013356 1012777 615
0b001b01 0b000001 10002 100 55986 2008976903 1021858 1017058 619
0b001701 0b000f01 10001 100 1717 2009018016 1012651 1012510 621
0b001101 0b000f01 10000 100 2138 2009057090 1012618 1012547 625
0b000c01 0b001101 10001 100 795535 2008965981 1155053 1079064 616
0b001701 0b000801 10001 100 77108 2009099796 1041275 1018833 628
0b000801 0b001001 10000 100 3922 2009130820 1012882 1012694 629
0b000c01 0b001b01 10000 100 7946611 2008322278 1868907 1678610 568
0b000401 0b001701 10001 100 32818 2009224274 1027486 1015117 633
0b001001 0b000d01 10000 100 981215 2008933718 1323662 1094633 614
0b001f01 0b000101 10000 100 573706 2009099235 1159169 1060465 627
0b001901 0b000501 10000 100 1876326 2008911465 1359075 1169678 612
0b000801 0b001001 10001 100 76052 2009358122 1019655 1018744 641
0b000e01 0b001f01 10003 100 55430 2009393204 1020259 1017014 645
0b001901 0b000801 10000 100 898 2009419708 1012427 1012440 647
0b001001 0b000601 10000 100 883 2009423418 1012357 1012439 648
0b001501 0b000b01 10000 100 3141079 2008710978 1832160 1275716 598
0b000c01 0b001b01 10001 100 103865 2009527476 1031794 1021073 654
0b001301 0b000f01 10001 100 36789 2009606777 1027040 1015450 659
0b001101 0b000001 10001 100 77452 2009551897 1112276 1018860 655
0b001a01 0b000d01 10001 100 61518 2009656413 1048241 1017524 661
0b001701 0b000e01 10000 100 24070 2009673358 1053246 1014386 663
0b000701 0b001c01 10000 100 2400804 2009554894 1223432 1213649 656
0b001b01 0b000e01 10001 100 11300 2009724924 1054966 1013315 664
0b000d01 0b001001 10000 100 33417 2009789897 1015263 1015168 666
0b001201 0b000c01 10000 100 28644 2009828468 1021891 1014767 671
0b000701 0b001d01 10000 100 6885 2009870559 1012971 1012942 674
0b001901 0b000201 10000 100 4922887 2009486569 1446948 1425100 652
0b001b01 0b000f01 10000 100 147793 2009853026 1092259 1024756 673
0b000a01 0b001201 10001 100 6827 2009965903 1012971 1012938 681
0b000701 0b001c01 10001 100 32520 2009965219 1015158 1015093 680
0b001e01 0b000c01 10001 100 24843 2009513689 1475320 1014448 653
0b001c01 0b000401 10001 100 22103 2009976378 1014229 1014221 682
0b001101 0b000a01 10000 100 19125 2009796511 1208556 1013971 667
0b000401 0b001d01 10000 100 80158 2010066382 1023115 1019088 689
0b000101 0b001e01 10000 100 32648 2010072238 1017852 1015103 690
0b001b01 0b000f01 10001 100 7914 2010049191 1077971 1013028 688
0b001301 0b000801 10002 100 1337634 2009924358 1254638 1124513 676
0b000801 0b001301 10001 100 31888 2010179240 1016335 1015038 699
0b001d01 0b000901 10001 100 370899 2010011666 1198016 1043461 685
0b000201 0b001601 10000 100 4202618 2009759852 1462442 1364713 665
0b001a01 0b000801 10001 100 36817 2010192729 1047609 1015452 700
0b001c01 0b000901 10000 100 5423501 2008722725 2540691 1467073 599
0b001801 0b000001 10000 100 25493 2010265627 1016930 1014504 706
0b000d01 0b001a01 10000 100 209 2010418918 1012214 1012385 714
0b000001 0b001101 10001 100 25326 2010437077 1016098 1014490 717
0b001101 0b000d01 10001 100 4487906 2009453317 2019897 1388631 650
0b000b01 0b001001 10001 100 3094315 2010121638 1416920 1271795 695
0b001901 0b000901 10000 100 202799 2010555949 1055501 1029368 724
0b000901 0b001a01 10002 100 4252 2010631576 1013375 1012724 731
0b001001 0b000a01 10001 100 1602785 2010153424 1530688 1146743 697
0b001901 0b000401 10000 100 2310758 2010421389 1263693 1206099 715
0b000001 0b001801 10001 100 159375 2010708514 1032672 1025729 743
0b001c01 0b000d01 10000 100 16951310 2005596907 6169173 2433565 384
0b000a01 0b001f01 10002 100 3762206 2010228254 1566571 1327791 702
0b000501 0b001701 10000 100 8801 2010782705 1014086 1013103 748
0b000101 0b001701 10000 100 10942 2010836143 1014034 1013282 754
0b001a01 0b000301 10000 100 4341 2010845548 1014400 1012731 756
0b000701 0b001601 10000 100 50315 2010852757 1021207 1016586 757
0b000e01 0b001701 10001 100 78486 2010599013 1276310 1018947 727
0b001101 0b000101 10002 100 422893 2010824460 1072007 1047820 752
0b000c01 0b001801 10000 100 13814 2010893387 1014795 1013523 762
0b000b01 0b001601 10001 100 47866 2010870667 1068577 1016378 759
0b001f01 0b000401 10001 100 4862 2010825445 1117585 1012773 753
0b000201 0b001901 10000 100 29863 2010868290 1080906 1014869 758
0b001901 0b000701 10001 100 52305 2010926281 1026055 1016752 765
0b000801 0b001201 10001 100 69320 2010944471 1030393 1018179 769
0b000501 0b001e01 10000 100 163042 2010937572 1038748 1026038 768
0b001901 0b000801 10001 100 1050579 2010702326 1295393 1100447 742
0b000101 0b001b01 10000 100 69557 2010928260 1078482 1018198 766
0b001d01 0b000201 10000 100 1381496 2010655721 1385932 1128191 734
0b001c01 0b000e01 10000 100 167250 2010994161 1054740 1026390 775
0b000b01 0b001e01 10001 100 329419 2010990398 1063544 1039985 773
0b001c01 0b000701 10000 100 185943 2011062089 1065977 1027954 782
0b001801 0b000101 10001 100 5328683 2009804138 2327552 1459123 669
0b000c01 0b001b01 10002 100 5526857 2010248681 1910777 1475737 704
0b000301 0b001d01 10000 100 49919 2010892763 1301975 1016550 761
0b000101 0b001101 10001 100 4115 2011168978 1047307 1012713 788
0b001901 0b000b01 10000 100 426403 2010971604 1272975 1048116 770
0b000d01 0b001401 10001 100 25415 2011227853 1020872 1014498 792
0b000701 0b001501 10000 100 2431 2011238758 1101630 1012571 794
0b001001 0b000f01 10000 100 138 2011360760 1012262 1012379 800
0b001601 0b000e01 10000 100 8253955 2009345006 3083118 1704376 640
0b001c01 0b000c01 10000 100 86488 2011434905 1020661 1019618 803
0b001901 0b000701 10000 100 3513908 2010711849 1780207 1306971 744
0b000401 0b001901 10000 100 3429190 2010840600 1658604 1299871 755
0b001f01 0b000201 10001 100 3880950 2010789529 1779968 1337744 750
0b000701 0b001401 10000 100 33669 2011556765 1016145 1015189 815
0b001601 0b000801 10000 100 8164 2011499702 1076649 1013052 809
0b000201 0b001a01 10000 100 271 2011579910 1012331 1012390 817
0b001301 0b000a01 10001 100 9105046 2010138054 2499974 1775735 696
0b001201 0b000b01 10000 100 1336157 2010787966 1857373 1124391 749
0b001501 0b000801 10000 100 48825 2011506912 1155173 1016459 813
0b001f01 0b000b01 10000 100 16730675 2006756731 5907231 2415066 463
0b001501 0b000b01 10001 100 8036 2011494832 1177342 1013042 807
0b000c01 0b001c01 10001 100 856215 2011240846 1504446 1084153 795
0b000d01 0b001901 10000 100 4237785 2010484104 2285121 1367661 720
0b001201 0b000901 10001 100 370262 2011054880 1735779 1043410 781
0b000201 0b001701 10000 100 141006 2011718485 1120277 1024190 823
0b000c01 0b001201 10000 100 1086878 2011620497 1225274 1103489 820
0b000b01 0b001f01 10000 100 1858165 2011732438 1174392 1168156 824
0b001501 0b000a01 10000 100 6704 2011862740 1050869 1012928 830
0b001701 0b000401 10002 100 36492 2011891802 1025815 1015426 834
0b000001 0b001501 10000 100 2826534 2011314179 1617552 1249343 798
0b000801 0b001101 10002 100 61202 2011904819 1032989 1017499 835
0b001e01 0b000f01 10000 100 3396 2011941407 1012758 1012652 839
0b000c01 0b001501 10000 100 5261341 2010740310 2236261 1453478 745
0b001201 0b000a01 10001 100 2096 2011931140 1062353 1012544 838
0b000a01 0b001301 10001 100 1084892 2011865202 1129529 1103322 831
0b000e01 0b001701 10002 100 54143 2011907095 1090694 1016907 836
0b000c01 0b001501 10001 100 9712 2011580041 1420129 1013180 818
0b000f01 0b001e01 10001 100 4024598 2010272451 2740009 1349788 707
0b000c01 0b001e01 10001 100 28962 2011358020 1655392 1014793 799
0b001501 0b000f01 10002 100 480513 2011957355 1069689 1052653 840
0b000801 0b001c01 10001 100 8883024 2010682658 2387580 1757121 738
0b000901 0b001401 10000 100 11208 2012050234 1034391 1013307 842
0b000801 0b001d01 10001 100 138136 2012069976 1038116 1023949 844
0b000d01 0b001201 10000 100 955678 2012027534 1173277 1092490 841
0b001701 0b000301 10000 100 9045623 2010108059 3112972 1770751 694
0b000b01 0b001201 10000 100 25460 2012238992 1015111 1014501 854
0b001b01 0b000601 10000 100 140445 2012237464 1030608 1024142 853
0b000301 0b001301 10002 100 783210 2012158064 1110053 1078032 846
0b001701 0b000a01 10002 100 8779 2012271236 1016776 1013101 855
0b000901 0b001701 10000 100 7977 2012210048 1160410 1013033 850
0b001001 0b000b01 10001 100 14332 2012386391 1014357 1013569 865
0b001701 0b000401 10001 100 4847967 2011094836 2338735 1418818 787
0b000301 0b001801 10001 100 27483 2012482932 1015984 1014671 876
0b000d01 0b001401 10002 100 684755 2012424723 1126955 1069775 868
0b000501 0b001a01 10001 100 57612 2012545010 1022365 1017196 883
0b001301 0b000501 10000 100 2175750 2012378219 1220255 1194780 863
0b001201 0b000501 10000 100 49765 2012586805 1022643 1016538 887
0b000901 0b001e01 10002 100 497431 2012359277 1291464 1054071 861
0b001f01 0b000401 10002 100 463 2012639234 1012367 1012405 893
0b000801 0b001c01 10002 100 5311 2012538172 1127403 1012812 882
0b001c01 0b000501 10000 100 94763 2012699192 1024088 1020310 898
0b000001 0b001e01 10000 100 184653 2012593230 1156016 1027847 889
0b000401 0b001501 10001 100 74629 2012527094 1240330 1018623 881
0b001801 0b000001 10001 100 2211846 2012517098 1277128 1197806 880
0b000c01 0b001e01 10000 100 25555238 2004797980 8996416 3154919 321
0b000301 0b001b01 10000 100 5638 2012793498 1016807 1012839 903
0b001601 0b000401 10001 100 61283 2012842127 1023630 1017505 909
0b000c01 0b001001 10001 100 1255153 2012449129 1427228 1117600 871
0b000b01 0b001101 10000 100 78752 2012564676 1339842 1018968 884
0b000601 0b001c01 10000 100 1543627 2012430158 1475651 1141784 869
0b000d01 0b001c01 10001 100 70200 2012851792 1063228 1018253 911
0b001101 0b000901 10001 100 914548 2012811393 1137190 1089042 905
0b001b01 0b000901 10001 100 5109 2012939793 1012918 1012796 913
0b000701 0b001d01 10001 100 4924316 2012376858 1600059 1425222 862
0b000301 0b001101 10001 100 2323748 2012511543 1562291 1207189 879
0b001701 0b000d01 10000 100 17726 2013070211 1016938 1013852 919
0b001601 0b000501 10000 100 69310 2013068624 1024971 1018178 918
0b001501 0b000901 10001 100 93297 2013064368 1030807 1020189 916
0b001d01 0b000601 10000 100 4712012 2012635281 1492603 1407423 892
0b000001 0b001001 10001 100 48596 2012812756 1322011 1016440 906
0b000d01 0b001901 10001 100 29532 2013163345 1082979 1014842 925
0b000b01 0b001801 10000 100 113354 2013261740 1029659 1021871 932
0b000a01 0b001e01 10000 100 64215 2013300368 1018498 1017751 937
0b000901 0b001c01 10002 100 45113 2013311009 1016439 1016150 938
0b000101 0b001901 10000 100 11165 2013366505 1013688 1013304 942
0b001d01 0b000d01 10000 100 1485006 2013247688 1165674 1136871 930
0b000b01 0b001601 10002 100 95391 2013426686 1023422 1020364 946
0b001a01 0b000601 10001 100 33364 2013406611 1080116 1015164 944
0b000d01 0b001701 10000 100 9051064 2012096297 2396256 1771209 845
0b000701 0b001701 10000 100 1916342 2012984754 1516993 1173033 914
0b001701 0b000a01 10001 100 26604548 2006930967 7590680 3242892 473
0b001201 0b000f01 10000 100 7494091 2012580612 2023026 1640673 886
0b001501 0b000e01 10001 100 3090 2013607935 1013041 1012627 958
0b001e01 0b000b01 10000 100 43744 2013615988 1017924 1016033 959
0b001001 0b000601 10001 100 1961766 2013238691 1396604 1176840 929
0b000201 0b001801 10001 100 37179 2013581047 1054431 1015485 956
0b000f01 0b001c01 10001 100 1668653 2013417603 1221933 1152266 945
0b001601 0b000601 10001 100 8933 2013597852 1045144 1013114 957
0b001c01 0b000f01 10002 100 95276 2013535553 1115866 1020355 952
0b000c01 0b001901 10003 100 247 2013667814 1012332 1012388 962
0b000c01 0b001901 10004 100 4548 2013744094 1050368 1012748 969
0b001301 0b000d01 10000 100 105 2013787552 1012119 1012377 974
0b000301 0b001a01 10000 100 62800 2013776728 1024880 1017630 972
0b000e01 0b001e01 10000 100 67256 2013908980 1019400 1018006 980
0b001901 0b000801 10002 100 1947227 2013723151 1207639 1175623 967
0b001e01 0b000101 10000 100 48476 2013913948 1018886 1016431 981
0b000701 0b001301 10001 100 198032 2013924160 1045147 1028971 982
0b000601 0b001a01 10000 100 23519 2013954984 1014424 1014338 985
0b000c01 0b001201 10001 100 9696 2013620737 1398616 1013179 960
0b000e01 0b001d01 10000 100 390258 2013975532 1045129 1045087 990
0b000101 0b001301 10001 100 38885 2013946535 1076221 1015625 983
0b000501 0b001501 10001 100 14594 2014030281 1014950 1013590 993
0b000401 0b001901 10001 100 43327 2014043725 1019683 1016000 994
0b001301 0b000401 10000 100 25056 2014060333 1014785 1014469 995
0b000001 0b001101 10002 100 5215735 2012661197 2417182 1449653 894
0b000401 0b001001 10004 100 8451647 2012235366 2869825 1720952 852
0b000301 0b001901 10002 100 73042 2014095101 1031133 1018492 996
0b001e01 0b000701 10000 100 6485 2014152215 1013694 1012910 1002
0b000801 0b001b01 10000 100 541385 2014112220 1057780 1057757 999
0b000e01 0b001001 10001 100 1909376 2013276288 1975711 1172449 934
0b001a01 0b000f01 10000 100 4251270 2012332037 2968416 1368794 857
0b000401 0b001e01 10003 100 20595 2014318864 1015801 1014093 1012
0b000c01 0b001601 10000 100 5868 2014352536 1013532 1012857 1016
0b001301 0b000501 10001 100 734346 2014206204 1173026 1073935 1006
0b000401 0b001501 10002 100 1144218 2013958514 1428807 1108299 988
0b000b01 0b001701 10000 100 7540 2014370432 1016947 1012998 1018
0b001f01 0b000d01 10001 100 678580 2014229779 1168688 1069258 1007
0b000a01 0b001c01 10001 100 35875 2014418388 1018681 1015373 1021
0b001d01 0b000501 10000 100 6663226 2013697148 1752334 1571012 965
0b001c01 0b000501 10001 100 5300 2014336166 1121215 1012812 1014
0b001201 0b000201 10000 100 41243 2014438789 1022581 1015825 1022
0b000b01 0b001d01 10001 100 127403 2014439589 1024742 1023048 1023
0b001001 0b000301 10000 100 78804 2014317638 1148259 1018972 1011
0b000401 0b001a01 10002 100 1244346 2014352623 1122055 1116693 1017
0b001001 0b000901 10001 100 71599 2014343511 1154901 1018369 1015
0b001101 0b000101 10003 100 2511 2014414335 1137375 1012577 1020
0b000601 0b001101 10000 100 16933 2014562499 1014555 1013784 1033
0b000f01 0b001501 10001 100 24951 2014500868 1088217 1014457 1027
0b001701 0b000601 10000 100 76724 2014588382 1026274 1018798 1035
0b001d01 0b000e01 10001 100 2784 2014614519 1012683 1012599 1036
0b000101 0b001c01 10000 100 5273396 2014146288 1495165 1454488 1001
0b000301 0b001e01 10002 100 56911 2014622602 1030831 1017136 1037
0b000001 0b001601 10002 100 8712 2014675419 1013672 1013096 1043
0b001101 0b000e01 10001 100 26493 2014713066 1015641 1014588 1045
0b001e01 0b000301 10000 100 65341 2014731605 1025922 1017845 1046
0b001e01 0b000701 10001 100 801759 2014662532 1096692 1079585 1041
0b001a01 0b000d01 10002 100 178078 2014657355 1115525 1027298 1039
0b001e01 0b000701 10002 100 20519 2014759742 1014360 1014087 1049
0b000101 0b001d01 10001 100 159613 2014804686 1045119 1025748 1052
0b000701 0b001201 10001 100 197580 2014817278 1034540 1028931 1054
0b001901 0b000901 10001 100 7024 2014866914 1013299 1012957 1056
0b001401 0b000601 10001 100 2943 2014897096 1013160 1012611 1058
0b001b01 0b000301 10001 100 2138303 2014579042 1338526 1191643 1034
0b001101 0b000c01 10000 100 50890 2014899891 1025648 1016632 1059
0b001f01 0b000901 10000 100 43513 2014945760 1016159 1016015 1065
0b000501 0b001c01 10000 100 77665 2014965945 1021180 1018877 1067
0b000f01 0b001c01 10002 100 44806 2014974250 1019947 1016122 1069
0b001a01 0b000601 10000 100 3542304 2013119720 2919871 1309354 920
0b000d01 0b001c01 10002 100 4199 2015052867 1013206 1012720 1076
0b001601 0b000101 10000 100 15412765 2010747441 5322765 2304572 746
0b001c01 0b000a01 10001 100 1433753 2014750729 1356531 1132571 1047
0b000401 0b001601 10000 100 378519 2015081588 1065709 1044101 1079
0b000301 0b001301 10003 100 4368424 2014020868 2206445 1378615 992
0b000601 0b001201 10001 100 390971 2015267403 1060788 1045144 1090
0b000301 0b001401 10001 100 1712336 2014635413 1712348 1155929 1038
0b000701 0b001c01 10002 100 4096 2015341006 1013103 1012711 1097
0b001b01 0b000e01 10002 100 29008 2015360698 1017077 1014800 1098
0b000901 0b001f01 10001 100 1449 2015384359 1012570 1012488 1100
0b001d01 0b000a01 10001 100 44332 2015301941 1104520 1016084 1093
0b001b01 0b000901 10002 100 368225 2015338733 1082618 1043239 1096
0b001301 0b000001 10002 100 3843 2015418232 1014377 1012687 1103
0b000301 0b001e01 10001 100 4703245 2014123527 2313001 1406687 1000
0b001201 0b000801 10001 100 15331909 2008808081 7640149 2297792 605
0b001901 0b000f01 10002 100 6840 2015436052 1013172 1012939 1105
0b001a01 0b000001 10001 100 6951384 2012389724 4065412 1595171 866
0b000f01 0b001801 10000 100 4068376 2014804402 1659013 1353460 1051
0b001f01 0b000301 10002 100 7036 2015452988 1013051 1012958 1109
0b000f01 0b001201 10001 100 331996 2015455263 1055045 1040199 1110
0b000c01 0b001401 10001 100 5073 2015548424 1012838 1012793 1118
0b001a01 0b000801 10002 100 8444 2015559396 1015802 1013075 1120
0b000c01 0b001e01 10002 100 167827 2015471556 1130102 1026436 1111
0b000d01 0b001e01 10001 100 32237 2015501298 1109986 1015070 1112
0b001601 0b000a01 10000 100 1490643 2015307035 1306211 1137341 1094
0b000701 0b001701 10001 100 139871 2015293843 1332286 1024092 1092
0b000801 0b001101 10003 100 75214 2014997440 1641389 1018673 1070
0b000e01 0b001d01 10001 100 807 2015628342 1012383 1012433 1128
0b001a01 0b000301 10001 100 176659 2015513846 1133411 1027177 1115
0b001a01 0b000a01 10001 100 4965246 2013462700 3206700 1428654 948
0b001301 0b000a01 10002 100 61793 2015623331 1051886 1017546 1126
0b000d01 0b001a01 10001 100 245864 2015667296 1033659 1032978 1130
0b000f01 0b001401 10002 100 20292 2015726546 1014352 1014069 1133
0b001601 0b000c01 10002 100 10200 2015733008 1013949 1013223 1136
0b000801 0b001901 10001 100 221684 2015701122 1081290 1030952 1131
0b001901 0b000401 10001 100 355995 2015571331 1221113 1042211 1124
0b000801 0b001601 10000 100 3335372 2014929222 1870243 1292005 1062
0b000101 0b001b01 10001 100 27134 2015866192 1014792 1014643 1142
0b000001 0b001c01 10000 100 1638133 2015665360 1311726 1149709 1129
0b000a01 0b001301 10002 100 43849 2015877968 1111996 1016041 1144
0b000201 0b001c01 10000 100 2369845 2015738988 1297651 1211053 1138
0b000601 0b001101 10001 100 4051294 2014920747 2153917 1352028 1061
0b001201 0b000d01 10000 100 59847 2016069491 1020797 1017383 1157
0b001e01 0b000201 10000 100 64609 2016092856 1021617 1017783 1160
0b001e01 0b000401 10000 100 61950 2015890183 1231383 1017559 1145
0b000701 0b001701 10002 100 61351 2016095677 1032135 1017511 1161
0b001201 0b000501 10001 100 1468072 2015869885 1261810 1135451 1143
0b000801 0b001001 10002 100 4910056 2015022142 2122744 1424027 1072
0b000501 0b001001 10000 100 16575 2016096533 1069380 1013756 1162
0b001901 0b000301 10000 100 30583 2016159776 1015262 1014930 1164
0b000601 0b001401 10000 100 781660 2016042271 1136403 1077900 1153
0b000401 0b001c01 10000 100 37003 2016162962 1020294 1015471 1165
0b001d01 0b000901 10002 100 24873 2016127029 1070327 1014450 1163
0b000301 0b001201 10000 100 7584 2016203232 1013036 1013002 1168
0b001901 0b000101 10000 100 2175 2016224509 1012771 1012550 1174
0b001001 0b000b01 10002 100 20837 2015918775 1342280 1014112 1147
0b001401 0b000001 10000 100 54705 2016185144 1100479 1016952 1167
0b001901 0b000d01 10003 100 23404 2016297178 1016278 1014329 1180
0b000c01 0b001901 10005 100 46187 2016342047 1016645 1016240 1182
0b001001 0b000501 10000 100 3087075 2015067994 2340581 1271188 1077
0b001301 0b000001 10001 100 9850159 2014507725 3020274 1838205 1028
0b001801 0b000d01 10000 100 21619253 2008052241 9517672 2824926 554
0b000e01 0b001201 10001 100 1228226 2016483427 1130678 1115342 1195
0b001901 0b000201 10001 100 61523 2016610024 1020833 1017524 1208
0b000801 0b001b01 10001 100 168222 2016550420 1108555 1026471 1199
0b000501 0b001a01 10002 100 35191 2016651535 1018512 1015318 1212
0b001301 0b000901 10002 100 934579 2016235335 1454125 1090721 1175
0b001e01 0b000f01 10001 100 1433748 2016399278 1310404 1132571 1190
0b000301 0b001201 10001 100 8276 2016730814 1013705 1013061 1216
0b000801 0b001001 10003 100 37852 2016740212 1018190 1015539 1219
0b000201 0b001401 10001 100 1527011 2016594712 1191857 1140393 1203
0b000901 0b001b01 10001 100 75780 2016778704 1022006 1018719 1221
0b000801 0b001a01 10000 100 11995 2016788920 1013536 1013370 1222
0b001101 0b000601 10001 100 241992 2016604721 1221820 1032653 1206
0b001801 0b000401 10000 100 4176 2016611838 1240018 1012718 1209
0b001b01 0b000401 10000 100 741704 2016662600 1203942 1074550 1213
0b000201 0b001501 10000 100 331669 2016872985 1050929 1040173 1227
0b000701 0b001901 10000 100 137901 2016889887 1051700 1023927 1229
0b001601 0b000701 10001 100 65007 2016507327 1522032 1017819 1197
0b001801 0b000601 10002 100 55313 2016701886 1327622 1017005 1215
0b001501 0b000f01 10003 100 186607 2016731449 1346257 1028011 1217
0b000901 0b001901 10001 100 89521 2016848358 1257218 1019872 1226
0b001101 0b000501 10000 100 4206768 2015073351 3064990 1365061 1078
0b000501 0b001f01 10001 100 73482 2016881967 1294736 1018527 1228
0b001401 0b000b01 10004 100 5979 2017019250 1209160 1012866 1239
0b000f01 0b001201 10002 100 179594 2017174079 1058435 1027423 1248
0b001401 0b000701 10002 100 25588 2017060008 1184486 1014511 1241
0b001d01 0b000901 10003 100 29473 2016929778 1341195 1014838 1234
0b000201 0b001501 10001 100 519313 2017211334 1069620 1055906 1252
0b001401 0b000201 10000 100 2157539 2016678850 1618754 1193254 1214
0b000501 0b001801 10001 100 33999 2017277255 1020924 1015215 1254
0b001501 0b000a01 10001 100 43206 2017310406 1021195 1015990 1260
0b000301 0b001601 10000 100 28581 2017312330 1042548 1014762 1261
0b000c01 0b001801 10001 100 4110 2017344004 1013028 1012713 1263
0b001d01 0b000a01 10002 100 9710 2017193987 1192233 1013180 1251
0b000a01 0b001d01 10003 100 6670129 2016384405 2005657 1571591 1186
0b000b01 0b001001 10002 100 736497 2017242490 1169412 1074114 1253
0b001701 0b000301 10001 100 1249924 2016910816 1528706 1117158 1232
0b000201 0b001f01 10001 100 78396 2017420881 1025735 1018940 1270
0b001501 0b000201 10000 100 1250034 2017168032 1342502 1117171 1247
0b001e01 0b000b01 10001 100 7396497 2016581110 1929642 1632489 1202
0b001b01 0b000801 10004 100 3164987 2016213739 2306587 1277717 1171
0b001701 0b000f01 10002 100 1571361 2016928368 1601979 1144110 1233
0b001001 0b000001 10002 100 1388929 2017323419 1219247 1128813 1262
0b001b01 0b000201 10000 100 61898 2017524746 1020395 1017554 1274
0b000501 0b001c01 10001 100 74901 2017513571 1037178 1018645 1273
0b001a01 0b000001 10002 100 1636156 2016390552 2206062 1149543 1188
0b001601 0b000101 10001 100 64081 2017419562 1188082 1017741 1268
0b001e01 0b000501 10001 100 2920312 2016362861 2244822 1257206 1184
0b001401 0b000e01 10000 100 9467727 2015729729 2911558 1806140 1134
0b001501 0b000101 10001 100 6326277 2016075772 2648206 1542762 1159
0b000d01 0b001101 10000 100 56334 2017711949 1030372 1017090 1294
0b000101 0b001101 10002 100 6936 2017734637 1013301 1012946 1295
0b001a01 0b000001 10003 100 3128 2017015139 1738324 1012630 1238
0b000f01 0b001501 10002 100 22519 2017710080 1057385 1014254 1292
0b001601 0b000401 10002 100 882531 2017525049 1261440 1086358 1275
0b001901 0b000801 10003 100 1923978 2017483916 1356797 1173671 1272
0b001a01 0b000301 10002 100 776580 2017591078 1249901 1077475 1283
0b001601 0b000401 10003 100 25298 2017635616 1216202 1014488 1287
0b001801 0b000301 10000 100 13495 2017846907 1016137 1013498 1299
0b000a01 0b001201 10002 100 1097146 2017775390 1128468 1104353 1298
0b001b01 0b000201 10001 100 69202 2017891714 1029218 1018169 1304
0b001c01 0b000d01 10001 100 1442575 2016945010 1995046 1133312 1235
0b001701 0b000e01 10001 100 5481596 2016046902 2895842 1471943 1155
0b001901 0b000a01 10002 100 5521 2017885789 1065467 1012829 1303
0b001701 0b000c01 10000 100 3102148 2016626766 2363618 1272452 1211
0b000901 0b001401 10001 100 5443037 2017091767 1954356 1468712 1244
0b001901 0b000e01 10001 100 535474 2017930683 1127381 1057261 1307
0b000401 0b001601 10001 100 45351 2018082979 1022128 1016169 1320
0b001101 0b000401 10002 100 635180 2017570908 1548699 1065621 1279
0b000301 0b001901 10003 100 9852 2018106996 1015046 1013191 1322
0b000201 0b001f01 10002 100 24331 2018139960 1015477 1014407 1327
0b001d01 0b000601 10001 100 72119 2018157396 1026934 1018414 1330
0b001101 0b000b01 10001 100 44363 2018134964 1097049 1016086 1325
0b001701 0b000d01 10001 100 62223 2018234999 1019292 1017584 1335
0b000801 0b001801 10000 100 8574484 2014807946 4457228 1731251 1053
0b000301 0b001701 10000 100 1421767 2017976904 1305822 1131566 1309
0b000f01 0b001701 10000 100 5652 2018312649 1015924 1012840 1337
0b000401 0b001301 10000 100 1884169 2018039036 1305893 1170336 1312
0b001c01 0b000701 10001 100 5903 2018359821 1013617 1012860 1343
0b000e01 0b001601 10002 100 64981 2018370364 1017998 1017813 1344
0b000d01 0b001901 10002 100 318777 2018164767 1227500 1039092 1331
0b001401 0b000101 10001 100 1548071 2018150234 1250157 1142158 1329
0b001301 0b000701 10002 100 1316034 2018058568 1343359 1122705 1316
0b001601 0b000101 10002 100 22298 2017915985 1583788 1014237 1306
0b001c01 0b000f01 10003 100 22190 2018501313 1017052 1014228 1355
0b001901 0b000a01 10003 100 81770 2018233514 1295947 1019221 1334
0b000401 0b001b01 10003 100 42394 2018064304 1487964 1015921 1317
0b000d01 0b001d01 10001 100 7543 2018550105 1013274 1012999 1359
0b001701 0b000101 10000 100 6975263 2016793391 2785816 1597173 1223
0b001b01 0b000c01 10001 100 313608 2018605684 1057418 1038659 1362
0b001101 0b000f01 10001 100 3119079 2017670723 1998457 1273872 1291
0b001301 0b000c01 10003 100 68837 2018390020 1285865 1018136 1348
0b000701 0b001c01 10003 100 9533 2018671599 1014734 1013166 1367
0b000001 0b001801 10002 100 1940041 2018232642 1478834 1175021 1333
0b000e01 0b001f01 10004 100 73002 2018583925 1133622 1018489 1360
0b001001 0b000c01 10000 100 51767 2018701012 1030936 1016706 1368
0b000401 0b001e01 10004 100 67263 2018599265 1162125 1018007 1361
0b001301 0b000001 10003 100 127134 2018398159 1365400 1023027 1349
0b001601 0b000d01 10000 100 41320 2018792590 1016387 1015831 1375
0b001c01 0b000901 10001 100 51162 2018808850 1018857 1016657 1378
0b000e01 0b001401 10000 100 9524 2018824641 1013465 1013165 1380
0b001901 0b000501 10001 100 64889 2018882928 1022022 1017805 1383
0b000c01 0b001201 10002 100 47849 2018764475 1183333 1016377 1372
0b001601 0b000301 10000 100 74806 2018933055 1025281 1018637 1387
0b000d01 0b001d01 10002 100 3568512 2018625683 1350618 1311550 1364
0b000501 0b001901 10002 100 8845753 2016563671 3421737 1753993 1200
0b000e01 0b001701 10003 100 1139459 2018420158 1589623 1107899 1350
0b001401 0b000001 10001 100 17112 2018993786 1027124 1013803 1392
0b001a01 0b000501 10000 100 1333473 2018916357 1138201 1124165 1386
0b000e01 0b001c01 10000 100 2298 2018997703 1057322 1012560 1394
0b001601 0b000f01 10000 100 8451 2019064907 1013728 1013075 1401
0b000701 0b001a01 10000 100 188093 2019047617 1036821 1028138 1399
0b001e01 0b000f01 10002 100 27434 2019075330 1017021 1014667 1402
0b001101 0b000a01 10001 100 72549 2018525952 1581319 1018449 1357
0b000901 0b001301 10001 100 3119300 2017636475 2476602 1273889 1288
0b000b01 0b001001 10003 100 59204 2018971539 1238821 1017331 1390
0b000e01 0b001001 10002 100 2419 2018995861 1225948 1012570 1393
0b001e01 0b000b01 10002 100 307497 2019135954 1134084 1038147 1404
0b000401 0b001901 10002 100 46155 2019038037 1237148 1016237 1398
0b000a01 0b001801 10000 100 40663 2019291555 1016178 1015775 1412
0b000c01 0b001f01 10002 100 23196 2019192014 1117851 1014312 1407
0b001801 0b000e01 10001 100 24017 2019318457 1014585 1014382 1414
0b000901 0b001401 10002 100 24051 2019381866 1016469 1014385 1421
0b001401 0b000d01 10000 100 2509995 2019171849 1234578 1222803 1405
0b000801 0b001b01 10002 100 70883 2019302814 1115500 1018308 1413
0b000001 0b001501 10001 100 2980 2019281349 1204516 1012614 1410
0b000f01 0b001001 10000 100 4936724 2018495908 2026113 1426261 1354
0b000001 0b001001 10002 100 667778 2019288999 1278749 1068352 1411
0b000801 0b001901 10002 100 5446 2019562490 1013085 1012823 1434
0b000401 0b001f01 10000 100 2115274 2018768284 1847470 1189712 1373
0b001e01 0b000701 10003 100 6553 2019648380 1013157 1012916 1438
0b000301 0b001b01 10001 100 2141607 2019475873 1195286 1191918 1428
0b000401 0b001601 10002 100 4207553 2018623351 2054205 1365127 1363
0b000901 0b001701 10001 100 4276256 2017348719 3336958 1370889 1264
0b001501 0b000701 10000 100 7575929 2018909514 1785767 1647531 1385
0b001f01 0b000a01 10000 100 2931281 2019127793 1573448 1258126 1403
0b001b01 0b000a01 10001 100 1864671 2019358898 1358326 1168700 1418
0b000b01 0b001e01 10002 100 1052121 2019367177 1378944 1100578 1419
0b000001 0b001e01 10001 100 84863 2019648045 1115551 1019480 1437
0b001a01 0b000101 10001 100 21696 2019775692 1014162 1014185 1444
0b000901 0b001f01 10002 100 4970671 2017409912 3387028 1429107 1267
0b001701 0b000f01 10003 100 5936 2019786065 1012969 1012862 1445
0b001601 0b000801 10001 100 179063 2019765025 1045247 1027381 1443
0b001001 0b000401 10000 100 6846797 2018441848 2373175 1586401 1351
0b001401 0b000a01 10000 100 182181 2019515741 1322283 1027642 1431
0b001001 0b000801 10000 100 25787 2019385532 1453528 1014527 1422
0b000d01 0b001c01 10004 100 63338 2018790013 2104557 1017677 1374
0b001101 0b000a01 10002 100 2049687 2019482438 1415265 1184211 1430
0b000301 0b001601 10001 100 55291 2019910879 1021264 1017003 1455
0b001401 0b000d01 10001 100 16383 2019998261 1013787 1013740 1460
0b000f01 0b001401 10003 100 476990 2019817914 1217857 1052355 1448
0b000b01 0b001201 10001 100 193020 2020019362 1035275 1028551 1463
0b001501 0b000001 10001 100 10246 2020113822 1032048 1013226 1470
0b001b01 0b000601 10001 100 14691 2020144600 1013689 1013597 1471
0b001601 0b000f01 10001 100 44869 2020204877 1028743 1016127 1474
0b000a01 0b001f01 10003 100 69420 2019993454 1257315 1018187 1459
0b000301 0b001001 10000 100 21448703 2013199122 8149467 2810625 928
0b000601 0b001701 10000 100 2986 2020331495 1023638 1012615 1481
0b000901 0b001201 10000 100 1659015 2019907992 1456919 1151460 1454
0b000701 0b001601 10001 100 76622 2020385988 1019863 1018790 1487
0b000601 0b001d01 10000 100 76207 2020101362 1307063 1018757 1468
0b000e01 0b001701 10004 100 1995850 2019537946 1919101 1179697 1432
0b001901 0b000001 10000 100 653220 2020360592 1123257 1067133 1486
0b001b01 0b000f01 10002 100 2085750 2020230089 1306299 1187235 1475
0b000601 0b001801 10000 100 48809 2020620137 1020530 1016457 1496
0b000401 0b001a01 10003 100 82155 2020641503 1048491 1019256 1498
0b000b01 0b001601 10003 100 9676669 2015944729 5769190 1823658 1148
0b001701 0b000f01 10004 100 1111918 2020551409 1187409 1105588 1495
0b000e01 0b001a01 10001 100 28807 2020640455 1117883 1014780 1497
0b000701 0b001c01 10004 100 64125 2020814357 1022797 1017744 1509
0b000401 0b001101 10001 100 2740215 2019892983 1967911 1242107 1453
0b001001 0b000801 10001 100 9186 2020883001 1013699 1013138 1519
0b001901 0b000a01 10004 100 175738 2020873518 1031961 1027099 1518
0b000a01 0b001401 10002 100 6849059 2019338392 2568009 1586593 1417
0b000c01 0b001101 10002 100 111391 2020907295 1021960 1021706 1521
0b000a01 0b001201 10003 100 9263 2021061943 1013746 1013144 1529
0b000101 0b001901 10001 100 13049 2021121866 1017234 1013462 1532
0b000701 0b001401 10001 100 57042 2021081510 1065321 1017151 1530
0b000801 0b001901 10003 100 13408 2021006090 1148359 1013491 1525
0b000501 0b001601 10001 100 9999478 2019401386 2757276 1850723 1424
0b001601 0b000701 10003 100 3206965 2020058255 2120571 1281237 1466
0b000401 0b001601 10003 100 21928 2021051867 1171603 1014203 1527
0b000e01 0b001101 10000 100 46620 2021310415 1018689 1016275 1539
0b000701 0b001c01 10005 100 86063 2021321646 1023987 1019584 1541
0b000701 0b001801 10001 100 41281 2021088525 1290234 1015828 1531
0b000d01 0b001b01 10001 100 4337 2021439331 1012829 1012731 1549
0b000801 0b001b01 10003 100 527455 2021003660 1493915 1056588 1524
0b000601 0b001a01 10001 100 9913 2021486644 1013587 1013196 1556
0b001a01 0b000c01 10001 100 3198272 2020911288 1617384 1280510 1522
0b000101 0b001801 10000 100 2862 2021560821 1012793 1012605 1561
0b001d01 0b000c01 10000 100 265051 2021447162 1128737 1034590 1552
0b001e01 0b000901 10000 100 1399667 2021499986 1169858 1129714 1558
0b000e01 0b001101 10001 100 1141161 2021513695 1166057 1108043 1559
0b000301 0b001401 10002 100 19555 2021483828 1242280 1014006 1555
0b001d01 0b000901 10004 100 1295294 2021442996 1283232 1120965 1551
0b001f01 0b000201 10002 100 46288 2021695600 1088885 1016248 1569
0b001701 0b000201 10000 100 163138 2021726383 1071774 1026045 1571
0b000801 0b001301 10002 100 1795582 2020858052 1942534 1162908 1514
0b000201 0b001c01 10001 100 2540 2021582305 1230482 1012579 1563
0b000e01 0b001701 10005 100 219677 2021567230 1273849 1030783 1562
0b001201 0b000c01 10001 100 8288 2021869962 1013988 1013062 1585
0b001201 0b000501 10002 100 18389 2021790450 1097524 1013909 1576
0b001101 0b000701 10003 100 1508735 2021621156 1304379 1138858 1565
0b001601 0b000101 10003 100 10096 2021798157 1151151 1013214 1577
0b000f01 0b001c01 10003 100 938254 2021860205 1111117 1091031 1582
0b001e01 0b000701 10004 100 1596295 2021816628 1187189 1146201 1578
0b000001 0b001d01 10000 100 566212 2021865926 1164969 1059839 1584
0b001001 0b000c01 10001 100 3512082 2021284645 1769748 1306821 1538
0b001801 0b000c01 10001 100 1882083 2021646681 1438700 1170162 1567
0b000d01 0b001301 10001 100 438112 2021789060 1298308 1049099 1575
0b000301 0b001b01 10002 100 34142 2022064880 1033250 1015230 1599
0b001501 0b000801 10001 100 21922 2022051001 1073573 1014203 1598
0b000b01 0b001a01 10000 100 101289 2022141335 1031402 1020859 1602
0b000b01 0b001301 10000 100 7769713 2020350076 2849105 1663778 1485
0b001101 0b000e01 10002 100 9169935 2020841767 2453484 1781172 1512
0b000601 0b001901 10000 100 22015 2022280896 1015823 1014214 1609
0b000201 0b001901 10001 100 2456686 2021589758 1717597 1218334 1564
0b001e01 0b000c01 10002 100 21850 2021992639 1325820 1014197 1592
0b000c01 0b001301 10003 100 411068 2022283757 1049476 1046832 1611
0b001a01 0b000d01 10003 100 6525888 2020859345 2484020 1559495 1516
0b000b01 0b001601 10004 100 191283 2022149467 1216685 1028404 1604
0b001501 0b000601 10000 100 7604 2022465969 1013505 1013004 1621
0b000601 0b001301 10000 100 8420896 2020505458 3067982 1718373 1493
0b000401 0b001501 10003 100 4448307 2019992337 3632575 1385313 1458
0b000801 0b001201 10002 100 4282202 2020718480 2910469 1371387 1504
0b001d01 0b000a01 10003 100 1832299 2022127927 1505588 1165987 1601
0b000901 0b001401 10003 100 1186150 2022445357 1209213 1111815 1620
0b000801 0b001b01 10004 100 24493 2022195439 1476607 1014420 1605
0b000401 0b001d01 10001 100 4840342 2019707901 3976755 1418181 1442
0b000501 0b001801 10002 100 46864 2022725122 1017453 1016294 1638
0b001001 0b000801 10002 100 48997 2022650387 1139566 1016472 1630
0b001f01 0b000701 10002 100 1170864 2022556652 1239803 1110530 1623
0b001801 0b000a01 10001 100 615980 2022714065 1097512 1064008 1635
0b001201 0b000301 10000 100 159646 2022769719 1052607 1025751 1639
0b000101 0b001f01 10000 100 5403265 2020858485 3019324 1465377 1515
0b000d01 0b001e01 10002 100 25087 2022864188 1018707 1014471 1646
0b000601 0b001901 10001 100 4654 2022962405 1013179 1012756 1651
0b001b01 0b000901 10003 100 167 2022926832 1051059 1012382 1650
0b001801 0b000e01 10002 100 4387 2022827833 1150557 1012735 1642
0b000a01 0b001801 10001 100 4195593 2022011662 1985804 1364125 1594
0b000301 0b001f01 10000 100 8446554 2020686055 3416121 1720525 1503
0b000001 0b001e01 10002 100 767041 2022711569 1416704 1076677 1634
0b000901 0b001f01 10003 100 594 2022337530 1832387 1012416 1613
0b000301 0b001d01 10001 100 61246 2023056930 1138893 1017502 1657
0b000b01 0b001101 10001 100 112850 2023007058 1196616 1021826 1653
0b001301 0b000701 10003 100 11057 2022909064 1310993 1013295 1649
0b001901 0b000501 10002 100 1205264 2022809323 1478168 1113417 1640
0b001601 0b000601 10002 100 36413 2023264810 1026852 1015420 1678
0b001601 0b000f01 10002 100 2464758 2022595207 1704622 1219011 1626
0b000d01 0b001201 10001 100 39411 2023046384 1277208 1015671 1656
0b001d01 0b000201 10001 100 3389 2023098586 1301821 1012651 1661
0b001301 0b000901 10003 100 206330 2023080766 1325371 1029666 1659
0b000501 0b001a01 10003 100 695307 2023338990 1077283 1070662 1686
0b000c01 0b001c01 10002 100 1380188 2022715214 1723348 1128083 1636
0b001701 0b000301 10002 100 3436867 2021997187 2452267 1300512 1593
0b000601 0b001c01 10001 100 16007 2023221146 1234574 1013710 1671
0b001901 0b000d01 10004 100 18160 2023461469 1015434 1013890 1694
0b001701 0b000c01 10001 100 58736 2023178821 1304561 1017290 1667
0b001801 0b000c01 10002 100 77436 2023218615 1305584 1018859 1670
0b000401 0b001601 10004 100 512630 2023271354 1275517 1055345 1680
0b001201 0b000701 10000 100 3639435 2022834780 1721418 1317497 1644
0b001401 0b000601 10003 100 46007 2022621716 2013740 1016226 1627
0b000f01 0b001d01 10001 100 28728 2023647303 1016370 1014774 1708
0b000401 0b001101 10002 100 41905 2023646702 1019079 1015878 1707
0b000001 0b001101 10003 100 4582497 2021857600 2821476 1396563 1581
0b000301 0b001301 10004 100 1712411 2023239749 1522557 1155935 1675
0b000301 0b001801 10002 100 20621 2023773059 1014689 1014095 1717
0b001101 0b000501 10001 100 5564 2023526720 1289501 1012833 1696
0b000701 0b001a01 10001 100 72445 2023796783 1020020 1018440 1719
0b001201 0b000a01 10002 100 9575 2023828895 1014816 1013169 1721
0b001501 0b000201 10001 100 398 2023529073 1316903 1012400 1697
0b000701 0b001501 10001 100 6270 2023762163 1102048 1012893 1714
0b000d01 0b001701 10001 100 8169284 2021901457 2969948 1697280 1587
0b000601 0b001101 10002 100 218 2023710910 1180444 1012386 1713
0b000901 0b001801 10000 100 1717359 2023223037 1697097 1156350 1673
0b001c01 0b000901 10002 100 3750 2023671064 1266996 1012680 1711
0b001001 0b000801 10003 100 39411 2023652772 1296394 1015671 1709
0b001a01 0b000c01 10002 100 1891059 2023416044 1578344 1170915 1692
0b001a01 0b000d01 10004 100 3454212 2022050802 2961639 1301969 1597
0b000101 0b001a01 10000 100 76108 2023977213 1101928 1018749 1729
0b001901 0b000801 10004 100 7920917 2021401265 3687398 1676455 1547
0b000a01 0b001101 10000 100 480073 2023983789 1113146 1052617 1731
0b001c01 0b000501 10002 100 4816373 2023161144 1985006 1416172 1666
0b001201 0b000a01 10003 100 51293 2024114146 1035157 1016668 1738
0b000601 0b001201 10002 100 1580149 2022863457 2319378 1144847 1645
0b000301 0b001c01 10000 100 2153122 2023795746 1404070 1192886 1718
0b000301 0b001901 10004 100 423110 2024130106 1077174 1047841 1739
0b000401 0b001f01 10001 100 690320 2023543488 1678134 1070244 1699
0b001201 0b000201 10001 100 154535 2024165604 1078213 1025323 1743
0b000e01 0b001f01 10005 100 336077 2023610580 1655247 1040545 1703
0b001d01 0b000701 10000 100 36589 2024269626 1016210 1015434 1750
0b000701 0b001501 10002 100 850736 2024097527 1201811 1083691 1737
0b000a01 0b001401 10003 100 473055 2023919403 1400766 1052029 1725
0b001401 0b000a01 10001 100 8300402 2021710618 3611925 1708273 1570
0b001801 0b000401 10001 100 1422842 2023972194 1358135 1131656 1727
0b001e01 0b000c01 10003 100 26252 2024152738 1179199 1014568 1741
0b001901 0b000d01 10005 100 7754 2024343823 1013709 1013016 1753
0b001901 0b000501 10003 100 8150 2024085647 1287359 1013051 1736
0b001401 0b000601 10002 100 6333231 2021952580 3438669 1543346 1591
0b000b01 0b001401 10001 100 3000123 2023616456 1794550 1263898 1705
0b000c01 0b001401 10002 100 149748 2024345385 1072138 1024920 1754
0b000701 0b001201 10002 100 45300 2024403142 1016369 1016165 1758
0b001701 0b000a01 10003 100 581923 2024155014 1278664 1061153 1742
0b000b01 0b001001 10004 100 9593713 2022378094 3056534 1816703 1616
0b001e01 0b000f01 10003 100 26120 2024530593 1015753 1014558 1765
0b000601 0b001f01 10000 100 1410852 2023958181 1593184 1130651 1726
0b001b01 0b000901 10004 100 62267 2024545160 1051143 1017588 1767
0b000401 0b001601 10005 100 9990 2024465951 1132258 1013202 1762
0b000a01 0b001201 10004 100 9480 2024647541 1013842 1013161 1773
0b000601 0b001c01 10002 100 2315184 2023866566 1848826 1206473 1722
0b001301 0b000b01 10001 100 2856899 2023975028 1748150 1251887 1728
0b001201 0b000b01 10001 100 26521072 2017654786 8159252 3235895 1289
0b001701 0b000401 10003 100 29768762 2015229081 10591923 3508178 1086
0b001c01 0b000801 10000 100 133131 2024732494 1090575 1023530 1780
0b000101 0b001701 10001 100 25502 2024810363 1014659 1014505 1786
0b000701 0b001301 10002 100 18549935 2016045569 9832089 2567591 1154
0b000001 0b001501 10002 100 23037 2024772732 1120245 1014300 1784
0b000801 0b001901 10004 100 8961551 2023298871 2605332 1763703 1683
0b000b01 0b001801 10001 100 1912074 2024744404 1193253 1172676 1782
0b001201 0b000101 10000 100 1700526 2024583283 1354643 1154938 1769
0b001601 0b000301 10001 100 1494 2024937183 1012588 1012492 1798
0b000c01 0b001001 10002 100 7989 2024825030 1131075 1013034 1788
0b001e01 0b000701 10005 100 4029217 2024544086 1429462 1350177 1766
0b000101 0b001101 10003 100 24677 2024999023 1021129 1014435 1801
0b001701 0b000701 10002 100 73861 2024661356 1380993 1018558 1774
0b000f01 0b001101 10000 100 2519 2025077709 1013033 1012578 1806
0b001901 0b000801 10005 100 6069 2024688386 1408964 1012877 1775
0b000701 0b001f01 10000 100 723 2025032696 1088533 1012426 1802
0b001101 0b000001 10002 100 1448383 2024939783 1265410 1133799 1799
0b001601 0b000301 10002 100 173470 2025158987 1047565 1026910 1813
0b000f01 0b001a01 10001 100 3409183 2024708105 1535623 1298194 1777
0b001e01 0b000201 10001 100 22065 2025231216 1015369 1014218 1817
0b000a01 0b001101 10001 100 211383 2025222907 1053247 1030089 1816
0b000901 0b001701 10002 100 12000 2025111408 1189863 1013371 1808
0b001a01 0b000301 10003 100 19504 2025235717 1096979 1014002 1819
0b000101 0b001501 10000 100 1483210 2024925108 1547271 1136720 1797
0b000d01 0b001f01 10001 100 190331 2025342783 1133596 1028324 1823
0b001a01 0b000401 10001 100 3379219 2024840375 1659914 1295681 1790
0b000801 0b001101 10004 100 148474 2025384390 1125392 1024815 1826
0b001601 0b000101 10004 100 927 2025411892 1107590 1012443 1831
0b000501 0b001201 10003 100 1969323 2024743484 1784043 1177475 1781
0b001301 0b000301 10002 100 1131 2025517054 1012434 1012463 1836
0b000e01 0b001401 10001 100 1223994 2025250012 1289716 1114984 1820
0b001001 0b000601 10002 100 9081982 2023764454 2777158 1773798 1715
0b000a01 0b001401 10004 100 20338 2025286098 1259148 1014072 1821
0b001d01 0b000601 10002 100 177564 2024889332 1679667 1027253 1793
0b000301 0b001e01 10003 100 15088 2025395143 1229737 1013633 1827
0b000e01 0b001f01 10006 100 36887 2025442530 1226400 1015458 1833
0b000e01 0b001101 10002 100 169615 2025632449 1058619 1026587 1847
0b000701 0b001e01 10003 100 45769 2025672773 1018450 1016203 1849
0b000e01 0b001d01 10002 100 38980 2025634295 1090938 1015633 1848
0b000601 0b001b01 10002 100 3353410 2024179027 2549638 1293517 1745
0b001301 0b000401 10001 100 457900 2025702003 1061921 1050755 1853
0b001a01 0b000101 10002 100 166709 2025742323 1040270 1026343 1857
0b001f01 0b000401 10003 100 9802 2025715248 1070502 1013187 1855
0b001201 0b000901 10002 100 1490 2025682594 1126741 1012491 1851
0b001601 0b000001 10001 100 11266 2025808497 1013778 1013312 1862
0b001201 0b000b01 10002 100 1180854 2024973006 1914415 1111368 1800
0b001501 0b000b01 10002 100 42289 2025777376 1133754 1015913 1859
0b001201 0b000d01 10001 100 75077 2025907059 1024578 1018663 1869
0b000a01 0b001001 10000 100 1169 2025943779 1012542 1012466 1871
0b001a01 0b000d01 10005 100 402661 2025794557 1187022 1046125 1861
0b000e01 0b001e01 10001 100 5987 2025990408 1012977 1012867 1877
0b000f01 0b001501 10003 100 27958 2025894592 1151725 1014709 1867
0b001601 0b000801 10002 100 6534560 2024698031 2366198 1560224 1776
0b001001 0b000301 10001 100 6319 2025979882 1091512 1012897 1876
0b001e01 0b000c01 10004 100 72754 2025944801 1135390 1018465 1872
0b001101 0b000c01 10001 100 186823 2026057781 1033171 1028028 1882
0b001b01 0b000601 10002 100 17319 2026077394 1014845 1013819 1884
0b000c01 0b001401 10003 100 118760 2026042846 1082041 1022322 1881
0b000601 0b001101 10003 100 687065 2024871055 2280948 1069972 1792
0b000101 0b001101 10004 100 37140 2026215274 1018298 1015482 1892
0b000b01 0b001a01 10001 100 13338 2026219902 1014739 1013485 1893
0b000e01 0b001801 10000 100 158190 2026233244 1037802 1025630 1894
0b000f01 0b001f01 10001 100 1008621 2025879216 1397993 1096929 1865
0b000e01 0b001801 10001 100 2159 2026276796 1022873 1012549 1896
0b001b01 0b000101 10000 100 32194 2026327140 1026099 1015067 1900
0b000601 0b001201 10003 100 5496473 2024180600 3331877 1473191 1746
0b001e01 0b000b01 10003 100 4457685 2025875228 1641768 1386098 1864
0b001901 0b000901 10002 100 33408 2026556752 1017965 1015168 1918
0b001201 0b000901 10003 100 6960 2026524032 1163234 1012948 1914
0b000d01 0b001701 10002 100 530263 2026343676 1351392 1056825 1902
0b001a01 0b000501 10001 100 538213 2026599640 1148872 1057491 1921
0b000401 0b001f01 10002 100 924186 2026207536 1548583 1089851 1891
0b000901 0b001701 10003 100 22872 2026553964 1266087 1014283 1917
0b001b01 0b000101 10001 100 25557 2026781861 1091888 1014509 1931
0b000301 0b001601 10002 100 3658804 2025077734 2831610 1319119 1807
0b001c01 0b000201 10002 100 26697 2026846642 1072950 1014604 1935
0b000f01 0b001301 10000 100 31394 2026895019 1047806 1014999 1938
0b001a01 0b000b01 10001 100 60202 2026923592 1022785 1017415 1943
0b001a01 0b000901 10000 100 482848 2026899868 1062784 1052847 1940
0b000401 0b001d01 10002 100 8350386 2024215406 3750139 1712463 1748
0b000701 0b001a01 10002 100 30226 2026951593 1019824 1014902 1947
0b000101 0b001f01 10001 100 1902383 2025355101 2633875 1171863 1824
0b000701 0b001701 10003 100 5505 2026770089 1247662 1012828 1930
0b000f01 0b001d01 10002 100 64680 2026923636 1111002 1017789 1944
0b001101 0b000001 10003 100 504000 2026717002 1330528 1054620 1927
0b001c01 0b000201 10003 100 21126 2026968505 1084756 1014139 1948
0b001301 0b000e01 10000 100 47421 2027070666 1020253 1016343 1958
0b000701 0b001201 10003 100 166845 2027053298 1040137 1026353 1956
0b000501 0b001601 10002 100 3958007 2025122499 2986452 1344208 1809
0b000301 0b001001 10001 100 1619270 2025602416 2642799 1148127 1844
0b000301 0b001001 10002 100 72253 2026732099 1525888 1018425 1928
0b000001 0b001101 10005 100 80290 2025716984 2576311 1019099 1856
0b000301 0b001301 10005 100 2387 2027059266 1248123 1012567 1957
0b000b01 0b001001 10005 100 73154 2027087810 1258006 1018501 1960
0b000001 0b001101 10004 100 7564553 2024826495 3613302 1646578 1789
0b000f01 0b001201 10003 100 194269 2027159434 1300586 1028655 1967
0b001201 0b000401 10001 100 8229182 2023764825 4727239 1702302 1716
0b001a01 0b000701 10001 100 69643 2027469292 1067455 1018205 1982
0b000c01 0b001001 10003 100 509768 2027196197 1369822 1055104 1969
0b001801 0b000e01 10003 100 37638 2027478106 1108591 1015521 1983
0b001601 0b000c01 10003 100 25585 2027590625 1016071 1014511 1990
0b000801 0b001d01 10002 100 35950 2027645439 1017833 1015379 1994
0b000f01 0b001f01 10002 100 76411 2027415047 1285608 1018773 1980
0b000601 0b001a01 10002 100 16490 2027686978 1014966 1013749 1996
0b000901 0b001f01 10004 100 6100 2027415357 1304539 1012879 1981
0b000901 0b001001 10001 100 6373 2027711624 1012960 1012901 2001
0b001301 0b000201 10000 100 62972 2027621905 1116219 1017644 1992
0b000001 0b001901 10000 100 5371300 2026463660 2307633 1462697 1910
0b000a01 0b001a01 10000 100 20431 2027819420 1015172 1014080 2010
0b000801 0b001001 10004 100 828587 2027494673 1352605 1081835 1984
0b001d01 0b000601 10003 100 6314 2027812881 1043636 1012897 2009
0b001201 0b000901 10004 100 3222 2027786229 1074032 1012638 2006
0b000001 0b001401 10000 100 9178797 2025523259 3346685 1781916 1838
0b000001 0b001601 10003 100 17928 2027640042 1277450 1013868 1993
0b000101 0b001301 10002 100 3914582 2026619189 2330810 1340565 1924
0b001601 0b000901 10001 100 20868 2027953365 1014304 1014115 2020
0b001601 0b000101 10005 100 584737 2027107260 1862612 1061390 1962
0b000b01 0b001e01 10003 100 286158 2027368454 1686480 1036359 1977
0b001d01 0b000a01 10004 100 32087 2028006307 1059869 1015058 2023
0b001f01 0b000c01 10000 100 1538701 2027894239 1185025 1141370 2016
0b001a01 0b000701 10002 100 296382 2028043677 1089298 1037216 2026
0b000901 0b001001 10002 100 25162 2028140082 1014454 1014477 2030
0b001201 0b000301 10001 100 3052008 2027736550 1422822 1268249 2003
0b000301 0b001501 10000 100 126470 2028147913 1033116 1022970 2031
0b001201 0b000f01 10001 100 7254835 2026356161 2833427 1620611 1903
0b001c01 0b000e01 10001 100 26758 2028241962 1014893 1014609 2033
0b001301 0b000a01 10003 100 8991 2028249457 1032205 1013118 2035
0b001901 0b000b01 10001 100 4195982 2027781215 1530520 1364156 2005
0b001c01 0b000b01 10001 100 14735 2028289931 1023009 1013601 2040
0b000c01 0b001e01 10003 100 6151810 2025521743 3861321 1528133 1837
0b000c01 0b001701 10000 100 407 2028390533 1012313 1012401 2047
0b000501 0b001d01 10001 100 23168 2028018800 1396932 1014310 2025
0b001c01 0b000401 10002 100 9380 2028417828 1013780 1013153 2049
0b001701 0b000001 10001 100 7995052 2026502852 3013643 1682673 1912
0b000301 0b001001 10003 100 357924 2027578484 1953450 1042373 1988
0b001601 0b000d01 10001 100 1904396 2028044407 1567159 1172031 2027
0b001d01 0b000901 10005 100 507714 2028556510 1077847 1054932 2063
0b000901 0b001601 10001 100 20836 2028423860 1246663 1014112 2050
0b000501 0b001f01 10002 100 69888 2028560816 1160073 1018224 2066
0b001e01 0b000601 10000 100 1507816 2028452333 1287073 1138781 2055
0b000701 0b001701 10004 100 139128 2028443178 1299928 1024032 2053
0b000c01 0b001801 10002 100 2064178 2028415749 1334760 1185428 2048
0b000001 0b001501 10003 100 42672 2028379085 1404125 1015943 2046
0b000e01 0b001c01 10001 100 1402635 2028502601 1356798 1129963 2058
0b001801 0b000001 10002 100 73211 2028865195 1042763 1018506 2086
0b001401 0b000001 10002 100 7361546 2027994168 1923599 1629558 2021
0b001b01 0b000101 10002 100 1215849 2028581427 1367076 1114302 2067
0b000301 0b001601 10003 100 791047 2027507802 2541024 1078690 1985
0b000001 0b001e01 10003 100 1935365 2028245496 1828478 1174628 2034
0b001e01 0b000f01 10004 100 7537 2029037505 1054270 1012998 2102
0b000c01 0b001401 10004 100 1792833 2028912225 1182348 1162676 2091
0b000101 0b001f01 10002 100 541421 2028751916 1344365 1057759 2080
0b000801 0b001301 10003 100 192745 2028557983 1549627 1028525 2064
0b000301 0b001601 10004 100 14073 2027790302 2360319 1013548 2007
0b000301 0b001c01 10001 100 9463962 2026928755 3297982 1805823 1945
0b000301 0b001101 10002 100 22557 2029018576 1276044 1014257 2100
0b001701 0b000201 10001 100 499622 2028957575 1362733 1054254 2094
0b000301 0b001d01 10002 100 1474022 2028708072 1654780 1135950 2079
0b000001 0b001a01 10000 100 1516944 2029041562 1375421 1139545 2103
0b000b01 0b001801 10002 100 1290574 2029034288 1668859 1120568 2101
0b000e01 0b001d01 10003 100 42639 2029415767 1350494 1015941 2118
0b000301 0b001501 10001 100 62640 2029796249 1021456 1017618 2131
0b000b01 0b001901 10000 100 1765313 2029582626 1262662 1160371 2124
0b001601 0b000d01 10002 100 45716 2029408504 1448287 1016198 2117
0b001a01 0b000901 10001 100 893096 2028984895 1932281 1087245 2095
0b001a01 0b000501 10002 100 1944758 2029513743 1433208 1175414 2123
0b001d01 0b000501 10001 100 7899 2029790682 1236016 1013027 2130
0b001b01 0b000101 10003 100 4914 2029166653 1865549 1012777 2107
0b001501 0b000401 10000 100 5258263 2028682805 2541386 1453220 2076
0b001d01 0b000601 10004 100 2916750 2029307499 1929801 1256906 2112
0b001b01 0b000901 10005 100 3707101 2028526001 2833760 1323171 2060
0b000a01 0b001701 10001 100 2594975 2029755607 1633469 1229927 2127
0b001901 0b000a01 10005 100 5795843 2028590143 2892700 1498289 2068
0b000901 0b001001 10003 100 7612155 2028559884 3024043 1650571 2065
0b001801 0b000501 10001 100 7854147 2028535944 3105834 1670859 2062
0b001a01 0b000701 10003 100 6286674 2028791636 2870561 1539441 2083
0b000201 0b001201 10001 100 1881298 2028521081 3182756 1170095 2059
0b001201 0b000401 10002 100 4333171 2028883371 2884371 1375661 2088
0b000c01 0b001e01 10004 100 1644624 2028234376 3577177 1150251 2032
0b000401 0b001701 10002 100 7631443 2028940158 2921166 1652187 2093
0b000501 0b001b01 10000 100 4197257 2028770310 3189917 1364265 2081
0b000201 0b001b01 10000 100 6096027 2028277733 3824577 1523459 2039
0b000701 0b001d01 10002 100 2398886 2028990584 3250293 1213488 2098
0b000e01 0b001601 10003 100 8274429 2029772021 2610182 1706095 2128
0b000701 0b001601 10002 100 8655497 2027799691 4668611 1738043 2008
0b000301 0b001301 10006 100 9501154 2028448125 4078299 1808945 2054
0b000f01 0b001a01 10002 100 25321141 2026006030 6596936 3135292 1879
0b001601 0b000701 10002 100 12766232 2020021346 13796872 2082688 1464
0b001901 0b000101 10001 100 24212932 2025563946 8425921 3042377 1841
0b000701 0b001901 10001 100 15953007 2026578121 7542528 2349868 1919
0b000701 0b001801 10002 100 9872538 2027252701 7219260 1840080 1974
0b000d01 0b001c01 10003 100 17420478 2017184080 17357718 2472899 1249
0b000a01 0b001d01 10004 100 20580864 2021848009 12746441 2737865 1580
0b001701 0b000301 10003 100 26219704 2024868690 10095177 3210626 1791
0b001601 0b000f01 10003 100 21586639 2028843391 6223336 2822190 2084
0b001d01 0b000801 10000 100 22085881 2024423995 10675752 2864045 1760
Average intra_dc ratio: 1.2307942788044144
