0b000501 0b000901 10000 100 5567 2000126601 8729 8788 4
0b001201 0b001c01 10000 100 24939 2000151615 10335 10411 6
0b001401 0b001d01 10000 100 31016 2000303264 10968 10924 17
0b001c01 0b001201 10000 100 1212 2000318703 8368 8424 19
0b001501 0b001f01 10000 100 41624 2000334405 11721 11811 22
0b000901 0b000201 10000 100 52153 2000334121 12705 12695 21
0b000401 0b000e01 10000 100 13450 2000415413 9383 9449 30
0b000301 0b000701 10000 100 61284 2000415210 18472 13460 29
0b000c01 0b000b01 10000 100 74003 2000446745 20493 14528 32
0b001f01 0b001801 10000 100 1665 2000591267 8587 8460 41
0b000e01 0b000301 10000 100 23245 2000593713 12103 10271 42
0b001c01 0b001b01 10000 100 76022 2000608823 14890 14697 44
0b001201 0b001301 10000 100 9412 2000635674 4874 4951 47
0b000301 0b000901 10000 100 1413635 2000463483 245982 126840 34
0b001901 0b001c01 10000 100 54480 2000693833 17192 12889 51
0b000c01 0b000101 10000 100 5753426 2000239754 508122 490689 13
0b001901 0b001e01 10000 100 4735341 2000359430 405825 405333 24
0b000b01 0b000001 10000 100 1853061 2000558924 267710 163684 38
0b000201 0b000101 10000 100 1533308 2000715362 144576 132715 52
0b001e01 0b001701 10000 100 49173 2000901602 12349 12445 62
0b000801 0b000e01 10000 100 1361973 2000845042 124581 122507 59
0b001801 0b001b01 10000 100 150845 2000956266 16612 16807 64
0b000a01 0b000e01 10000 100 76228 2001067987 27320 14713 68
0b000301 0b000d01 10000 100 25493 2001091263 12209 10459 70
0b000c01 0b000b01 10001 100 139923 2001106930 47474 20051 72
0b001501 0b001401 10000 100 11813 2001183045 5072 5151 79
0b000a01 0b000c01 10000 100 146641 2001217941 37640 20615 81
0b001a01 0b001d01 10000 100 23162 2001399609 10238 10265 89
0b001b01 0b001c01 10000 100 61103 2001474253 13696 13446 92
0b000801 0b000601 10000 100 20586 2001524679 9983 10047 94
0b000c01 0b000501 10000 100 16627 2001332065 288915 9715 88
0b000701 0b000b01 10000 100 9493054 2000263422 1364969 804221 15
0b000501 0b000401 10000 100 6891178 2000424662 1204611 581919 31
0b000b01 0b000601 10000 100 320354 2001629784 74654 35180 100
0b001801 0b001b01 10001 100 1096 2001696712 9104 4255 108
0b000001 0b000601 10000 100 51652 2001706227 17068 12651 109
0b001f01 0b001101 10000 100 3502490 2001547811 301622 301970 96
0b000f01 0b000801 10000 100 161919 2001827414 40555 21895 117
0b001001 0b001501 10000 100 650570 2001810330 119374 62865 114
0b001701 0b001a01 10000 100 3911 2001942193 8832 8648 121
0b001901 0b001f01 10000 100 45572 2001941243 15704 12142 120
0b000901 0b000101 10000 100 2886020 2001282511 710384 250287 84
0b001401 0b001701 10000 100 67316 2002056338 9681 9806 127
0b000b01 0b000301 10000 100 14280 2002092381 10885 9520 129
0b001901 0b001301 10000 100 3058852 2001746488 448455 264774 111
0b001201 0b001f01 10000 100 195571 2002206204 24499 24718 138
0b001401 0b001e01 10000 100 38366 2002255008 11794 11539 143
0b000e01 0b000301 10001 100 189985 2002280348 33850 24248 147
0b001e01 0b001701 10001 100 1425644 2002235987 128065 127847 140
0b000901 0b000001 10000 100 26830 2002387230 24171 10570 152
0b000701 0b000901 10000 100 8342038 2000314996 2111284 707720 18
0b001801 0b001d01 10000 100 855920 2002356916 81236 80080 151
0b000901 0b000301 10000 100 3969 2002490506 8789 8652 158
0b000401 0b000c01 10000 100 1657971 2002237738 274128 147324 141
0b001801 0b001501 10000 100 21386 2002412973 128679 10115 154
0b000a01 0b000d01 10000 100 1408134 2002326209 235543 126381 149
0b000e01 0b000901 10000 100 44809 2002554450 13189 12077 162
0b000901 0b000b01 10000 100 773 2002571178 4188 4225 165
0b000701 0b000101 10000 100 49511 2002568502 34342 12472 164
0b000b01 0b000101 10000 100 7572380 2001582856 1029565 643190 98
0b001301 0b001201 10000 100 1093 2002619450 4296 4255 170
0b001001 0b001601 10000 100 449629 2002603457 74283 46018 168
0b001001 0b001301 10000 100 26949 2002683766 6548 6419 175
0b001301 0b001b01 10000 100 9498402 2001074325 1641572 804668 69
0b000701 0b000301 10000 100 568898 2002683162 68318 56016 174
0b000501 0b000b01 10000 100 21428 2002745566 11850 10118 179
0b000b01 0b000601 10001 100 2714016 2002183639 574994 235866 137
0b001f01 0b001501 10000 100 31383 2002781856 50497 10953 180
0b000501 0b000e01 10000 100 6648 2002835018 34062 8878 186
0b000401 0b000901 10000 100 7626 2002865416 10642 8960 189
0b001c01 0b001f01 10000 100 1116647 2002800677 96902 97781 182
0b001701 0b001c01 10000 100 1250 2002896337 8371 8427 191
0b001601 0b001f01 10000 100 387 2002904613 8282 8354 193
0b000601 0b000d01 10000 100 8435105 2000629877 2298493 715522 46
0b000101 0b000a01 10000 100 61678 2002913080 28537 13492 197
0b000b01 0b000801 10000 100 66097 2002927393 20234 9705 198
0b000601 0b000001 10000 100 1474 2002996827 8457 8445 204
0b001101 0b001e01 10000 100 7362 2003006293 8971 8939 205
0b001a01 0b001401 10000 100 17837 2003013075 9746 9816 206
0b000101 0b000401 10000 100 6460 2002671754 354818 8863 173
0b001a01 0b001601 10000 100 1077035 2002828065 201081 98622 183
0b000101 0b000d01 10000 100 7153195 2001113619 1941405 608046 73
0b000a01 0b000e01 10001 100 4989143 2001786994 1278999 426613 112
0b001c01 0b001d01 10000 100 846683 2002991093 76059 75147 203
0b000c01 0b000301 10000 100 988902 2002987882 92628 91229 202
0b001e01 0b001b01 10000 100 588463 2003027172 59813 57658 209
0b000501 0b000901 10001 100 5938855 2002339768 816691 506234 150
0b001801 0b001f01 10000 100 24806 2003146704 14084 10400 215
0b000a01 0b000201 10000 100 3248297 2002831193 329643 280659 184
0b001d01 0b001a01 10000 100 60894 2003187830 13623 13425 217
0b000501 0b000101 10000 100 29824 2003195428 11181 10821 219
0b001601 0b001801 10000 100 26159 2003195127 12972 10516 218
0b001601 0b001401 10000 100 65541 2003278910 15841 9656 224
0b000a01 0b000d01 10001 100 260626 2003286134 50698 30172 225
0b001701 0b001b01 10000 100 19478 2003343533 9964 9955 228
0b000301 0b000201 10000 100 83376 2003348729 11054 11152 230
0b000701 0b000f01 10000 100 1815164 2003202905 180671 160506 220
0b001a01 0b001c01 10000 100 20702 2003398048 10814 10056 234
0b000301 0b000501 10000 100 18042 2003421136 11221 9836 239
0b001d01 0b001101 10000 100 709060 2003394566 69185 67771 233
0b001801 0b001a01 10000 100 4116 2003469949 5057 4508 243
0b000301 0b000101 10000 100 1144515 2003411303 100949 100118 238
0b001501 0b001401 10001 100 23981 2003544027 7105 6170 245
0b000001 0b000e01 10000 100 255279 2003455961 118049 29725 242
0b001801 0b001401 10000 100 4109443 2003063173 541367 352857 210
0b000d01 0b000c01 10000 100 36692 2003607216 8134 7237 249
0b001801 0b001701 10000 100 3168752 2003216871 487982 273989 222
0b000001 0b000901 10000 100 36300 2003766295 17291 11366 256
0b001701 0b001501 10000 100 34982 2003802317 8663 7092 258
0b000f01 0b000a01 10000 100 49228 2003845585 12957 12450 262
0b000b01 0b000c01 10000 100 1646012 2003439454 421100 146325 240
0b000b01 0b000901 10000 100 2122077 2003404235 502758 182078 236
0b000001 0b000301 10000 100 39567 2003923154 14055 7478 271
0b000001 0b000701 10000 100 501792 2003861275 97977 50391 264
0b001a01 0b001c01 10001 100 5127 2003952897 8746 8753 273
0b001401 0b001201 10000 100 916199 2003495491 481834 85137 244
0b000c01 0b000d01 10000 100 37585 2004008953 7303 7312 275
0b001101 0b001001 10000 100 16932 2004071214 5545 5579 277
0b001a01 0b001901 10000 100 140190 2004084792 16300 15916 278
0b000001 0b000f01 10000 100 301428 2003751700 364143 33593 255
0b000b01 0b000001 10001 100 17955911 2000614591 3527146 1513743 45
0b001d01 0b001701 10000 100 9880 2004142292 9623 9148 282
0b000d01 0b000101 10000 100 983233 2004094725 99984 90757 279
0b001e01 0b001401 10000 100 13405 2004227205 9774 9446 286
0b000201 0b000d01 10000 100 39653 2004037396 206418 11645 276
0b001101 0b001201 10000 100 74199 2003952600 362498 10383 272
0b001701 0b001101 10000 100 189956 2004373768 25360 24246 295
0b000f01 0b000d01 10000 100 27634 2004399954 6515 6478 297
0b001101 0b001401 10000 100 12140 2004405934 9798 9341 298
0b001101 0b001f01 10000 100 8108 2004483572 9426 9003 302
0b000e01 0b000801 10000 100 57972 2004482099 15344 13180 301
0b001701 0b001801 10000 100 72517 2004428942 101233 14401 300
0b001b01 0b001701 10000 100 14493 2004524124 14283 9537 304
0b001901 0b001d01 10000 100 3107 2004559972 8541 8583 306
0b000e01 0b000d01 10000 100 1114569 2004490935 96602 97607 303
0b000101 0b000f01 10000 100 6396726 2003596453 996727 544622 248
0b001401 0b001201 10001 100 9254 2004232106 457448 9098 287
0b001e01 0b001a01 10000 100 3377837 2003913048 811221 291518 269
0b001301 0b001b01 10001 100 27786 2004722596 15157 10650 317
0b001001 0b001701 10000 100 481558 2004700654 60719 48695 314
0b000101 0b000e01 10000 100 407846 2004757732 60152 42514 319
0b001701 0b001d01 10000 100 45440 2004835638 12454 12131 323
0b001401 0b001601 10000 100 11788 2004847799 5649 5149 326
0b000b01 0b000301 10001 100 147421 2004756256 115916 20682 318
0b000f01 0b000c01 10000 100 68604 2004859986 12575 9913 328
0b000901 0b000701 10000 100 1505600 2004688671 217289 134551 313
0b001301 0b001801 10000 100 4741092 2004132015 812933 405816 280
0b001f01 0b001401 10000 100 75080 2004944747 14648 14618 333
0b001901 0b001801 10000 100 23331 2004956223 6030 6118 334
0b001701 0b001a01 10001 100 3403690 2003837654 1139050 293686 260
0b000001 0b000a01 10000 100 6427 2005010944 10009 8861 341
0b001901 0b001d01 10001 100 36454 2004963000 63898 11378 336
0b001301 0b001e01 10000 100 8517 2005052657 11028 9035 343
0b000201 0b000101 10001 100 74274 2005084767 10270 10389 345
0b000301 0b000801 10000 100 24667 2005117703 12384 10389 347
0b000301 0b000001 10000 100 2554617 2005002628 227520 218340 339
0b001101 0b001801 10000 100 76098 2005244566 19340 14703 352
0b001201 0b001f01 10001 100 107814 2005247098 28401 17359 353
0b001901 0b001201 10000 100 103437 2004409533 937881 16994 299
0b000a01 0b000901 10000 100 68398 2005066610 313707 9896 344
0b001701 0b001c01 10001 100 1266358 2005166873 220979 114493 350
0b000701 0b000901 10001 100 9596929 2002911225 2520506 812926 194
0b000101 0b000f01 10001 100 60775 2005410599 28835 13416 366
0b001601 0b001001 10000 100 11414 2005433368 16267 9279 368
0b001a01 0b001801 10000 100 153695 2005443785 17333 17046 370
0b000a01 0b000101 10000 100 28646 2005458372 12970 10723 371
0b000101 0b000501 10000 100 6526222 2002698511 2819550 555481 176
0b000f01 0b000001 10000 100 110237 2005509003 20738 17565 376
0b000b01 0b000701 10000 100 8496 2005534926 9357 9034 378
0b000601 0b000901 10000 100 771671 2005475398 73529 73018 372
0b001401 0b001201 10002 100 25497 2005276026 289990 10459 356
0b000f01 0b000201 10000 100 2557135 2005298504 294226 222713 359
0b001d01 0b001201 10000 100 30891 2004720132 897757 10910 316
0b000001 0b000101 10000 100 667520 2005503522 115329 60126 375
0b001801 0b001201 10000 100 22494 2005556169 66712 10207 381
0b001401 0b001501 10000 100 5000 2005676579 5577 4579 389
0b001f01 0b001401 10001 100 60318 2005669055 15315 13379 388
0b001001 0b001e01 10000 100 4239635 2004160796 1563159 363772 283
0b001601 0b001101 10000 100 37506 2005720386 22898 11466 393
0b001501 0b001001 10000 100 69667 2005742852 18295 14162 395
0b001301 0b001e01 10001 100 36447 2005759648 76802 11377 396
0b001e01 0b001d01 10000 100 74354 2005831285 10852 10396 401
0b001d01 0b001301 10000 100 294923 2005820845 34524 33046 400
0b000801 0b000601 10001 100 3979314 2004942880 927640 341948 332
0b000701 0b000e01 10000 100 299776 2005857637 57974 33454 404
0b001601 0b001701 10000 100 56898 2005895460 21387 8930 408
0b000501 0b000401 10001 100 141048 2005897240 25415 15989 409
0b000c01 0b000701 10000 100 165214 2005905681 37574 22174 411
0b000101 0b000d01 10001 100 1220951 2005844966 135422 110684 403
0b001701 0b001c01 10002 100 1471553 2005690634 361792 131696 390
0b001c01 0b001a01 10000 100 23870 2006047950 14107 10321 417
0b000d01 0b000301 10000 100 3377392 2004636023 1432384 291482 310
0b001401 0b001b01 10000 100 4093242 2005007142 1063852 351500 340
0b001001 0b001a01 10000 100 49508 2006131375 18374 12472 421
0b000001 0b000201 10000 100 4529614 2005442536 747965 383924 369
0b000f01 0b000001 10001 100 3795 2006113850 79912 8638 419
0b001001 0b001b01 10000 100 47530 2006237528 12212 12306 426
0b001901 0b001101 10000 100 3423 2006307088 8695 8609 428
0b001101 0b001601 10000 100 7166 2006382637 10803 8924 436
0b001101 0b001d01 10000 100 21448 2006400546 11713 10120 438
0b000601 0b000101 10000 100 27944 2006418868 10697 10663 439
0b000901 0b000401 10000 100 1563267 2006377166 139582 139387 434
0b000201 0b000e01 10000 100 38616 2006426182 143129 11559 440
0b000601 0b000a01 10000 100 908427 2006482071 90867 84484 442
0b000601 0b000101 10001 100 86742 2006548403 33042 15593 447
0b001801 0b001c01 10000 100 2594820 2006185222 411979 225870 422
0b001601 0b001501 10000 100 20854509 2002121140 4488582 1752603 130
0b000801 0b000501 10000 100 8859 2006627141 9056 9063 454
0b000101 0b000a01 10001 100 270468 2006617230 30716 30998 451
0b001f01 0b001e01 10001 100 42846 2006637722 12186 7752 455
0b000301 0b000b01 10000 100 396554 2006604213 71752 41568 449
0b001a01 0b001201 10000 100 8090 2006670171 9050 9001 457
0b001b01 0b001801 10000 100 1578 2006683398 4232 4293 459
0b001301 0b001601 10000 100 29473340 2002577635 4118152 2479367 166
0b000b01 0b000d01 10000 100 37157 2006804912 14010 11438 467
0b001101 0b001701 10000 100 372054 2006745807 73616 39516 462
0b001c01 0b001301 10000 100 64356 2006814834 16095 13718 468
0b000101 0b000501 10001 100 1459060 2006677685 166231 130651 458
0b001f01 0b001901 10000 100 844474 2006465449 380671 79122 441
0b001901 0b001001 10000 100 5410 2006868450 8743 8775 470
0b001001 0b001d01 10000 100 9067 2006950810 9485 9083 476
0b000401 0b000801 10000 100 125630 2006962077 22123 18854 477
0b000401 0b000b01 10000 100 115216 2006981999 21007 17982 478
0b001001 0b001201 10000 100 75456 2007017192 10424 10488 481
0b001c01 0b001601 10000 100 45451 2007044533 16401 12132 482
0b000a01 0b000501 10000 100 1005 2007080513 8352 8408 483
0b000001 0b000801 10000 100 42517 2007233845 11961 11886 496
0b001f01 0b001d01 10000 100 10511244 2005879145 1380923 885425 405
0b000b01 0b000a01 10000 100 1123697 2007230092 122368 98371 494
0b001701 0b001601 10000 100 1891 2007348780 4480 4318 502
0b001101 0b001301 10000 100 4393800 2006985208 369024 372536 479
0b001f01 0b001101 10001 100 69224 2007325053 31776 14126 500
0b001d01 0b001501 10000 100 10068 2007370322 9296 9167 503
0b000a01 0b000c01 10001 100 616250 2007308700 76557 59989 499
0b001e01 0b001101 10000 100 68202 2007391107 15359 14041 509
0b001601 0b001c01 10000 100 1892723 2005693089 1715769 167006 391
0b001801 0b001201 10001 100 650657 2007383171 64919 62872 507
0b001401 0b001b01 10001 100 954935 2007284588 222819 88382 498
0b001201 0b001b01 10000 100 1022794 2007343977 204311 94071 501
0b001f01 0b001e01 10002 100 1192581 2007176139 373087 104147 490
0b001501 0b001b01 10000 100 900807 2007127682 433435 83844 487
0b001701 0b001f01 10001 100 68212 2007437319 172383 14041 512
0b001201 0b001c01 10001 100 58097 2007618529 17038 13194 521
0b001301 0b001d01 10000 100 66828 2007632731 14911 13923 523
0b001701 0b001f01 10000 100 1544583 2006570289 1083886 137819 448
0b001e01 0b001301 10000 100 83338 2007652837 16362 15309 525
0b000801 0b000601 10002 100 11155 2007734993 9961 9258 530
0b001301 0b001401 10000 100 66583 2007756692 15600 13903 532
0b000301 0b000e01 10000 100 4554891 2006543583 1249102 390202 446
0b000b01 0b000f01 10000 100 7160441 2006348341 1470380 608653 431
0b001b01 0b001d01 10000 100 1908340 2007704111 189816 168317 529
0b001d01 0b001a01 10001 100 1817537 2007661339 245773 160704 526
0b001b01 0b001a01 10000 100 56901 2007919525 8814 8930 543
0b001401 0b001101 10000 100 1628863 2007579007 353717 144884 517
0b001301 0b001001 10000 100 2101 2008006310 4268 4339 552
0b001301 0b001c01 10000 100 4229 2007675320 356000 8677 527
0b001b01 0b001601 10000 100 1278908 2007942667 126975 115544 546
0b000901 0b000a01 10000 100 20816 2007925896 157254 5905 545
0b001b01 0b001e01 10000 100 60354 2007770450 314087 13382 533
0b001801 0b001f01 10001 100 23356 2008093692 13787 10280 556
0b001901 0b001b01 10000 100 21302 2008161873 5877 5948 559
0b001d01 0b001501 10001 100 3815430 2007381409 808265 328207 505
0b001f01 0b001e01 10000 100 8441240 2005516297 2713793 711876 377
0b001b01 0b001301 10000 100 3843 2008225624 8597 8642 562
0b001001 0b001801 10000 100 1787 2008227735 8509 8470 563
0b000701 0b000c01 10000 100 2544 2008258850 8640 8535 566
0b000c01 0b000301 10001 100 7418 2008278853 9446 8944 567
0b000001 0b000301 10001 100 918043 2008194907 132189 81132 561
0b001e01 0b001601 10000 100 20584 2008324721 16838 10047 569
0b001601 0b001f01 10002 100 1423207 2007958766 436203 127644 547
0b000b01 0b000301 10002 100 16147 2008543759 11123 9677 583
0b001d01 0b001a01 10002 100 14796 2008519774 77473 9561 579
0b001401 0b001301 10000 100 83589 2008588342 15367 15329 589
0b000b01 0b000601 10002 100 7912676 2007909134 696121 671720 541
0b000201 0b000901 10000 100 28062 2008576391 43701 10676 586
0b000901 0b000101 10001 100 3271665 2008334468 361675 282617 571
0b000901 0b000a01 10001 100 4888 2008644165 89798 4570 594
0b000f01 0b000701 10000 100 748400 2008667394 78692 71068 596
0b000301 0b000801 10001 100 66719 2008730904 15215 13914 602
0b001201 0b001601 10000 100 2098 2008854431 8733 8499 609
0b000e01 0b000101 10000 100 3085 2008866826 8528 8582 610
0b001201 0b001901 10000 100 8379841 2006745045 2151134 710886 461
0b000401 0b000d01 10000 100 36595 2008892064 17744 11389 611
0b000b01 0b000801 10001 100 47050 2008983726 8452 8108 620
0b000e01 0b000601 10000 100 123684 2009028953 23536 18690 622
0b000701 0b000501 10000 100 78076 2009049484 10574 10709 624
0b000801 0b000b01 10000 100 38558 2009081811 13955 7394 626
0b001701 0b001801 10001 100 1430069 2008969098 162676 128220 617
0b001d01 0b001701 10002 100 8565723 2006627019 2545979 726471 453
0b001c01 0b001101 10000 100 45736 2009214018 19552 12155 632
0b000501 0b000001 10000 100 9874 2009230023 9202 9148 634
0b000f01 0b000a01 10001 100 1975 2009233075 8448 8485 635
0b000701 0b000a01 10000 100 23378 2009209741 80985 10282 631
0b001201 0b001101 10000 100 6229 2009305689 5414 4685 638
0b001e01 0b001901 10000 100 30884 2009040520 273674 10909 623
0b001901 0b001301 10001 100 118161 2009369282 22068 18229 643
0b000e01 0b000d01 10001 100 21501 2009388437 7421 5964 644
0b000a01 0b000d01 10002 100 6018 2009301655 135300 8828 637
0b001101 0b001a01 10000 100 173 2009451675 8200 8337 649
0b001f01 0b001001 10000 100 582494 2009311226 155169 57158 639
0b000401 0b000c01 10001 100 25220190 2003917096 5643882 2122783 270
0b001301 0b001a01 10000 100 21018 2009590739 11367 10085 658
0b001201 0b001601 10001 100 40983 2009569469 75551 11756 657
0b000f01 0b000401 10000 100 1701206 2009403899 249340 150952 646
0b001501 0b001d01 10000 100 8068713 2008591764 1083623 684802 590
0b000801 0b000201 10000 100 66294 2009669489 14437 13880 662
0b000d01 0b000001 10000 100 3035442 2009469184 276911 262813 651
0b000b01 0b000d01 10001 100 1510998 2009176506 616769 135002 630
0b001101 0b001f01 10001 100 44663 2009824662 17305 12065 670
0b001f01 0b001401 10002 100 9309822 2007386936 2536846 788856 508
0b001e01 0b001a01 10001 100 71146 2009935307 15969 14288 677
0b001801 0b001d01 10001 100 7260931 2006205179 3752211 617076 424
0b000701 0b000001 10000 100 114270 2009948000 18360 17903 678
0b000a01 0b000701 10000 100 1939982 2009796646 180502 170968 668
0b001901 0b001801 10001 100 13605 2010007958 5320 5302 684
0b000b01 0b000701 10001 100 664040 2009984041 66123 63996 683
0b001301 0b001901 10000 100 42525 2010078694 11916 11887 691
0b000601 0b000f01 10000 100 64418 2010092424 25179 13723 692
0b001a01 0b001d01 10001 100 1246730 2009885330 247471 112846 675
0b000f01 0b000b01 10000 100 22151 2009958048 235165 10180 679
0b000f01 0b000c01 10001 100 2501327 2009298203 908877 213873 636
0b000001 0b000101 10001 100 994521 2010093439 128163 87542 693
0b001b01 0b001601 10001 100 509712 2010217672 52055 51055 701
0b001801 0b001401 10001 100 28209 2010274229 13131 10688 708
0b001b01 0b001301 10001 100 846118 2010286781 79287 79261 709
0b001a01 0b001b01 10000 100 48483 2010390698 9489 8226 712
0b001501 0b001001 10001 100 42950 2010400933 13683 11921 713
0b001601 0b001f01 10001 100 28658987 2003099517 7333204 2411089 212
0b000701 0b000901 10002 100 1607355 2010261143 191823 143083 705
0b001f01 0b001501 10001 100 1555044 2010044563 424023 138698 687
0b000e01 0b000d01 10002 100 703278 2010165304 307650 63125 698
0b000b01 0b000601 10003 100 11444 2010469017 11181 9281 719
0b000101 0b000201 10000 100 13028 2010493805 5200 5256 721
0b001901 0b001701 10000 100 229374 2010495327 64748 27553 722
0b001601 0b001c01 10001 100 67960 2010535330 31671 14017 723
0b001701 0b001501 10001 100 8946 2010617943 6430 4910 730
0b000e01 0b000b01 10000 100 54814 2010566652 79503 12916 725
0b001601 0b001a01 10000 100 696511 2010467055 179373 66717 718
0b000c01 0b000101 10001 100 23923 2010637376 14072 10326 732
0b001901 0b001c01 10001 100 159528 2010675509 25639 21696 736
0b000601 0b000301 10000 100 38209 2010687023 14344 11526 739
0b000b01 0b000f01 10001 100 2277449 2010230607 477040 199263 703
0b001a01 0b001f01 10000 100 72783 2010676416 32700 14422 737
0b001f01 0b001b01 10000 100 40828 2010699182 12821 11743 740
0b000601 0b000a01 10001 100 5785 2010702258 31297 8805 741
0b001b01 0b001a01 10001 100 1187 2010776003 4216 4262 747
0b001001 0b001201 10001 100 2105302 2010617882 254436 180671 729
0b000601 0b000701 10000 100 59278 2010878514 9042 9132 760
0b000401 0b000a01 10000 100 48226 2010815528 97327 12366 751
0b000501 0b000401 10002 100 3189537 2010657027 269807 271572 735
0b000a01 0b000f01 10000 100 109162 2010921004 20813 17475 763
0b001201 0b001a01 10001 100 1871 2010982496 9044 8477 772
0b001c01 0b001f01 10001 100 41216 2010998122 12012 7618 777
0b000601 0b000c01 10000 100 72282 2011003620 16117 14382 778
0b000d01 0b000f01 10000 100 2716565 2010363099 658802 231918 711
0b000401 0b000301 10000 100 10394 2011068433 10822 9193 785
0b000a01 0b000001 10000 100 66613 2011065160 17040 13906 784
0b000c01 0b000e01 10000 100 470301 2010933161 152846 43592 767
0b000001 0b000b01 10000 100 20148682 2007382436 3746739 1697586 506
0b001001 0b001701 10001 100 5850218 2007637971 3497331 498805 524
0b001601 0b001701 10001 100 7359220 2008837655 2401414 621160 607
0b001501 0b001201 10000 100 80107 2011227971 47220 15039 793
0b001f01 0b001401 10003 100 74298 2011211589 81588 14551 790
0b001801 0b001001 10000 100 1518040 2011040845 259406 135596 779
0b000501 0b000b01 10001 100 12836 2011313416 9734 9396 797
0b001301 0b001a01 10001 100 1347859 2011178463 234631 121325 789
0b000201 0b000901 10001 100 13764 2011427757 9510 9474 802
0b001401 0b001201 10003 100 1048789 2011290897 152691 96251 796
0b001601 0b001101 10002 100 138062 2011464055 36018 19898 805
0b001101 0b001c01 10000 100 1929853 2010996868 513184 170119 776
0b001301 0b001901 10001 100 34044 2011499742 15661 11177 810
0b001301 0b001101 10000 100 42922 2011505548 17865 7758 812
0b001d01 0b001101 10001 100 689 2011577320 39646 8378 816
0b000d01 0b000701 10000 100 987241 2010973066 646785 91093 771
0b001201 0b001a01 10000 100 11879136 2008728103 2894600 1004270 600
0b001301 0b001e01 10002 100 6108 2011686592 9551 8835 822
0b000f01 0b000001 10002 100 6184 2011630201 75113 8841 821
0b001801 0b001601 10000 100 1697 2011759480 27156 8463 826
0b001501 0b001701 10000 100 146917 2011797719 27392 16477 828
0b000d01 0b000801 10000 100 8832 2011533500 308006 9061 814
0b001901 0b001c01 10002 100 1468458 2011617042 228846 131437 819
0b000d01 0b000b01 10000 100 2298779 2010923333 937098 201050 764
0b001f01 0b001501 10002 100 141839 2011871061 91428 20212 832
0b001301 0b001f01 10000 100 61760 2011502649 477341 13498 811
0b001701 0b001401 10000 100 1767359 2011218148 768802 152337 791
0b000801 0b000c01 10000 100 4688758 2008974156 3050692 401426 618
0b000701 0b000b01 10001 100 1194889 2011907435 119089 108499 837
0b000901 0b000e01 10000 100 8628807 2010013347 2015347 731759 686
0b001101 0b001001 10001 100 2113258 2011812250 222566 181338 829
0b001801 0b001101 10000 100 60169 2012059062 17461 13367 843
0b001501 0b001101 10000 100 37337 2012191833 15414 11452 848
0b000401 0b000201 10000 100 4014058 2010992417 1240939 344862 774
0b000c01 0b000701 10001 100 3090441 2011735502 558808 267424 825
0b001f01 0b001101 10002 100 4211932 2011498249 819178 361448 808
0b001401 0b001601 10001 100 67165 2012325033 12097 9794 856
0b000701 0b000901 10003 100 154160 2012353973 28170 21248 860
0b001d01 0b001e01 10000 100 14006 2012382232 6529 5338 864
0b000001 0b000901 10001 100 1894705 2011468518 925553 167173 806
0b001d01 0b001201 10001 100 20556 2012422971 10848 10045 867
0b001501 0b001a01 10000 100 1383889 2012183918 263454 124345 847
0b000501 0b000d01 10000 100 1466010 2012202733 257461 131234 849
0b001701 0b001201 10000 100 5135715 2010645589 1836255 438899 733
0b001301 0b001e01 10003 100 24051 2012464125 22435 10340 873
0b000201 0b000f01 10000 100 163940 2012467390 22657 22064 875
0b000c01 0b000201 10000 100 76709 2012353384 136716 14752 859
0b001601 0b001b01 10000 100 2402465 2012219610 272691 209744 851
0b001f01 0b001b01 10001 100 34370 2012489094 13151 11204 877
0b001f01 0b001e01 10003 100 7079 2012510392 5071 4757 878
0b001801 0b001601 10001 100 248150 2012462102 59315 29128 872
0b001901 0b001f01 10001 100 63727 2012589611 15316 13663 888
0b000c01 0b000601 10000 100 218845 2012574680 44518 26668 885
0b001a01 0b001501 10000 100 9176929 2009616965 3004701 777714 660
0b001d01 0b001101 10003 100 78462 2012600280 35223 14900 890
0b000501 0b000201 10000 100 47888 2012690156 12805 12335 896
0b000101 0b000801 10000 100 28908 2012691702 15819 10744 897
0b000301 0b000001 10001 100 5096 2012707525 4587 4590 899
0b001201 0b001401 10000 100 7398214 2009359401 3390206 628589 642
0b000601 0b000801 10000 100 30591 2012734832 20753 10886 901
0b001d01 0b001101 10002 100 1980483 2012436601 325857 174365 870
0b000201 0b000f01 10002 100 3900 2012789823 28811 8647 902
0b000d01 0b000401 10000 100 11398 2012709201 117655 9277 900
0b001601 0b001501 10001 100 4040 2012848136 4546 4502 910
0b001e01 0b001601 10001 100 5476959 2011064980 1800990 467508 783
0b001d01 0b001e01 10001 100 70486 2012803966 62830 10071 904
0b001c01 0b001e01 10000 100 33561 2012836651 54784 6975 908
0b000501 0b000b01 10002 100 4724026 2011408224 1524920 404386 801
0b001101 0b001701 10002 100 72857 2012822578 291806 14428 907
0b001d01 0b001701 10001 100 25527766 2005999574 7138002 2148568 415
0b000801 0b000501 10001 100 18090 2013172765 10488 9840 926
0b000301 0b000801 10002 100 7914 2013156878 31037 8983 924
0b000d01 0b000201 10000 100 1138190 2013041872 146574 103748 915
0b000801 0b000001 10000 100 177211 2013127106 69379 23180 921
0b000701 0b000e01 10001 100 33409 2013194536 11149 11123 927
0b000f01 0b000a01 10003 100 8167 2013152717 54063 9007 923
0b000001 0b000801 10001 100 8138 2013252984 64756 9005 931
0b000f01 0b000a01 10002 100 6211377 2012341785 1011250 529084 858
0b000101 0b000a01 10002 100 906306 2013131265 230795 84307 922
0b000201 0b000c01 10000 100 76278 2013353973 15403 14717 941
0b000001 0b000301 10002 100 124413 2013404056 35531 14593 943
0b000001 0b000201 10001 100 1118659 2013267001 205918 97949 933
0b000201 0b000501 10000 100 3161 2013485188 8595 8588 949
0b000001 0b000401 10000 100 3703351 2013066414 472467 318811 917
0b001901 0b001c01 10003 100 106497 2013547191 22833 17250 953
0b000701 0b000001 10001 100 77752 2013641824 21147 14839 961
0b001a01 0b001301 10000 100 605563 2013288788 401980 59092 935
0b001701 0b001501 10002 100 6562 2013685594 5212 4711 964
0b001d01 0b001901 10000 100 136417 2013673582 21107 19759 963
0b000701 0b000901 10004 100 1455292 2013575353 143293 130334 955
0b000001 0b000701 10001 100 118153 2013697593 23117 18229 966
0b000f01 0b000801 10001 100 15168194 2008405162 5329096 1280024 574
0b000f01 0b000201 10001 100 19565 2013728588 10050 9962 968
0b001901 0b001e01 10001 100 6501 2013765520 9456 8866 971
0b001101 0b001c01 10001 100 2882043 2013321837 492148 249954 940
0b000401 0b000301 10001 100 8475 2013814099 9041 9032 975
0b000f01 0b000401 10001 100 57451 2013819538 13309 13138 976
0b000201 0b000a01 10001 100 81067 2013819611 24487 15120 977
0b001b01 0b001201 10000 100 6023 2013493893 357209 8828 950
0b001b01 0b001501 10000 100 73814 2013971038 19200 14509 989
0b000201 0b000b01 10000 100 570665 2013865835 125197 56165 979
0b001001 0b001d01 10001 100 1174270 2013786773 217692 106773 973
0b001e01 0b001501 10000 100 193544 2014007680 37994 24548 991
0b001c01 0b001d01 10001 100 1252476 2013956878 171123 109169 987
0b000101 0b000d01 10002 100 674 2014097639 58869 8377 998
0b001701 0b001301 10000 100 25214 2013753857 424430 10436 970
0b001a01 0b001b01 10001 100 70006 2014174466 51683 10033 1003
0b001501 0b001601 10000 100 435141 2014188899 53711 40645 1004
0b001001 0b001801 10001 100 12654871 2010313823 3968784 1069304 710
0b000201 0b000601 10000 100 5144 2014298472 9326 8754 1009
0b000b01 0b000601 10004 100 1668 2014329646 8725 8461 1013
0b001c01 0b001801 10000 100 4234733 2013314228 1032472 363361 939
0b000b01 0b000301 10003 100 938856 2014235895 126880 87034 1008
0b000301 0b000801 10003 100 1605 2014405317 8747 8456 1019
0b001101 0b001c01 10002 100 9285 2014495923 10401 9101 1026
0b000101 0b000c01 10000 100 64952 2014531201 21222 13765 1030
0b000a01 0b000101 10001 100 46817 2014540871 13893 12245 1031
0b000c01 0b000301 10002 100 3807526 2013950925 606665 327544 984
0b001301 0b001401 10001 100 35720 2014470197 91341 11315 1024
0b001f01 0b001801 10001 100 2730074 2013955605 612541 237212 986
0b001f01 0b001901 10001 100 237 2014554416 13817 8342 1032
0b001501 0b001f01 10001 100 5142327 2013440117 1130127 439455 947
0b001c01 0b001001 10000 100 1917832 2013520767 1068884 169111 951
0b000601 0b000101 10002 100 2842870 2014095299 626209 246666 997
0b001601 0b001101 10001 100 9066574 2011075694 3649293 768463 786
0b001a01 0b001e01 10001 100 6683913 2011884306 2874696 568699 833
0b001301 0b001101 10001 100 50970 2014485912 274394 8433 1025
0b000001 0b000501 10000 100 55632 2014660765 113327 12985 1040
0b001b01 0b001f01 10000 100 26018 2014695500 90665 10505 1044
0b001501 0b001701 10001 100 20561 2014799888 6612 5885 1050
0b001f01 0b001001 10001 100 2958859 2013293781 1526958 256391 936
0b001401 0b001b01 10002 100 6617 2014818186 9898 8876 1055
0b000101 0b000301 10000 100 942508 2014758070 96280 83181 1048
0b001f01 0b001601 10000 100 1551751 2014305137 565875 138419 1010
0b001a01 0b001501 10001 100 8351065 2010568757 4311315 708476 726
0b000c01 0b000501 10001 100 3274 2014893142 31433 8597 1057
0b000f01 0b000b01 10001 100 47537 2014934364 16226 12307 1063
0b000e01 0b000501 10000 100 28184 2014941879 11233 10686 1064
0b001a01 0b001801 10001 100 76768 2014912976 43934 10597 1060
0b001501 0b001a01 10001 100 1207 2014956782 8659 8424 1066
0b000a01 0b000f01 10001 100 34017 2014968817 11322 11175 1068
0b000301 0b000501 10001 100 846751 2014663619 337408 79312 1042
0b001e01 0b001c01 10000 100 20931 2015004797 8865 5915 1071
0b001401 0b001201 10004 100 3922775 2014530666 498049 337206 1029
0b000c01 0b000401 10000 100 40469 2015022716 12094 11714 1073
0b001501 0b001d01 10001 100 53198 2015029639 48346 12783 1074
0b001b01 0b001801 10001 100 2693 2015137209 4397 4386 1083
0b000801 0b000701 10000 100 27285 2015135005 17232 10610 1082
0b001701 0b001401 10001 100 125639 2015134589 25959 14694 1081
0b001d01 0b001901 10001 100 288112 2015142125 65912 32478 1084
0b001701 0b001a01 10002 100 761864 2015107246 113940 72195 1080
0b000101 0b000201 10001 100 26356 2015250511 6433 6372 1087
0b000901 0b000801 10000 100 25592 2015259587 6266 6307 1089
0b001a01 0b001901 10001 100 6846781 2011777015 3508863 578194 827
0b000d01 0b000401 10001 100 41265 2015291366 12251 11782 1091
0b000101 0b000801 10001 100 191013 2015308548 28322 24338 1095
0b001b01 0b001201 10001 100 79100 2015367860 44285 14955 1099
0b000601 0b000501 10000 100 4695 2015425388 4520 4554 1104
0b000b01 0b000701 10002 100 27781 2015442423 10846 10650 1106
0b001c01 0b001601 10001 100 32147 2015448720 13399 11018 1108
0b000401 0b000a01 10001 100 1043140 2015220429 267652 95780 1085
0b000201 0b000901 10002 100 42091 2015504183 16932 11852 1113
0b000901 0b000c01 10000 100 36799 2015541627 20578 11406 1116
0b001501 0b001401 10002 100 27633 2015561330 7031 6478 1122
0b000201 0b000f01 10001 100 9461487 2012626916 2944265 801573 891
0b000b01 0b000501 10000 100 2408 2015585862 8672 8524 1125
0b001401 0b001701 10001 100 74905 2015444173 171458 10440 1107
0b001601 0b001b01 10001 100 21923 2015624083 10179 10158 1127
0b000201 0b000c01 10001 100 833944 2015568376 141791 78238 1123
0b001101 0b001401 10001 100 6525 2015387485 344635 8868 1101
0b001801 0b001701 10001 100 1552852 2015042504 689911 138511 1075
0b000401 0b000b01 10001 100 27662 2015730247 12775 10640 1135
0b000a01 0b000901 10001 100 38666 2015737908 7473 7403 1137
0b000101 0b000701 10000 100 260501 2015726476 52560 30162 1132
0b000401 0b000501 10000 100 19863 2015822856 6905 5825 1140
0b000201 0b000a01 10000 100 8173606 2013559341 2274364 693596 954
0b001d01 0b001101 10005 100 14400 2015782686 56800 9529 1139
0b000e01 0b000901 10001 100 22065 2015832919 10681 10173 1141
0b001a01 0b001601 10001 100 7346 2015962346 17449 8938 1149
0b001c01 0b001701 10000 100 8413475 2010610085 5387837 713707 728
0b000e01 0b000401 10000 100 74671 2015980324 20257 14581 1150
0b001d01 0b001801 10000 100 1243161 2015542605 476953 112549 1117
0b001a01 0b001e01 10000 100 9692133 2010429182 5633400 820911 716
0b001f01 0b001401 10004 100 36377 2016012992 54032 11372 1152
0b001601 0b001301 10000 100 8286 2015506200 601063 9017 1114
0b001101 0b001701 10001 100 9561296 2011451105 4715450 809941 804
0b001001 0b001401 10000 100 2129047 2015999578 191072 186822 1151
0b001e01 0b001f01 10000 100 32571 2016212222 10543 6892 1170
0b001e01 0b001501 10001 100 37089 2016222904 13103 11433 1173
0b001e01 0b001701 10002 100 9451639 2012465322 3778187 800746 874
0b001801 0b001501 10001 100 11711 2016217693 26009 9302 1172
0b000501 0b000901 10002 100 9962 2016236317 9730 9155 1176
0b001f01 0b001d01 10001 100 1109074 2016168271 100571 97148 1166
0b001201 0b001701 10000 100 15305 2016275140 10583 9605 1178
0b000701 0b000f01 10001 100 6613 2016302378 10046 8875 1181
0b001201 0b001501 10000 100 18100883 2009852577 6523273 1525898 672
0b000301 0b000101 10001 100 50011 2016410769 9656 8356 1191
0b000c01 0b000401 10001 100 44227 2016412809 19484 12030 1192
0b001301 0b001601 10001 100 325636 2016387648 56569 35622 1187
0b001c01 0b001301 10001 100 77271 2016462176 21144 14801 1193
0b000201 0b000d01 10001 100 151325 2016466461 22053 21009 1194
0b000101 0b000301 10001 100 9810 2016506559 4918 4983 1196
0b000b01 0b000101 10001 100 632807 2016365872 165963 61375 1185
0b001401 0b001e01 10001 100 32138 2016545096 15323 11017 1198
0b001b01 0b001201 10002 100 6930 2016609172 9275 8901 1207
0b001901 0b001501 10000 100 74563 2016624176 18584 14573 1210
0b000c01 0b000001 10000 100 1380802 2016347907 299011 124087 1183
0b001a01 0b001601 10002 100 70294 2016599396 87044 14216 1204
0b001401 0b001101 10001 100 23449679 2011053745 5722487 1974342 780
0b001301 0b001101 10002 100 1479064 2016398468 383707 128168 1189
0b001d01 0b001101 10004 100 3249831 2015560663 1230107 280786 1121
0b001f01 0b001401 10005 100 2934 2016811312 8610 8566 1224
0b001501 0b001001 10002 100 62776 2016838760 14970 13584 1225
0b001d01 0b001301 10001 100 49906 2016890061 15835 12504 1230
0b000e01 0b000d01 10003 100 38756 2016908975 7506 7410 1231
0b001e01 0b001501 10002 100 933947 2016734408 255079 86622 1218
0b000401 0b000301 10002 100 22489 2016993060 11107 10207 1237
0b001201 0b001c01 10002 100 31894 2017022733 11449 10994 1240
0b001f01 0b001e01 10004 100 22701 2017068220 7348 6064 1242
0b001001 0b001901 10000 100 48217 2017098948 14661 12365 1245
0b000001 0b000a01 10001 100 3255 2017080897 33766 8595 1243
0b001d01 0b001101 10006 100 820047 2016961128 177060 77076 1236
0b001801 0b001f01 10002 100 77473 2017138990 18876 14817 1246
0b000701 0b000801 10000 100 36209 2017186521 18277 11358 1250
0b001701 0b001801 10002 100 21470 2017298869 17522 10122 1258
0b000601 0b000801 10001 100 456 2017349568 8197 8360 1265
0b001901 0b001001 10001 100 3798078 2016271879 1126571 326754 1177
0b000b01 0b000901 10001 100 4113 2017399847 4681 4508 1266
0b000d01 0b000001 10001 100 5275 2017420807 9982 8765 1269
0b000d01 0b000401 10002 100 246154 2017300212 142927 28960 1259
0b001a01 0b001f01 10001 100 8936051 2015401026 2069473 757522 1102
0b000701 0b000601 10001 100 549231 2017292555 256148 50210 1256
0b001201 0b001501 10001 100 21946 2017541947 10327 10160 1277
0b000e01 0b000a01 10000 100 47551 2017560047 12668 12308 1278
0b000f01 0b000c01 10002 100 12428 2017590531 5553 5204 1282
0b000701 0b000901 10005 100 9021 2017595281 10331 9080 1284
0b001901 0b001201 10001 100 71887 2017603095 22494 14347 1286
0b000901 0b000c01 10001 100 46090 2017601229 27243 12187 1285
0b000001 0b000401 10001 100 3866139 2016754107 878104 332460 1220
0b001f01 0b001101 10003 100 3622 2017711543 8615 8625 1293
0b000901 0b000f01 10000 100 356011 2017575804 145765 38171 1280
0b000101 0b000001 10000 100 5285699 2016579246 1153134 447314 1201
0b001601 0b001101 10003 100 9825 2017762508 9328 9144 1297
0b000001 0b000501 10001 100 3680528 2016291204 1530400 316897 1179
0b000d01 0b000001 10002 100 86377 2017851673 59966 15564 1301
0b000001 0b000101 10002 100 3656382 2017477840 452657 310713 1271
0b000f01 0b000501 10000 100 182351 2017910887 39567 23610 1305
0b000001 0b000201 10002 100 74095 2017946430 10602 10375 1308
0b000001 0b000601 10001 100 3082286 2016601571 1378530 266741 1205
0b000701 0b000601 10000 100 21867184 2013856770 4130300 1837507 978
0b001801 0b001301 10000 100 3434175 2017539855 450400 296244 1276
0b000901 0b000601 10000 100 12387 2017872092 122684 9360 1302
0b000201 0b000301 10000 100 8717 2017991180 5858 4891 1310
0b001f01 0b001001 10002 100 123889 2018043676 23824 18707 1313
0b000901 0b000001 10001 100 65601 2018051391 42996 13821 1314
0b001301 0b001f01 10001 100 19914 2018081651 14067 9989 1318
0b000b01 0b000d01 10002 100 3706 2018109420 8926 8631 1323
0b000b01 0b000701 10003 100 75264 2018121059 19709 14632 1324
0b001401 0b001a01 10000 100 4711 2018136876 8881 8716 1326
0b001101 0b001d01 10001 100 168758 2018082173 64966 22469 1319
0b000c01 0b000901 10000 100 187900 2018088162 66248 24073 1321
0b001301 0b001801 10001 100 29538 2018186190 13004 10798 1332
0b001d01 0b001301 10002 100 497413 2018144771 73836 50025 1328
0b000201 0b000f01 10003 100 2776098 2017292239 959337 241071 1255
0b000a01 0b000d01 10003 100 1535781 2018054824 203105 137080 1315
0b001801 0b001601 10002 100 23370208 2012908728 5375732 1967681 912
0b000401 0b000101 10000 100 854510 2017849929 438074 79964 1300
0b001601 0b001d01 10000 100 3074 2018282404 21630 8581 1336
0b001a01 0b001601 10003 100 43592 2018333039 13170 11976 1339
0b000601 0b000f01 10001 100 10769 2018338029 9590 9223 1341
0b000a01 0b000201 10001 100 47431 2018341021 12481 12298 1342
0b000101 0b000f01 10002 100 38292 2018384531 13483 11533 1346
0b000201 0b000001 10000 100 7736632 2016058915 2356893 652800 1156
0b001701 0b001601 10001 100 22034 2018464648 6093 6011 1353
0b000c01 0b000401 10002 100 3678418 2017585008 923443 316720 1281
0b000801 0b000301 10000 100 6015 2018522386 9111 8828 1356
0b000701 0b000101 10001 100 139471 2018538720 30319 20015 1358
0b001501 0b001401 10003 100 10308 2018643885 4949 5026 1366
0b001501 0b001c01 10000 100 1813298 2018010605 678256 160349 1311
0b001d01 0b001101 10007 100 2968379 2018333464 369776 257191 1340
0b001f01 0b001001 10003 100 16819 2018725040 9996 9730 1369
0b000e01 0b000601 10001 100 54207 2018733704 17041 12867 1370
0b001e01 0b001701 10003 100 9488508 2014203800 4572997 803838 1005
0b000001 0b000301 10003 100 6572 2018796495 4706 4712 1377
0b001a01 0b001101 10000 100 3237492 2017759465 1047419 279753 1296
0b000f01 0b000601 10000 100 21325 2018745533 68163 10110 1371
0b000c01 0b000501 10002 100 93585 2018630225 184275 16167 1365
0b001c01 0b001101 10001 100 163204 2018793157 27053 22006 1376
0b001901 0b001e01 10002 100 15707 2018818836 11653 9638 1379
0b001101 0b001e01 10001 100 27884510 2012662407 6178482 2346159 895
0b001501 0b001701 10002 100 20702 2018864516 6483 5896 1381
0b000901 0b000c01 10002 100 3042279 2018386530 505266 263387 1347
0b000301 0b000c01 10000 100 67459 2018865485 30619 13977 1382
0b000801 0b000101 10000 100 62707 2018907980 14097 13578 1384
0b001401 0b001201 10005 100 61844 2018956139 27274 13505 1388
0b000301 0b000501 10003 100 60049 2018970815 20193 13358 1389
0b000a01 0b000601 10000 100 16106 2019014977 15058 9673 1396
0b000301 0b000501 10002 100 7992013 2017297018 1740208 678374 1257
0b000f01 0b000401 10002 100 36296 2019023434 14158 11365 1397
0b000101 0b000601 10000 100 154879 2019010237 29433 21305 1395
0b001c01 0b001d01 10002 100 69633 2019184670 13018 9999 1406
0b000501 0b000401 10003 100 6535658 2018329087 992561 552110 1338
0b000a01 0b000601 10001 100 22607 2019336936 12037 10216 1416
0b000001 0b000e01 10001 100 3659 2019417915 8610 8628 1425
0b001e01 0b001201 10000 100 8959168 2017661845 1773498 759459 1290
0b001d01 0b001501 10002 100 8818 2019428345 9178 9060 1426
0b000701 0b000a01 10001 100 6337854 2015558028 3892144 539686 1119
0b001201 0b001b01 10001 100 5335 2018977030 490650 8769 1391
0b001d01 0b001401 10000 100 33023 2019481536 11162 11092 1429
0b000401 0b000801 10001 100 16447442 2015895838 3658688 1387275 1146
0b000801 0b000e01 10001 100 24977 2019557133 10431 10414 1433
0b000601 0b000a01 10002 100 1233610 2019373601 211863 111747 1420
0b000b01 0b000801 10002 100 20546 2019588869 7618 5884 1436
0b000d01 0b000b01 10001 100 66101 2019581298 16915 13865 1435
0b000101 0b000201 10002 100 3586239 2019330119 301751 304833 1415
0b001301 0b001501 10000 100 192 2019212270 421988 8339 1408
0b001801 0b001701 10002 100 2318023 2019388595 282770 202666 1423
0b000b01 0b000a01 10001 100 13974 2019687046 8792 5331 1441
0b001001 0b001c01 10000 100 40105 2019686944 20021 11685 1440
0b000b01 0b000601 10005 100 13693074 2016075546 3674568 1156350 1158
0b001f01 0b001c01 10000 100 1183575 2019652798 111234 103392 1439
0b000e01 0b000001 10000 100 3470144 2018376761 1404746 299260 1345
0b001501 0b001f01 10002 100 9394 2019793482 9462 9109 1446
0b000b01 0b000501 10001 100 198599 2019838582 42710 24972 1450
0b000001 0b000801 10002 100 24950 2019917008 10340 10412 1456
0b001c01 0b001a01 10001 100 612338 2019836728 107128 59660 1449
0b000f01 0b000801 10002 100 18653 2019958363 9819 9885 1457
0b000a01 0b000501 10001 100 4379407 2018450436 1522269 375491 1352
0b001901 0b001401 10000 100 953414 2019891209 136378 88256 1452
0b001f01 0b001901 10002 100 62420 2020011580 16025 13555 1461
0b000c01 0b000101 10002 100 57629 2020019060 13094 13153 1462
0b000401 0b000301 10003 100 25408 2020054683 20431 10452 1465
0b001f01 0b001c01 10001 100 25133 2020111680 6263 6270 1469
0b001701 0b001e01 10000 100 1705232 2019816963 332211 151289 1447
0b001301 0b001501 10001 100 1773600 2019848166 344400 157020 1451
0b000301 0b000601 10000 100 469080 2020161362 47202 47651 1473
0b000901 0b000c01 10003 100 1797357 2020062003 190748 159012 1467
0b001501 0b001101 10001 100 414407 2020249102 72437 43066 1476
0b000201 0b000b01 10001 100 28295 2020312753 10902 10694 1480
0b001801 0b001501 10002 100 5745 2020335885 9021 8802 1482
0b000c01 0b000e01 10001 100 689522 2020283345 61971 61971 1477
0b000601 0b000f01 10002 100 41859 2020340953 12570 11830 1484
0b001201 0b001901 10001 100 927958 2020337993 88390 86120 1483
0b000d01 0b000f01 10001 100 185215 2020475819 19467 19691 1491
0b001f01 0b001301 10000 100 596242 2020435958 63404 58311 1488
0b000f01 0b000e01 10000 100 5143 2020500364 4521 4594 1492
0b001b01 0b001601 10002 100 111554 2020438163 79638 17674 1489
0b000e01 0b000501 10001 100 55781 2020542235 13037 12997 1494
0b001201 0b001a01 10002 100 967312 2020473894 94647 89422 1490
0b001a01 0b001701 10000 100 15842 2020311313 453421 9648 1479
0b001b01 0b001a01 10002 100 37127 2020774911 7424 7276 1506
0b001a01 0b001101 10001 100 30587 2020786461 11581 10886 1507
0b000301 0b000501 10004 100 69256 2020817695 20923 14129 1510
0b001c01 0b001901 10000 100 1041542 2020660839 181100 95644 1500
0b001b01 0b001401 10000 100 444099 2020284891 568938 45556 1478
0b000001 0b000201 10003 100 4210 2020849500 4443 4516 1513
0b001d01 0b001f01 10000 100 67936 2020896229 41891 9856 1520
0b000601 0b000e01 10000 100 464708 2020863465 85297 47282 1517
0b000801 0b000a01 10000 100 384806 2020926704 107123 36422 1523
0b001601 0b001401 10001 100 37773 2021061898 23316 7327 1528
0b001801 0b001901 10000 100 16312 2021130810 5479 5530 1533
0b001201 0b001c01 10003 100 6727 2021153486 9284 8885 1534
0b000501 0b000201 10001 100 3530 2021045729 124315 8617 1526
0b000101 0b000901 10000 100 50364 2021241277 20605 12544 1537
0b001101 0b001701 10003 100 7338818 2020152905 1112619 623607 1472
0b000201 0b000801 10000 100 70741 2021313648 19942 14251 1540
0b001101 0b001d01 10002 100 8314 2021354822 12745 9019 1542
0b001701 0b001c01 10003 100 824463 2021233574 145808 77445 1536
0b000b01 0b000c01 10001 100 8931 2021408067 12624 9069 1548
0b000801 0b000501 10002 100 46907 2021441182 13361 12253 1550
0b001901 0b001a01 10000 100 651778 2021374921 99126 58805 1543
0b001b01 0b001401 10001 100 1625663 2021389071 145173 144616 1545
0b000c01 0b000401 10003 100 68911 2021537926 33250 14097 1560
0b001701 0b001f01 10002 100 33709 2021397546 238498 11147 1546
0b001f01 0b001901 10003 100 20198 2021630067 10610 10016 1566
0b000401 0b000a01 10002 100 5207611 2019060001 2615994 444927 1400
0b000e01 0b000f01 10000 100 3112885 2020744898 960936 265144 1505
0b000401 0b000501 10001 100 3023203 2020799138 922265 257628 1508
0b000701 0b000e01 10002 100 69695 2021735429 16862 14164 1572
0b000401 0b000c01 10002 100 19558544 2015258874 6500120 1648110 1088
0b000f01 0b000501 10001 100 64094 2021780590 14279 13697 1574
0b001401 0b001c01 10000 100 11168 2021860627 10089 9259 1583
0b000501 0b000901 10003 100 42313 2021872892 11962 11870 1586
0b001301 0b001601 10002 100 60316 2021929056 14096 13379 1588
0b001f01 0b001101 10004 100 110952 2021937941 19493 17622 1589
0b001501 0b001701 10003 100 6947101 2021375357 600297 586608 1544
0b001001 0b001a01 10001 100 9805481 2019436441 2589498 830413 1427
0b001801 0b001601 10003 100 5814 2022019291 8834 8808 1595
0b001601 0b001201 10000 100 1605986 2021482440 596975 142965 1554
0b001b01 0b001d01 10001 100 1667309 2021939568 153045 148109 1590
0b000301 0b000201 10001 100 4482 2022118283 4465 4537 1600
0b000c01 0b000e01 10002 100 43927 2022141706 10545 7843 1603
0b001401 0b001b01 10003 100 39215 2022196043 54641 11610 1606
0b000301 0b000101 10002 100 9455 2022262379 4898 4954 1607
0b001201 0b001c01 10004 100 1503367 2021662602 614398 134364 1568
0b000b01 0b000e01 10000 100 2755105 2020677490 1605805 239311 1502
0b001a01 0b001b01 10002 100 56372 2022281340 13406 8888 1610
0b001e01 0b001601 10002 100 2707 2022312277 8800 8548 1612
0b000301 0b000e01 10001 100 183245 2022026032 336550 23686 1596
0b001001 0b001901 10001 100 78370 2022354847 23924 14892 1614
0b001501 0b001801 10000 100 959133 2022266788 116307 88737 1608
0b001f01 0b001001 10004 100 22863 2021753540 660984 10237 1573
0b000601 0b000f01 10003 100 278226 2022437730 31648 31649 1618
0b001601 0b001901 10000 100 78337 2022364334 145515 14890 1615
0b000201 0b000001 10001 100 86647 2022588042 11284 11425 1625
0b000701 0b000f01 10002 100 740047 2022548759 121367 70369 1622
0b001301 0b001501 10003 100 17982 2022691798 10027 9827 1631
0b000b01 0b000001 10002 100 27604 2022696331 13127 10635 1632
0b001401 0b001f01 10000 100 70041 2021839332 1025044 14195 1579
0b001901 0b001a01 10001 100 112400 2022830690 36278 13585 1643
0b000801 0b000901 10000 100 21721 2022865814 6033 5982 1647
0b001301 0b001501 10002 100 3150845 2021489498 1427142 272487 1557
0b000201 0b000901 10003 100 33358 2022906857 12749 11119 1648
0b000101 0b000c01 10001 100 24734 2022570663 356445 10394 1624
0b000d01 0b000b01 10002 100 1313158 2022699566 229122 118418 1633
0b001f01 0b001b01 10002 100 73538 2023021222 21085 14487 1655
0b001f01 0b001a01 10000 100 2642283 2022818475 244625 229851 1641
0b001b01 0b001e01 10001 100 48347 2023060952 26488 12375 1658
0b000d01 0b000c01 10001 100 21984 2023095421 7713 6003 1660
0b000e01 0b000f01 10001 100 23709 2023107663 6835 6148 1662
0b001701 0b001f01 10003 100 400 2022403687 713811 8355 1617
0b000f01 0b000e01 10001 100 1773204 2022976743 151666 152828 1652
0b001001 0b001e01 10001 100 775743 2023015465 114347 73359 1654
0b001601 0b001e01 10000 100 23387974 2016204550 6938312 1969167 1169
0b000101 0b000b01 10000 100 63526 2023145482 25356 13647 1664
0b000a01 0b000401 10000 100 7177212 2020832760 2376527 610060 1511
0b000901 0b000501 10000 100 5759 2023223036 9331 8803 1672
0b000a01 0b000201 10002 100 62053 2023224787 17058 13526 1674
0b000d01 0b000701 10001 100 423687 2023196745 89245 43843 1669
0b001301 0b001001 10001 100 46666 2023278034 10972 8073 1681
0b001c01 0b001f01 10002 100 8412928 2020656316 2672432 709500 1499
0b000101 0b000601 10001 100 9299299 2021218453 2125152 787975 1535
0b001301 0b001d01 10001 100 45545 2023292801 73210 12140 1682
0b001301 0b001c01 10001 100 25844 2023384225 23069 10487 1689
0b001001 0b001a01 10002 100 984048 2023324935 93978 90826 1684
0b000b01 0b000901 10002 100 27909 2023414878 7499 6500 1691
0b001801 0b001401 10002 100 1929700 2023249267 183131 170107 1677
0b001601 0b001f01 10003 100 9169151 2019263499 4170446 777064 1409
0b001201 0b001401 10001 100 77057 2023383132 54043 14784 1688
0b000001 0b000a01 10002 100 532572 2023195883 251384 52972 1668
0b001e01 0b001b01 10001 100 1710035 2023333781 156087 151693 1685
0b000a01 0b000301 10000 100 1419034 2023388734 142842 127295 1690
0b001901 0b001201 10002 100 48587 2023535598 15032 12395 1698
0b000d01 0b000201 10001 100 8302672 2022719002 852061 704417 1637
0b000201 0b000401 10000 100 887057 2023460453 111123 82694 1693
0b001401 0b001a01 10001 100 48235 2023562146 13395 12366 1700
0b000801 0b000c01 10001 100 1756 2023614595 12794 8468 1704
0b000f01 0b000c01 10003 100 25552 2023646611 7865 6304 1706
0b001e01 0b001801 10000 100 3456 2023668092 8554 8611 1710
0b001801 0b001f01 10003 100 75048 2023584033 220511 14615 1701
0b000701 0b000801 10001 100 2117679 2023480052 404349 185867 1695
0b001e01 0b001801 10001 100 47148 2023898851 12417 12276 1723
0b000001 0b000101 10003 100 9156453 2022628151 1365879 771839 1628
0b001d01 0b001f01 10001 100 455407 2023800516 199596 42343 1720
0b001f01 0b001501 10003 100 1812855 2024033462 166031 160310 1735
0b001201 0b001501 10003 100 6600 2024203931 12316 8874 1747
0b001601 0b001f01 10005 100 952711 2024002112 271775 88196 1734
0b001201 0b001501 10002 100 6252 2024130806 178459 8847 1740
0b001901 0b001001 10002 100 9856169 2021468458 2877642 834664 1553
0b000301 0b000401 10000 100 52283 2024331462 16731 12706 1752
0b000701 0b000d01 10000 100 27912 2024369134 10642 10660 1756
0b001e01 0b001001 10000 100 27589 2024387597 10686 10634 1757
0b001001 0b001a01 10003 100 554793 2024312571 101797 54834 1751
0b000401 0b000d01 10001 100 79387 2024422185 25702 14978 1759
0b001e01 0b001001 10001 100 21017 2024449827 10122 10085 1761
0b000a01 0b000c01 10002 100 4189608 2024000281 460157 359578 1733
0b000201 0b000101 10002 100 6878236 2023154844 1356902 580834 1665
0b001901 0b001b01 10001 100 4549465 2023995021 549162 385589 1732
0b001d01 0b001e01 10002 100 51975 2024601989 16993 8517 1772
0b000801 0b000301 10001 100 121134 2024600686 19484 18479 1771
0b001201 0b001101 10001 100 1745093 2023981254 764819 150472 1730
0b001201 0b001b01 10002 100 1198499 2024178177 572402 108804 1744
0b000101 0b000d01 10003 100 167363 2024722844 35982 22354 1778
0b000101 0b000901 10001 100 4825252 2023117694 1713493 412872 1663
0b001701 0b001901 10000 100 29222 2024816431 17914 10772 1787
0b001201 0b001f01 10003 100 1632509 2023914309 945475 145191 1724
0b000701 0b000601 10002 100 43761 2024791323 81371 7829 1785
0b001a01 0b001801 10002 100 57616 2024893314 14534 8992 1794
0b000e01 0b000701 10000 100 25328 2024904295 11731 10446 1795
0b000901 0b000a01 10002 100 7529012 2022443572 2588183 635396 1619
0b001201 0b001701 10001 100 1582 2025072241 8514 8454 1805
0b001601 0b001301 10001 100 3631504 2023247628 1908803 312787 1676
0b001801 0b001601 10004 100 23485 2025150292 12163 10290 1811
0b001201 0b001801 10001 100 17442 2025159203 10322 9784 1814
0b001e01 0b001801 10002 100 10314 2025157686 48770 9187 1812
0b001c01 0b001f01 10003 100 2994824 2024589558 642155 255246 1770
0b001f01 0b001401 10006 100 70541 2025232051 17417 14235 1818
0b001401 0b001501 10001 100 79601 2025290394 11769 10835 1822
0b001d01 0b001601 10000 100 4767696 2024511721 840061 408044 1764
0b000401 0b000b01 10002 100 23389 2025367071 14534 10283 1825
0b001701 0b001901 10001 100 1540231 2025039760 347588 137455 1803
0b001b01 0b001901 10000 100 7324 2025396372 4820 4776 1828
0b001b01 0b001f01 10001 100 11 2025398657 13643 8324 1830
0b001a01 0b001e01 10003 100 1747442 2025059466 361471 154827 1804
0b001801 0b001501 10003 100 166113 2025398336 24555 22250 1829
0b000701 0b000401 10000 100 4721 2025431073 26369 4556 1832
0b000301 0b000401 10001 100 1629 2025471195 33753 8458 1834
0b001101 0b001d01 10003 100 31701 2025512481 14086 10978 1835
0b001501 0b001401 10004 100 4475893 2024489711 1041104 379419 1763
0b000301 0b000501 10005 100 20368 2025529731 11959 10030 1839
0b001201 0b001801 10002 100 17714 2025610916 11031 9806 1845
0b001a01 0b001601 10004 100 13948 2025627340 29973 9489 1846
0b001501 0b001601 10001 100 434407 2025600165 75735 40582 1843
0b001401 0b001c01 10001 100 14880 2025679953 9683 9568 1850
0b001101 0b001f01 10002 100 5079895 2023362130 2330443 434218 1687
0b000d01 0b000901 10000 100 1211282 2025549809 165746 109876 1840
0b001601 0b001a01 10001 100 25217 2025766990 12651 10437 1858
0b001501 0b001801 10001 100 93558 2025709876 105020 16165 1854
0b000c01 0b000001 10001 100 9762 2025839862 9852 9139 1863
0b001201 0b001801 10000 100 1723872 2024220521 1709581 152849 1749
0b000001 0b000e01 10002 100 723025 2025694015 261222 68942 1852
0b001a01 0b001001 10000 100 15302 2025945630 10736 9605 1873
0b001d01 0b001c01 10000 100 864234 2025966968 87081 76620 1875
0b000801 0b000f01 10000 100 78505 2026059673 23311 14903 1883
0b001401 0b001901 10000 100 6872057 2023268287 2872257 584476 1679
0b001a01 0b001e01 10002 100 7843368 2023699582 2460719 665910 1712
0b001201 0b001e01 10000 100 129424 2025931235 232146 19173 1870
0b000501 0b000b01 10003 100 1878 2026194559 8457 8477 1890
0b001201 0b001001 10000 100 225614 2026148716 56487 23076 1888
0b001401 0b001701 10002 100 444702 2026163127 42958 41444 1889
0b001101 0b001401 10002 100 1845345 2025792592 458187 163036 1860
0b000d01 0b000f01 10002 100 1908118 2025996262 276401 164140 1878
0b000d01 0b000f01 10003 100 114387 2026239518 33282 13752 1895
0b001901 0b001f01 10002 100 2188 2026281034 17869 8506 1897
0b001901 0b001d01 10002 100 25547 2026283864 70200 10463 1898
0b000401 0b000501 10002 100 8962425 2024569574 1803032 755571 1768
0b001001 0b001f01 10000 100 937183 2025948872 423876 86896 1874
0b001d01 0b001301 10003 100 8460 2026365585 9210 9031 1904
0b000b01 0b000c01 10002 100 20975 2026379379 12488 10078 1905
0b001601 0b001401 10002 100 28294 2026384204 11373 6534 1907
0b000601 0b000801 10002 100 742968 2025907016 499749 70610 1868
0b000b01 0b000a01 10002 100 195783 2026381654 38707 20575 1906
0b001901 0b001b01 10002 100 62878 2026417853 14454 9432 1908
0b000b01 0b000901 10003 100 138649 2026469367 28153 15785 1911
0b000e01 0b000801 10001 100 12913 2026106420 402953 9402 1885
0b001701 0b001a01 10003 100 53519 2026587398 22360 12808 1920
0b000801 0b000e01 10002 100 52778 2026609616 14898 12745 1923
0b000a01 0b000401 10001 100 56279 2026621657 22258 13041 1925
0b001301 0b001b01 10002 100 1872686 2026462498 199658 165327 1909
0b001201 0b001f01 10002 100 8071343 2022632073 4120315 685023 1629
0b001601 0b001f01 10006 100 31766 2026327951 432217 10984 1901
0b000301 0b000101 10003 100 167562 2026743177 32196 18210 1929
0b000201 0b000501 10001 100 8461252 2024916772 1868635 717714 1796
0b001001 0b001c01 10001 100 1249 2026526710 309574 8427 1915
0b001901 0b001801 10002 100 15541 2026841437 6673 5464 1934
0b000601 0b000301 10001 100 759183 2026522582 331206 71973 1913
0b000801 0b000501 10003 100 67112 2026852062 16419 13950 1936
0b001301 0b001601 10003 100 9629174 2024352530 2553131 815633 1755
0b001401 0b001201 10006 100 17039 2026801149 117056 9752 1932
0b001b01 0b001701 10001 100 15704 2026914512 10955 9637 1942
0b001501 0b001c01 10001 100 1035317 2026552370 376716 95123 1916
0b000401 0b000501 10003 100 37619 2026938390 10421 7315 1946
0b000901 0b000d01 10000 100 331262 2026897077 53450 36095 1939
0b000101 0b000701 10001 100 4163 2027024724 8737 8672 1954
0b001b01 0b001c01 10001 100 127680 2027009655 29330 19025 1952
0b001601 0b001c01 10002 100 34023 2027077352 13995 11176 1959
0b000801 0b000201 10001 100 45033 2026904308 198086 12099 1941
0b000601 0b000d01 10001 100 8257 2027106761 9881 9015 1961
0b001c01 0b001401 10000 100 55323 2027117064 19629 12960 1964
0b001601 0b001401 10003 100 14785 2027135678 13405 5400 1966
0b000801 0b000b01 10001 100 23931 2027227047 6347 6166 1971
0b001701 0b001c01 10004 100 52275 2027230944 18551 12705 1972
0b001b01 0b001001 10000 100 4091118 2026605275 653368 351322 1922
0b000f01 0b000601 10001 100 52691 2027238719 22051 12738 1973
0b000901 0b000501 10001 100 1794085 2026997047 294062 158739 1950
0b001901 0b001e01 10003 100 1526 2027107544 186971 8449 1963
0b001f01 0b001b01 10003 100 151143 2027297605 42058 20995 1975
0b000501 0b000301 10000 100 2321640 2026025370 1334128 202967 1880
0b001001 0b001b01 10001 100 37560 2027402035 14721 11470 1978
0b001301 0b001d01 10002 100 2818938 2026704121 794825 244660 1926
0b001901 0b001101 10001 100 29632 2027523979 11333 10805 1986
0b001d01 0b001601 10001 100 2336025 2027038676 540286 204176 1955
0b000501 0b000001 10001 100 99546 2027558009 21503 16667 1987
0b001a01 0b001e01 10004 100 6263 2027588530 8952 8847 1989
0b000601 0b000201 10000 100 16819 2027592650 10021 9730 1991
0b000c01 0b000101 10003 100 1235418 2027194399 427469 111899 1968
0b001201 0b001601 10002 100 28977 2027693044 11386 10749 1999
0b001101 0b001b01 10000 100 44922 2027692759 13287 12086 1998
0b001a01 0b001601 10005 100 9577 2027707529 9547 9124 2000
0b000701 0b000a01 10002 100 59424 2027717600 27918 13304 2002
0b000801 0b000e01 10003 100 574562 2027687017 80991 56492 1997
0b001501 0b001001 10003 100 8789238 2025181362 2616888 745212 1815
0b000f01 0b000801 10003 100 7629510 2024751043 3070184 647980 1783
0b000001 0b000301 10004 100 2774111 2026116634 1707376 236744 1887
0b000d01 0b000f01 10004 100 24541 2027819682 13921 6219 2011
0b001001 0b001101 10000 100 43109 2027847798 7838 7777 2013
0b000001 0b000501 10002 100 75306 2027860347 15087 14636 2015
0b001201 0b001f01 10004 100 5327 2027851483 31738 8769 2014
0b000201 0b000c01 10002 100 23965 2027953077 10360 10329 2019
0b000d01 0b000601 10000 100 15366275 2024727594 3256090 1296631 1779
0b000b01 0b000001 10003 100 40570 2028012830 14994 11723 2024
0b001e01 0b001b01 10002 100 67922 2028114947 17168 14014 2029
0b001601 0b001b01 10002 100 1108586 2027200450 939654 101265 1970
0b001201 0b001301 10001 100 1616654 2027997818 181657 139701 2022
0b001301 0b001601 10004 100 6488692 2026975801 1267636 552333 1949
0b001b01 0b001a01 10003 100 8025 2028258238 5425 4836 2037
0b000001 0b000a01 10003 100 27608 2028254023 15362 10636 2036
0b000a01 0b000e01 10002 100 47873 2028318570 20096 12334 2041
0b001601 0b001201 10001 100 5755 2028047635 322485 8803 2028
0b001201 0b001501 10004 100 3257176 2026997421 1423998 281404 1951
0b000b01 0b000c01 10003 100 231960 2028362910 69036 27767 2044
0b000701 0b000601 10003 100 20695 2028431594 11284 5896 2051
0b000801 0b000501 10004 100 2935986 2026865089 1589538 254473 1937
0b000301 0b000901 10001 100 64333 2028461499 19239 13716 2056
0b001f01 0b001301 10002 100 9616 2028475813 11849 9127 2057
0b000901 0b000101 10002 100 485551 2027764703 751557 49030 2004
0b001401 0b001701 10003 100 79457 2028530788 24822 10823 2061
0b000801 0b000301 10002 100 22657 2027903095 667490 10220 2017
0b000001 0b000201 10004 100 2843 2028607640 4387 4398 2069
0b001e01 0b001c01 10001 100 3587 2028641760 4390 4462 2071
0b000a01 0b000901 10002 100 9081 2028653143 7555 4924 2073
0b000801 0b000301 10003 100 43524 2028648147 14011 11970 2072
0b001201 0b001a01 10003 100 168619 2028634379 44212 22458 2070
0b001001 0b001f01 10001 100 6271873 2026307164 2378158 534154 1899
0b000801 0b000b01 10002 100 58350 2028676390 9106 9054 2075
0b001101 0b001501 10000 100 136792 2028660009 28461 19789 2074
0b000201 0b000101 10003 100 3432 2028698427 4918 4449 2078
0b001401 0b001d01 10001 100 1016102 2028374878 347368 93513 2045
0b001601 0b001f01 10004 100 18793650 2020661216 8162115 1583980 1501
0b001f01 0b001301 10001 100 6007859 2027305007 1569875 512019 1976
0b000f01 0b000701 10001 100 10098 2028868591 9832 9170 2087
0b001301 0b001401 10002 100 95062 2028885441 24017 16293 2089
0b001801 0b001701 10003 100 64707 2028922362 30177 13746 2092
0b001601 0b001701 10002 100 2923368 2028273744 691515 249257 2038
0b001401 0b001501 10002 100 25040 2028997588 7170 6263 2099
0b001601 0b001501 10002 100 3048743 2028342192 689270 259767 2043
0b001701 0b001001 10000 100 21234 2029097720 22822 10103 2106
0b000601 0b000101 10003 100 6228831 2027013388 2123500 530545 1953
0b000701 0b000f01 10003 100 6384434 2027666908 1511742 543593 1995
0b000501 0b000b01 10004 100 27334 2028986936 209451 10614 2096
0b000401 0b000101 10001 100 4926 2029178121 51779 8733 2108
0b000901 0b000701 10001 100 43577 2028683997 568041 11975 2077
0b000401 0b000901 10001 100 78888 2029079218 236636 14934 2104
0b000e01 0b000f01 10002 100 4887990 2028330503 1014922 413969 2042
0b001c01 0b001601 10002 100 77590 2029335115 16440 14826 2113
0b001d01 0b001e01 10003 100 1553 2029350101 4440 4291 2114
0b000a01 0b000601 10003 100 113928 2029237860 120076 17872 2109
0b000401 0b000301 10004 100 3375932 2026814572 2625164 291358 1933
0b001801 0b001001 10001 100 1245444 2028990335 450624 112740 2097
0b001401 0b001201 10007 100 286127 2029455632 34177 32312 2121
0b001d01 0b001e01 10004 100 508487 2029373206 135420 46793 2115
0b001501 0b001001 10004 100 77038 2029497473 35432 14782 2122
0b000b01 0b000d01 10003 100 27257910 2025145574 4480444 2293623 1810
0b001901 0b001001 10003 100 130903 2029416835 218484 19295 2119
0b001801 0b001e01 10000 100 1553040 2029244337 417855 138530 2110
0b001d01 0b001b01 10000 100 36441 2029659770 18483 11377 2125
0b000801 0b000501 10005 100 92993 2028856833 869021 16116 2085
0b000601 0b000401 10000 100 9247235 2028431836 1439195 779451 2052
0b000101 0b000e01 10001 100 3837559 2027909735 2006610 330062 2018
0b001301 0b001001 10002 100 594767 2029885984 84666 54026 2132
0b001b01 0b001f01 10002 100 2400371 2029711138 269676 209569 2126
0b000301 0b000b01 10001 100 16286 2029434875 600435 9688 2120
0b001601 0b001d01 10001 100 5808363 2026115388 4114150 495295 1886
0b000901 0b000301 10001 100 4004602 2028790442 1615014 344067 2082
0b000a01 0b000b01 10000 100 6499438 2029402328 1054752 549075 2116
0b000901 0b000701 10002 100 41064 2029094436 1439546 11766 2105
0b001701 0b001d01 10002 100 5916465 2025893664 4704790 504358 1866
0b001701 0b001a01 10004 100 5732007 2028903270 1696267 488895 2090
0b000901 0b000e01 10001 100 9959231 2029773302 864597 843304 2129
0b000501 0b000601 10000 100 15578651 2027410134 3819927 1310275 1979
0b001701 0b001d01 10001 100 15512526 2025587326 5784319 1308892 1842
0b000c01 0b000d01 10001 100 19480022 2029246254 2723330 1637368 2111
0b001401 0b001a01 10002 100 7849661 2027117163 4956745 666436 1965
0b000a01 0b000601 10002 100 29004433 2023599248 8892963 2440053 1702
0b000a01 0b000501 10002 100 6676325 2027843466 4750846 568065 2012
Average intra_dc ratio: 4.130901268074193
