2011127071 13 0 1 1
2011130168 13 0 1 0
2011139638 13 0 1 1
2011142748 13 0 1 0
2011152426 13 0 1 1
2011155465 13 0 1 0
2011165079 13 0 1 1
2011168036 13 0 1 0
2011177442 13 0 1 1
2011180420 13 0 1 0
2011189779 13 0 1 1
2011192748 13 0 1 0
2011202425 13 0 1 1
2011205468 13 0 1 0
2011215133 13 0 1 1
2011218199 13 0 1 0
2011227890 13 0 1 1
2011231006 13 0 1 0
2017205313 5 0 1 1
2017208503 5 0 1 0
2017214376 5 0 1 1
2017217867 5 0 1 0
2017223874 5 0 1 1
2017227492 5 0 1 0
2017233448 5 0 1 1
2017237105 5 0 1 0
2017243314 5 0 1 1
2017246979 5 0 1 0
2017253267 5 0 1 1
2017256845 5 0 1 0
2017262963 5 0 1 1
2017266628 5 0 1 0
2017272746 5 0 1 1
2017276442 5 0 1 0
2017290439 5 0 1 1
2017294034 5 0 1 0
2017300733 5 0 1 1
2017304376 5 0 1 0
2017311536 5 0 1 1
2017315168 5 0 1 0
2017322304 5 0 1 1
2017325707 5 0 1 0
2017332845 5 0 1 1
2017336168 5 0 1 0
2017343061 5 0 1 1
2017346467 5 0 1 0
2017353110 5 0 1 1
2017356599 5 0 1 0
2017363076 5 0 1 1
2017366565 5 0 1 0
2017373457 5 0 1 1
2017376863 5 0 1 0
2017383174 5 0 1 1
2017386663 5 0 1 0
2018958667 16 0 1 1
2018963214 16 0 1 0
2018967707 16 0 1 1
2018972239 16 0 1 0
2018976815 16 0 1 1
2018977649 18 0 1 1
2018980928 16 0 1 0
2018982450 18 0 1 0
2018985255 16 0 1 1
2018987524 18 0 1 1
2018991305 16 0 1 0
2018991468 18 0 1 0
2018995654 18 0 1 1
2018995881 16 0 1 1
2018999824 16 0 1 0
2019000836 18 0 1 0
2019004602 18 0 1 1
2019004910 16 0 1 1
2019008750 16 0 1 0
2019009675 18 0 1 0
2019013493 16 0 1 1
2019013940 18 0 1 1
2019017975 16 0 1 0
2019018556 18 0 1 0
2019022706 16 0 1 1
2019022955 18 0 1 1
2019027188 16 0 1 0
2019027582 18 0 1 0
2019031829 16 0 1 1
2019031933 18 0 1 1
2019036401 16 0 1 0
2019036413 18 0 1 0
2019040677 18 0 1 1
2019041132 16 0 1 1
2019045240 18 0 1 0
2019045493 16 0 1 0
2019049515 18 0 1 1
2019050096 16 0 1 1
2019054154 18 0 1 0
2019054573 16 0 1 0
2019058588 18 0 1 1
2019059130 16 0 1 1
2019063234 18 0 1 0
2019063542 16 0 1 0
2019067664 18 0 1 1
2019068096 16 0 1 1
2019072144 18 0 1 0
2019072423 16 0 1 0
2019076905 18 0 1 1
2019081141 18 0 1 0
2019086077 18 0 1 1
2019090221 18 0 1 0
2019095157 18 0 1 1
2019099301 18 0 1 0
2019104237 18 0 1 1
2019108385 18 0 1 0
2019113234 18 0 1 1
2019117410 18 0 1 0
2019122512 18 0 1 1
2019126696 18 0 1 0
2019131632 18 0 1 1
2019135816 18 0 1 0
2019140669 18 0 1 1
2019144849 18 0 1 0
2019149862 18 0 1 1
2019154231 18 0 1 0
2019158934 18 0 1 1
2019163293 18 0 1 0
2019168079 18 0 1 1
2019172351 18 0 1 0
2019177086 18 0 1 1
2019181496 18 0 1 0
2019186195 18 0 1 1
2019190396 18 0 1 0
2019195095 18 0 1 1
2019199292 18 0 1 0
2019204054 18 0 1 1
2019208358 18 0 1 0
2019213267 18 0 1 1
2019217681 18 0 1 0
2019222380 18 0 1 1
2019226630 18 0 1 0
2019231444 18 0 1 1
2019235843 18 0 1 0
2019240850 18 0 1 1
2019245109 18 0 1 0
2019249967 18 0 1 1
2019254028 18 0 1 0
2019258885 18 0 1 1
2019262892 18 0 1 0
2019267836 18 0 1 1
2019271847 18 0 1 0
2019276874 18 0 1 1
2019281014 18 0 1 0
2019285959 18 0 1 1
2019290164 18 0 1 0
2019295191 18 0 1 1
2019299447 18 0 1 0
2019304474 18 0 1 1
2019308647 18 0 1 0
2019313591 18 0 1 1
2019317681 18 0 1 0
2019322625 18 0 1 1
2019326715 18 0 1 0
2019331900 18 0 1 1
2019336148 18 0 1 0
2019341104 18 0 1 1
2019345364 18 0 1 0
2019350391 18 0 1 1
2019354542 18 0 1 0
2019359652 18 0 1 1
2019363821 18 0 1 0
2019369098 18 0 1 1
2019373169 18 0 1 0
2019378277 18 0 1 1
2019382351 18 0 1 0
2019387465 18 0 1 1
2019391896 18 0 1 0
2019397006 18 0 1 1
2019401079 18 0 1 0
2019405896 18 0 1 1
2019410239 18 0 1 0
2019414906 18 0 1 1
2019418954 18 0 1 0
2019424194 18 0 1 1
2019428333 18 0 1 0
2019433739 18 0 1 1
2019437961 18 0 1 0
2019442122 18 0 1 1
2019447340 18 0 1 0
2019451418 18 0 1 1
2019456719 18 0 1 0
2019460797 18 0 1 1
2019466015 18 0 1 0
2019470010 18 0 1 1
2019475394 18 0 1 0
2019479472 18 0 1 1
2019484773 18 0 1 0
2019490594 18 0 1 1
2019493654 18 0 1 0
2019497732 18 0 1 1
2019502452 18 0 1 0
2019509103 18 0 1 1
2019514487 18 0 1 0
2019518150 18 0 1 1
2019523315 18 0 1 0
2019717778 16 0 1 1
2019778709 16 0 1 0
2019788431 16 0 1 1
2019806663 16 0 1 0
2025370984 3 0 1 1
2025374059 0 0 1 1
2025380654 3 0 1 0
2025381733 0 0 1 0
2025383985 3 0 1 1
2025385118 0 0 1 1
2025390717 3 0 1 0
2025391655 0 0 1 0
2025394380 3 0 1 1
2025395086 0 0 1 1
2025401009 3 0 1 0
2025401139 0 0 1 0
2025404483 0 0 1 1
2025404506 3 0 1 1
2025410720 0 0 1 0
2025410969 3 0 1 0
2025414463 0 0 1 1
2025420182 0 0 1 0
2025423905 0 0 1 1
2025429497 0 0 1 0
2025433407 0 0 1 1
2025439132 0 0 1 0
2025443472 0 0 1 1
2025448697 0 0 1 0
2025453330 0 0 1 1
2025457937 0 0 1 0
2025462517 0 0 1 1
2025467051 0 0 1 0
2025471947 0 0 1 1
2025476293 0 0 1 0
2025481021 0 0 1 1
2025485420 0 0 1 0
2025490190 0 0 1 1
2025494650 0 0 1 0
2025499615 0 0 1 1
2025504012 0 0 1 0
2025508723 0 0 1 1
2025513059 0 0 1 0
2025517875 0 0 1 1
2025521442 0 0 1 0
2029207747 3 0 1 1
2029213643 3 0 1 0
2029217476 3 0 1 1
2029223009 3 0 1 0
2029226929 3 0 1 1
2029232493 3 0 1 0
2029236148 3 0 1 1
2029241629 3 0 1 0
2029245533 3 0 1 1
2029251263 3 0 1 0
2029255250 3 0 1 1
2029261063 3 0 1 0
2029264967 3 0 1 1
2029270697 3 0 1 0
2029274767 3 0 1 1
2029280497 3 0 1 0
2029284401 3 0 1 1
2029290048 3 0 1 0
2029293952 3 0 1 1
2029297773 3 0 1 0
2043356624 48 1 3 1
2043365138 48 1 3 0
2043367838 48 1 3 1
2043376260 48 1 3 0
2043378960 48 1 3 1
2043387465 48 1 3 0
2043390165 48 1 3 1
2043398670 48 1 3 0
2043401370 48 1 3 1
2043409875 48 1 3 0
2043412575 48 1 3 1
2043421080 48 1 3 0
2043423780 48 1 3 1
2043432285 48 1 3 0
2043434985 48 1 3 1
2043443490 48 1 3 0
2043446190 48 1 3 1
2043454695 48 1 3 0
2043457395 48 1 3 1
2043465900 48 1 3 0
2043468600 48 1 3 1
2043477105 48 1 3 0
2043479805 48 1 3 1
2043488310 48 1 3 0
2043491010 48 1 3 1
2043499515 48 1 3 0
2043502215 48 1 3 1
2043510720 48 1 3 0
2043513420 48 1 3 1
2043521925 48 1 3 0
2043524625 48 1 3 1
2043533130 48 1 3 0
2043535830 48 1 3 1
2043544335 48 1 3 0
2043547035 48 1 3 1
2043555540 48 1 3 0
2043558240 48 1 3 1
2043566662 48 1 3 0
2043569362 48 1 3 1
2043577867 48 1 3 0
2043580567 48 1 3 1
2043589072 48 1 3 0
2043591772 48 1 3 1
2043600277 48 1 3 0
2043602977 48 1 3 1
2043611482 48 1 3 0
2043614182 48 1 3 1
2043622687 48 1 3 0
2043625387 48 1 3 1
2043629742 48 1 3 0
