2002000285 40 1 2 1
2002005286 40 1 2 0
2002009281 40 1 2 1
2002014682 40 1 2 0
2002018594 40 1 2 1
2002023386 40 1 2 0
2002027713 40 1 2 1
2002031173 42 1 2 1
2002032521 40 1 2 0
2002035653 42 1 2 0
2002037180 40 1 2 1
2002040036 42 1 2 1
2002041898 40 1 2 0
2002044388 42 1 2 0
2002046640 40 1 2 1
2002048516 42 1 2 1
2002051443 40 1 2 0
2002052771 42 1 2 0
2002056351 40 1 2 1
2002056980 42 1 2 1
2002061071 40 1 2 0
2002061486 42 1 2 0
2002065730 40 1 2 1
2002065869 42 1 2 1
2002070367 40 1 2 0
2002070450 42 1 2 0
2002074746 42 1 2 1
2002075113 40 1 2 1
2002079414 42 1 2 0
2002079497 40 1 2 0
2002083884 42 1 2 1
2002084073 40 1 2 1
2002088461 40 1 2 0
2002088544 42 1 2 0
2002092954 40 1 2 1
2002093097 42 1 2 1
2002097425 40 1 2 0
2002097674 42 1 2 0
2002101970 42 1 2 1
2002102084 40 1 2 1
2002106555 40 1 2 0
2002106721 42 1 2 0
2002111131 40 1 2 1
2002111274 42 1 2 1
2002115685 40 1 2 0
2002115851 42 1 2 0
2002120234 42 1 2 1
2002120510 40 1 2 1
2002124981 42 1 2 0
2002125064 40 1 2 0
2002129447 42 1 2 1
2002129723 40 1 2 1
2002134111 40 1 2 0
2002134194 42 1 2 0
2002138604 40 1 2 1
2002138747 42 1 2 1
2002143075 40 1 2 0
2002143324 42 1 2 0
2002147620 42 1 2 1
2002147817 40 1 2 1
2002152288 42 1 2 0
2002152371 40 1 2 0
2002156754 42 1 2 1
2002156947 40 1 2 1
2002161586 40 1 2 0
2002161669 42 1 2 0
2002166079 40 1 2 1
2002166135 42 1 2 1
2002170632 40 1 2 0
2002170889 42 1 2 0
2002175125 40 1 2 1
2002175185 42 1 2 1
2002179765 40 1 2 0
2002180105 42 1 2 0
2002184341 40 1 2 1
2002184571 42 1 2 1
2002185308 40 1 2 0
2002188977 42 1 2 0
2002193870 42 1 2 1
2002198229 42 1 2 0
2002203205 42 1 2 1
2002207406 42 1 2 0
2002212382 42 1 2 1
2002216705 42 1 2 0
2002221768 42 1 2 1
2002226008 42 1 2 0
2002230984 42 1 2 1
2002235143 42 1 2 0
2002240119 42 1 2 1
2002244697 42 1 2 0
2002249060 42 1 2 1
2002253995 42 1 2 0
2002258275 42 1 2 1
2002263076 42 1 2 0
2002267356 42 1 2 1
2002272240 42 1 2 0
2002276603 42 1 2 1
2002281586 42 1 2 0
2002285866 42 1 2 1
2002290667 42 1 2 0
2002294947 42 1 2 1
2002299839 42 1 2 0
2002304202 42 1 2 1
2002309102 42 1 2 0
2002313299 42 1 2 1
2002318100 42 1 2 0
2002322376 42 1 2 1
2002327268 42 1 2 0
2002331631 42 1 2 1
2002336543 42 1 2 0
2002340819 42 1 2 1
2002345569 42 1 2 0
2004176911 44 1 1 1
2004181404 44 1 1 0
2004185981 44 1 1 1
2004190799 44 1 1 0
2004195281 44 1 1 1
2004199996 44 1 1 0
2004204408 44 1 1 1
2004208960 44 1 1 0
2004213537 44 1 1 1
2004218517 44 1 1 0
2004223331 44 1 1 1
2004227481 44 1 1 0
2004232522 44 1 1 1
2004236516 44 1 1 0
2004241466 44 1 1 1
2004245243 44 1 1 0
2004251053 44 1 1 1
2004254871 44 1 1 0
2004260537 44 1 1 1
2004264333 44 1 1 0
2004270984 44 1 1 1
2004274463 44 1 1 0
2004280667 44 1 1 1
2004284423 44 1 1 0
2004291557 44 1 1 1
2004296110 44 1 1 0
2004301849 44 1 1 1
2004306568 44 1 1 0
2004314303 44 1 1 1
2004317460 44 1 1 0
2004325452 44 1 1 1
2004328582 44 1 1 0
2004336127 44 1 1 1
2004339206 44 1 1 0
2004345228 44 1 1 1
2004349159 44 1 1 0
2004354999 44 1 1 1
2004358953 44 1 1 0
2004364615 44 1 1 1
2004368581 44 1 1 0
2004374251 44 1 1 1
2004378209 44 1 1 0
2004383853 44 1 1 1
2004387844 44 1 1 0
2004393510 44 1 1 1
2004397465 44 1 1 0
2004403109 44 1 1 1
2004407259 44 1 1 0
2004413106 44 1 1 1
2004417053 44 1 1 0
2004422867 44 1 1 1
2004426847 44 1 1 0
2004432509 44 1 1 1
2004436475 44 1 1 0
2004442285 44 1 1 1
2004446269 44 1 1 0
2004451935 44 1 1 1
2004455731 44 1 1 0
2004462537 44 1 1 1
2004466355 44 1 1 0
2004473002 44 1 1 1
2004476647 44 1 1 0
2004483480 44 1 1 1
2004486946 44 1 1 0
2004493251 44 1 1 1
2004496899 44 1 1 0
2004503732 44 1 1 1
2004507357 44 1 1 0
2004513997 44 1 1 1
2004517649 44 1 1 0
2004524127 44 1 1 1
2004527609 44 1 1 0
2004533991 44 1 1 1
2004537576 44 1 1 0
2004544405 44 1 1 1
2004548027 44 1 1 0
2004554999 44 1 1 1
2004558492 44 1 1 0
2004565143 44 1 1 1
2004568777 44 1 1 0
2004575417 44 1 1 1
2004578910 44 1 1 0
2004585381 44 1 1 1
2004589029 44 1 1 0
2004595835 44 1 1 1
2004599328 44 1 1 0
2004605799 44 1 1 1
2004609447 44 1 1 0
2004615944 44 1 1 1
2004619580 44 1 1 0
2004626217 44 1 1 1
2004629865 44 1 1 0
2010787092 13 0 1 1
2010792747 13 0 1 0
2010797734 13 0 1 1
2010803441 13 0 1 0
2010808263 13 0 1 1
2010813918 13 0 1 0
2010818988 13 0 1 1
2010824643 13 0 1 0
2010829381 13 0 1 1
2010834538 13 0 1 0
2010839525 13 0 1 1
2010844931 13 0 1 0
2010850167 13 0 1 1
2010855490 13 0 1 0
2010860643 13 0 1 1
2010865966 13 0 1 0
2010871119 13 0 1 1
2010876442 13 0 1 0
2010882176 13 0 1 1
2010886918 13 0 1 0
2010892818 13 0 1 1
2010897892 13 0 1 0
2010903211 13 0 1 1
2010908285 13 0 1 0
2010913604 13 0 1 1
2010918256 13 0 1 0
2010923326 13 0 1 1
2010928151 13 0 1 0
2010932968 13 0 1 1
2010937876 13 0 1 0
2010943780 13 0 1 1
2010948937 13 0 1 0
2010954173 13 0 1 1
2010959330 13 0 1 0
2010964566 13 0 1 1
2010970221 13 0 1 0
2010975042 13 0 1 1
2010981859 13 0 1 0
2010986929 13 0 1 1
2010993663 13 0 1 0
2010999397 13 0 1 1
2011004139 13 0 1 0
2011009292 13 0 1 1
2011014532 13 0 1 0
2011019768 13 0 1 1
2011024925 13 0 1 0
2011030161 13 0 1 1
2011035152 13 0 1 0
2011039890 13 0 1 1
2011045379 13 0 1 0
2011049868 13 0 1 1
2011055274 13 0 1 0
2011059846 13 0 1 1
2011065169 13 0 1 0
2011069575 13 0 1 1
2011075143 13 0 1 0
2011079715 13 0 1 1
2011085038 13 0 1 0
2011090025 13 0 1 1
2011094767 13 0 1 0
2011099754 13 0 1 1
2011105077 13 0 1 0
2011109898 13 0 1 1
2011114972 13 0 1 0
2011119793 13 0 1 1
2011125116 13 0 1 0
2011130020 13 0 1 1
2011135094 13 0 1 0
2011139530 13 0 1 1
2011145977 13 0 1 0
2011149565 13 0 1 1
2011155791 13 0 1 0
2011159462 13 0 1 1
2011165842 13 0 1 0
2011170099 13 0 1 1
2011175593 13 0 1 0
2011180335 13 0 1 1
2011185743 13 0 1 0
2011190485 13 0 1 1
2011195893 13 0 1 0
2011200718 13 0 1 1
2011206541 13 0 1 0
2011211449 13 0 1 1
2011216857 13 0 1 0
2011221686 13 0 1 1
2011227339 13 0 1 0
2011234903 13 0 1 1
2011238153 13 0 1 0
2011242231 13 0 1 1
2011247556 13 0 1 0
2011252381 13 0 1 1
2011258038 13 0 1 0
2011262780 13 0 1 1
2011268686 13 0 1 0
2011272598 13 0 1 1
2011278421 13 0 1 0
2011282416 13 0 1 1
2011288318 13 0 1 0
2011292147 13 0 1 1
2011297970 13 0 1 0
2011301882 13 0 1 1
2011307788 13 0 1 0
2011313111 13 0 1 1
2011317425 13 0 1 0
2011322582 13 0 1 1
2011326662 13 0 1 0
2017237560 5 0 1 1
2017240856 5 0 1 0
2017247460 5 0 1 1
2017250699 5 0 1 0
2017257303 5 0 1 1
2017260542 5 0 1 0
2017267146 5 0 1 1
2017270373 5 0 1 0
2017276894 5 0 1 1
2017280208 5 0 1 0
2017295323 5 0 1 1
2017298838 5 0 1 0
2017305751 5 0 1 1
2017309396 5 0 1 0
2017315787 5 0 1 1
2017319439 5 0 1 0
2017325747 5 0 1 1
2017329339 5 0 1 0
2017335545 5 0 1 1
2017339156 5 0 1 0
2017345468 5 0 1 1
2017348755 5 0 1 0
2017356507 5 0 1 1
2017359921 5 0 1 0
2017367131 5 0 1 1
2017369304 5 0 1 0
2017578287 7 0 1 1
2017584093 7 0 1 0
2017588503 7 0 1 1
2017592642 7 0 1 0
2017600377 7 0 1 1
2017604511 7 0 1 0
2017610052 7 0 1 1
2017613973 7 0 1 0
2017619462 7 0 1 1
2017623435 7 0 1 0
2017628841 7 0 1 1
2017632818 7 0 1 0
2017638141 7 0 1 1
2017642031 7 0 1 0
2017647354 7 0 1 1
2017651244 7 0 1 0
2018672708 18 0 1 1
2018677473 18 0 1 0
2018690270 18 0 1 1
2018692767 18 0 1 0
2018713860 18 0 1 1
2018718509 18 0 1 0
2018723168 18 0 1 1
2018727726 18 0 1 0
2018732306 18 0 1 1
2018736860 18 0 1 0
2018741519 18 0 1 1
2018746077 18 0 1 0
2018750653 18 0 1 1
2018755211 18 0 1 0
2018759870 18 0 1 1
2018764432 18 0 1 0
2018769008 18 0 1 1
2018773562 18 0 1 0
2018778221 18 0 1 1
2018782779 18 0 1 0
2018799065 16 0 1 1
2018802873 16 0 1 0
2018808777 16 0 1 1
2018812422 16 0 1 0
2018818492 16 0 1 1
2018822303 16 0 1 0
2018827879 16 0 1 1
2018831686 16 0 1 0
2018837750 16 0 1 1
2018841982 16 0 1 0
2018846894 16 0 1 1
2018851116 16 0 1 0
2018855941 16 0 1 1
2018860333 16 0 1 0
2018865407 16 0 1 1
2018870629 16 0 1 0
2018874707 16 0 1 1
2018880174 16 0 1 0
2018885165 16 0 1 1
2018890102 16 0 1 0
2018895927 16 0 1 1
2018899817 16 0 1 0
2018905638 16 0 1 1
2018909698 16 0 1 0
2018915187 16 0 1 1
2018919575 16 0 1 0
2018924317 16 0 1 1
2018928958 16 0 1 0
2018933866 16 0 1 1
2018938420 16 0 1 0
2018943083 16 0 1 1
2018947471 16 0 1 0
2018952213 16 0 1 1
2018956767 16 0 1 0
2018961430 16 0 1 1
2018965818 16 0 1 0
2018970560 16 0 1 1
2018975114 16 0 1 0
2018979777 16 0 1 1
2018984165 16 0 1 0
2018988741 16 0 1 1
2018993129 16 0 1 0
2018997871 16 0 1 1
2019002346 16 0 1 0
2019007152 16 0 1 1
2019011476 16 0 1 0
2019016278 16 0 1 1
2019020458 16 0 1 0
2019025008 16 0 1 1
2019029076 16 0 1 0
2019033820 16 0 1 1
2019038127 16 0 1 0
2019042933 16 0 1 1
2019047091 16 0 1 0
2019051910 16 0 1 1
2019056308 16 0 1 0
2019061121 16 0 1 1
2019065272 16 0 1 0
2019070078 16 0 1 1
2019074475 16 0 1 0
2019079452 16 0 1 1
2019083861 16 0 1 0
2019088865 16 0 1 1
2019093018 16 0 1 0
2019098017 16 0 1 1
2019102330 16 0 1 0
2019107512 16 0 1 1
2019111936 16 0 1 0
2019117053 16 0 1 1
2019121369 16 0 1 0
2019126432 16 0 1 1
2019130623 16 0 1 0
2019135564 16 0 1 1
2019139841 16 0 1 0
2019145024 16 0 1 1
2019147549 16 0 1 0
2019155003 16 0 1 1
2019159223 16 0 1 0
2019164217 16 0 1 1
2019168578 16 0 1 0
2019176038 16 0 1 1
2019180352 16 0 1 0
2019185244 16 0 1 1
2019189346 16 0 1 0
2019193455 16 0 1 1
2019199538 16 0 1 0
2019203428 16 0 1 1
2019208270 16 0 1 0
2019217705 16 0 1 1
2019222008 16 0 1 0
2019231378 16 0 1 1
2019235606 16 0 1 0
2019244768 16 0 1 1
2019248755 16 0 1 0
2019257855 16 0 1 1
2019261644 16 0 1 0
2019270335 16 0 1 1
2019274144 16 0 1 0
2019282915 16 0 1 1
2019286659 16 0 1 0
2021654568 45 1 1 1
2021660768 45 1 1 0
2021664485 45 1 1 1
2021671568 45 1 1 0
2021674851 45 1 1 1
2021681979 45 1 1 0
2021685393 45 1 1 1
2021692171 45 1 1 0
2021695585 45 1 1 1
2021702843 45 1 1 0
2021706341 45 1 1 1
2021713141 45 1 1 0
2021716793 45 1 1 1
2021723248 45 1 1 0
2021726904 45 1 1 1
2021733442 45 1 1 0
2021737185 45 1 1 1
2021743134 45 1 1 0
2021747806 45 1 1 1
2021754095 45 1 1 0
2021757917 45 1 1 1
2021763866 45 1 1 0
2021767692 45 1 1 1
2021772714 45 1 1 0
2021777196 45 1 1 1
2021782445 45 1 1 0
2021786547 45 1 1 1
2021791487 45 1 1 0
2021795759 45 1 1 1
2021800783 45 1 1 0
2021805055 45 1 1 1
2021810000 45 1 1 0
2021814164 45 1 1 1
2021819433 45 1 1 0
2021823618 45 1 1 1
2021828343 45 1 1 0
2021833067 45 1 1 1
2021838137 45 1 1 0
2021842322 45 1 1 1
2021847300 45 1 1 0
2021851790 45 1 1 1
2021856812 45 1 1 0
2021861100 45 1 1 1
2021866025 45 1 1 0
2021870376 45 1 1 1
2021875501 45 1 1 0
2021879987 45 1 1 1
2021884983 45 1 1 0
2021889224 45 1 1 1
2021894216 45 1 1 0
2021898457 45 1 1 1
2021903714 45 1 1 0
2021908065 45 1 1 1
2021913007 45 1 1 0
2021917236 45 1 1 1
2021922248 45 1 1 0
2021926338 45 1 1 1
2021931599 45 1 1 0
2021935517 45 1 1 1
2021940782 45 1 1 0
2021944806 45 1 1 1
2021950024 45 1 1 0
2021954289 45 1 1 1
2021959507 45 1 1 0
2021963419 45 1 1 1
2021968533 45 1 1 0
2021972362 45 1 1 1
2021977519 45 1 1 0
2021982344 45 1 1 1
2021986714 45 1 1 0
2021991539 45 1 1 1
2021996342 45 1 1 0
2022000835 45 1 1 1
2022005721 45 1 1 0
2022010214 45 1 1 1
2022015100 45 1 1 0
2022019510 45 1 1 1
2022024313 45 1 1 0
2022028889 45 1 1 1
2022033277 45 1 1 0
2022037853 45 1 1 1
2022042324 45 1 1 0
2022046983 45 1 1 1
2022051371 45 1 1 0
2022056279 45 1 1 1
2022060671 45 1 1 0
2022065496 45 1 1 1
2022069967 45 1 1 0
2022075211 45 1 1 1
2022079595 45 1 1 0
2022084420 45 1 1 1
2022088559 45 1 1 0
2022093467 45 1 1 1
2022097855 45 1 1 0
2022102763 45 1 1 1
2022107234 45 1 1 0
2022112225 45 1 1 1
2022116613 45 1 1 0
2022121355 45 1 1 1
2022125660 45 1 1 0
2022130734 45 1 1 1
2022135122 45 1 1 0
2022140030 45 1 1 1
2022144588 45 1 1 0
2022148832 45 1 1 1
2022153884 45 1 1 0
2022158298 45 1 1 1
2022163180 45 1 1 0
2022167756 45 1 1 1
2022172808 45 1 1 0
2022177218 45 1 1 1
2022181938 45 1 1 0
2022186265 45 1 1 1
2022191068 45 1 1 0
2022195395 45 1 1 1
2022199760 45 1 1 0
2022207158 45 1 1 1
2022210467 45 1 1 0
2022218413 45 1 1 1
2022221755 45 1 1 0
2022229319 45 1 1 1
2022232632 45 1 1 0
2022240113 45 1 1 1
2022242592 45 1 1 0
2022248817 45 1 1 1
2022255291 45 1 1 0
2022261278 45 1 1 1
2022267243 45 1 1 0
2022271155 45 1 1 1
2022276539 45 1 1 0
2022280451 45 1 1 1
2022285337 45 1 1 0
2022289249 45 1 1 1
2022293720 45 1 1 0
2022297474 45 1 1 1
2022301605 45 1 1 0
2022304885 45 1 1 1
2022308664 45 1 1 0
2022311778 45 1 1 1
2022316549 45 1 1 0
2022320173 45 1 1 1
2022325513 45 1 1 0
2022328880 45 1 1 1
2022333896 45 1 1 0
2022337520 45 1 1 1
2022341034 45 1 1 0
2022346022 45 1 1 1
2022350081 45 1 1 0
2022354555 45 1 1 1
2022358215 45 1 1 0
2022364314 45 1 1 1
2022367013 45 1 1 0
2022373879 45 1 1 1
2022377886 45 1 1 0
2022384922 45 1 1 1
2022387680 45 1 1 0
2022394379 45 1 1 1
2022398391 45 1 1 0
2022405854 45 1 1 1
2022408600 45 1 1 0
2022415387 45 1 1 1
2022419390 45 1 1 0
2022426260 45 1 1 1
2022428935 45 1 1 0
2022434180 45 1 1 1
2022442547 45 1 1 0
2022449160 45 1 1 1
2022456906 45 1 1 0
2022462922 45 1 1 1
2022470269 45 1 1 0
2022475427 45 1 1 1
2022482640 45 1 1 0
2022487517 45 1 1 1
2022494509 45 1 1 0
2022499477 45 1 1 1
2022506627 45 1 1 0
2022511876 45 1 1 1
2022519160 45 1 1 0
2022524148 45 1 1 1
2022531195 45 1 1 0
2022536013 45 1 1 1
2022540569 45 1 1 0
2025444358 0 0 1 1
2025448614 0 0 1 0
2025453647 0 0 1 1
2025457844 0 0 1 0
2025462888 0 0 1 1
2025467090 0 0 1 0
2027694745 47 1 3 1
2027698987 47 1 3 0
2027703729 47 1 3 1
2027708058 47 1 3 0
2027712966 47 1 3 1
2027717206 47 1 3 0
2027722114 47 1 3 1
2027727061 47 1 3 0
2027730724 47 1 3 1
2027735776 47 1 3 0
2027740601 47 1 3 1
2027744798 47 1 3 0
2027749706 47 1 3 1
2027753895 47 1 3 0
2027758886 47 1 3 1
2027763083 47 1 3 0
2027768074 47 1 3 1
2027772366 47 1 3 0
2027777357 47 1 3 1
2027781562 47 1 3 0
2027786553 47 1 3 1
2027790762 47 1 3 0
2027795670 47 1 3 1
2027799871 47 1 3 0
2027804696 47 1 3 1
2027807141 47 1 3 0
2029235700 3 0 1 1
2029241347 3 0 1 0
2029245417 3 0 1 1
2029250981 3 0 1 0
2029254885 3 0 1 1
2029260532 3 0 1 0
2029264519 3 0 1 1
2029270249 3 0 1 0
2029274153 3 0 1 1
2029279800 3 0 1 0
2029283787 3 0 1 1
2029286446 3 0 1 0
2030874285 15 0 1 1
2030877719 15 0 1 0
2030884689 15 0 1 1
2030888094 15 0 1 0
2030895064 15 0 1 1
2030896394 15 0 1 0
