0b000d01 0b001801 10000 100 562606 2000026400 1063645 1059535 1
0b000801 0b001b01 10000 100 21712 2000082234 1015507 1014186 13
0b000c01 0b001501 10000 100 116586 2000073814 1031573 1022141 12
0b000001 0b001e01 10000 100 671413 2000056995 1068058 1068658 9
0b000e01 0b001b01 10000 100 160307 2000105700 1025620 1025807 16
0b000101 0b001801 10000 100 22232 2000115018 1021839 1014231 19
0b000a01 0b001b01 10000 100 69199 2000137286 1020880 1018169 21
0b000201 0b001401 10000 100 59378 2000156656 1027511 1017345 23
0b000601 0b001f01 10000 100 2781 2000185528 1012968 1012599 26
0b000101 0b001401 10000 100 1387023 2000039233 1178365 1128656 5
0b000601 0b001801 10000 100 136356 2000279415 1046272 1023799 41
0b000001 0b001201 10000 100 51019 2000277233 1053422 1016646 40
0b000001 0b001401 10000 100 6940 2000340098 1013202 1012947 48
0b000401 0b001e01 10000 100 63031 2000294666 1060776 1017653 43
0b000201 0b001201 10000 100 1037097 2000154875 1205625 1099318 22
0b000f01 0b001b01 10000 100 69243 2000240459 1134688 1018173 35
0b000101 0b001201 10000 100 26157 2000270356 1107711 1014561 39
0b000201 0b001001 10000 100 15432 2000364622 1014655 1013661 53
0b000501 0b001901 10000 100 56511 2000361250 1019992 1017104 52
0b000a01 0b001101 10000 100 38401 2000300646 1085141 1015586 45
0b000501 0b001d01 10000 100 46068 2000379580 1016870 1016230 55
0b000b01 0b001b01 10000 100 57761 2000386864 1019763 1017208 56
0b000501 0b001a01 10000 100 8773 2000427413 1014446 1013101 61
0b000d01 0b001301 10000 100 768157 2000295209 1160927 1076770 44
0b000101 0b001d01 10000 100 37503 2000402428 1058632 1015511 57
0b000701 0b001f01 10000 100 37023 2000444365 1026673 1015472 65
0b000501 0b001c01 10000 100 371146 2000402884 1075633 1043485 58
0b000e01 0b001d01 10000 100 256190 2000441579 1038553 1033847 64
0b000d01 0b001f01 10000 100 716545 2000313962 1176718 1072441 46
0b000601 0b001301 10000 100 7487 2000510041 1057303 1012994 79
0b000501 0b001c01 10001 100 5031 2000531930 1048608 1012790 83
0b000701 0b001401 10000 100 12156 2000580666 1014194 1013387 93
0b000501 0b001001 10000 100 2326 2000581830 1013331 1012562 94
0b000401 0b001101 10000 100 36375 2000637225 1015713 1015417 101
0b000501 0b001701 10000 100 9304 2000666058 1024843 1013147 106
0b000401 0b001501 10000 100 443988 2000545520 1150989 1049589 86
0b000a01 0b001b01 10001 100 37314 2000694456 1016799 1015496 110
0b000d01 0b001d01 10000 100 266117 2000671860 1054102 1034679 107
0b000101 0b001301 10000 100 8676 2000720353 1015433 1013093 112
0b000a01 0b001801 10000 100 54926 2000785682 1019923 1016970 114
0b000301 0b001a01 10000 100 1047102 2000433582 1389505 1100157 63
0b000401 0b001901 10000 100 10626 2000807963 1024678 1013257 119
0b000f01 0b001601 10000 100 70990 2000805162 1042678 1018316 118
0b000f01 0b001201 10000 100 24803 2000860610 1015397 1014445 127
0b000901 0b001601 10000 100 33734 2000892105 1039323 1015194 132
0b000101 0b001901 10000 100 70173 2000879514 1066916 1018251 129
0b000a01 0b001c01 10000 100 60686 2000926434 1021985 1017454 135
0b000901 0b001601 10001 100 21686 2000920632 1038091 1014184 134
0b000001 0b001e01 10001 100 799 2000974607 1012424 1012432 143
0b000b01 0b001701 10000 100 7422 2001023498 1014907 1012989 148
0b000301 0b001001 10000 100 17079 2001040581 1014486 1013800 156
0b000601 0b001601 10000 100 9542 2001004892 1051502 1013166 147
0b000201 0b001601 10001 100 39478 2000952627 1117446 1015676 139
0b000e01 0b001001 10000 100 8333 2001047577 1027678 1013066 160
0b000c01 0b001e01 10000 100 39591 2001069069 1021603 1015685 162
0b000601 0b001e01 10000 100 4716021 2000193047 1912777 1407759 28
0b000d01 0b001d01 10001 100 29133 2001111363 1026681 1014810 171
0b000b01 0b001101 10000 100 162819 2001041290 1102343 1026016 157
0b000501 0b001601 10000 100 22454 2001149627 1025176 1014249 173
0b000c01 0b001501 10001 100 64674 2001155645 1022451 1017788 175
0b000001 0b001401 10001 100 36040 2001159610 1018747 1015390 179
0b000801 0b001901 10000 100 821350 2000884775 1352421 1081229 131
0b000e01 0b001101 10000 100 55827 2001227667 1022584 1017046 193
0b000e01 0b001f01 10000 100 59169 2001191448 1063760 1017328 183
0b000701 0b001b01 10000 100 65886 2001209907 1056308 1017889 188
0b000901 0b001001 10000 100 1501 2001224125 1042541 1012492 191
0b000601 0b001201 10000 100 78787 2001236983 1054840 1018971 194
0b000001 0b001601 10000 100 44676 2001267358 1050111 1016111 200
0b000201 0b001301 10000 100 69875 2001266461 1059819 1018223 199
0b000201 0b001001 10001 100 75254 2001264252 1075525 1018677 198
0b000b01 0b001c01 10000 100 4157 2001334914 1014255 1012716 213
0b000601 0b001d01 10000 100 358803 2001127288 1226383 1042447 172
0b000001 0b001701 10000 100 3441 2001306760 1074880 1012655 207
0b000b01 0b001d01 10000 100 29789 2001360464 1024489 1014863 216
0b000801 0b001301 10000 100 260204 2001288911 1115640 1034183 203
0b000a01 0b001b01 10002 100 64128 2001402158 1021986 1017744 220
0b000e01 0b001d01 10001 100 528 2001412461 1012300 1012411 222
0b000201 0b001901 10000 100 38920 2001436357 1027271 1015628 227
0b000001 0b001001 10000 100 28996 2001422573 1044159 1014796 223
0b000901 0b001701 10001 100 575891 2000862130 1624463 1060648 128
0b000d01 0b001d01 10002 100 618457 2001207346 1309022 1064218 186
0b000701 0b001a01 10000 100 693 2001464735 1059743 1012424 233
0b000801 0b001701 10000 100 7465 2001534219 1013202 1012992 248
0b000f01 0b001501 10000 100 32132 2001521678 1045237 1015062 247
0b000501 0b001801 10001 100 4138 2001563243 1013741 1012715 252
0b000001 0b001101 10000 100 41508 2001538240 1095468 1015846 250
0b000a01 0b001e01 10000 100 64718 2001611270 1087802 1017792 260
0b000901 0b001601 10002 100 27175 2001630867 1089245 1014646 264
0b000101 0b001301 10001 100 69679 2001621395 1102170 1018208 263
0b000201 0b001f01 10000 100 3444962 2000569631 2189170 1301190 91
0b000301 0b001401 10000 100 4739 2001757603 1025705 1012763 288
0b000d01 0b001601 10000 100 107566 2001738548 1059873 1021385 284
0b000901 0b001a01 10000 100 36700 2001815722 1018550 1015443 296
0b000301 0b001301 10000 100 572700 2001471571 1400323 1060381 235
0b000b01 0b001901 10000 100 2041661 2001288258 1584522 1183539 202
0b000f01 0b001601 10001 100 153163 2001811090 1074501 1025209 295
0b000d01 0b001101 10000 100 59521 2001849548 1053204 1017357 301
0b000201 0b001c01 10001 100 18703 2001714848 1190954 1013934 279
0b000f01 0b001201 10001 100 108291 2001756514 1153343 1021446 287
0b000201 0b001301 10001 100 8013 2001899454 1014114 1013040 310
0b000501 0b001601 10001 100 38645 2001782662 1142977 1015606 291
0b000f01 0b001c01 10001 100 32151 2001471857 1473586 1015063 236
0b000f01 0b001901 10000 100 42395 2001930815 1022112 1015921 316
0b000c01 0b001601 10000 100 72377 2001934759 1021941 1018435 318
0b000b01 0b001301 10000 100 141816 2001912443 1047083 1024255 312
0b000801 0b001601 10000 100 20565 2001936387 1049405 1014090 320
0b000e01 0b001301 10000 100 6825 2001980971 1018313 1012937 325
0b000901 0b001d01 10000 100 27394 2001986018 1022135 1014664 327
0b000601 0b001a01 10000 100 1273227 2001841310 1215080 1119115 299
0b000d01 0b001801 10001 100 6208 2002073370 1018241 1012888 336
0b000701 0b001401 10001 100 58299 2002060439 1046216 1017255 332
0b000c01 0b001d01 10000 100 701885 2001985252 1143218 1071211 326
0b000b01 0b001801 10000 100 62114 2002121169 1022013 1017576 349
0b000f01 0b001f01 10000 100 56593 2002094494 1069305 1017111 341
0b000101 0b001c01 10000 100 41315 2002163526 1017198 1015831 357
0b000d01 0b001601 10001 100 33228 2002163121 1024419 1015153 356
0b000a01 0b001701 10000 100 5686 2002198261 1017909 1012842 364
0b000801 0b001c01 10000 100 122210 2002177896 1044673 1022614 361
0b000d01 0b001401 10000 100 39184 2002240913 1051649 1015653 370
0b000701 0b001e01 10000 100 48987 2002262861 1057173 1016472 372
0b000401 0b001601 10000 100 69125 2002306267 1022801 1018163 374
0b000201 0b001101 10000 100 10908 2002325374 1018316 1013279 378
0b000201 0b001901 10001 100 27284 2002357095 1015144 1014655 386
0b000901 0b001501 10000 100 73513 2002340209 1036963 1018530 381
0b000401 0b001301 10000 100 114545 2002319749 1066136 1021970 376
0b000501 0b001101 10000 100 26937 2002342738 1045798 1014623 383
0b000601 0b001101 10000 100 4291 2002357797 1044262 1012727 387
0b000801 0b001501 10000 100 29363 2002420557 1017839 1014829 394
0b000b01 0b001201 10000 100 9588 2002384884 1057381 1013170 392
0b000d01 0b001001 10000 100 24529 2002402583 1064178 1014423 393
0b000701 0b001001 10000 100 531431 2002323309 1160422 1056922 377
0b000301 0b001401 10001 100 76631 2002474303 1021848 1018791 405
0b000c01 0b001301 10000 100 108044 2002447291 1055045 1021427 398
0b000b01 0b001f01 10000 100 2394731 2001031063 2489461 1213140 151
0b000701 0b001601 10000 100 66342 2002500726 1033667 1017929 409
0b000b01 0b001d01 10001 100 2983 2002488771 1050935 1012615 408
0b000b01 0b001e01 10000 100 2978406 2001044292 2497744 1262076 158
0b000c01 0b001a01 10000 100 23164 2002512861 1036146 1014310 410
0b000401 0b001c01 10000 100 811751 2002384335 1169614 1080423 391
0b000801 0b001101 10000 100 532912 2001594115 1971838 1057044 259
0b000001 0b001301 10000 100 867851 2001681873 1920337 1085126 273
0b000701 0b001801 10000 100 1310971 2002444424 1159992 1122276 396
0b000b01 0b001401 10000 100 3794 2002593007 1012791 1012683 415
0b000701 0b001c01 10000 100 24449 2002644199 1016266 1014416 426
0b000e01 0b001001 10001 100 6720 2002641074 1024360 1012929 425
0b000601 0b001801 10001 100 2335330 2001238192 2448578 1208161 195
0b000401 0b001001 10000 100 20112 2002679413 1016232 1014054 432
0b000201 0b001501 10000 100 889088 2001208371 2490866 1086909 187
0b000001 0b001d01 10000 100 47346 2002663157 1037114 1016337 431
0b000b01 0b001501 10000 100 2916366 2001215160 2530839 1256875 189
0b000c01 0b001a01 10001 100 60352 2002711120 1037288 1017427 435
0b000701 0b001701 10000 100 6692 2002751208 1013869 1012927 442
0b000b01 0b001401 10001 100 46800 2002779603 1038367 1016289 448
0b000201 0b001d01 10000 100 20997 2002806558 1022083 1014125 451
0b000301 0b001501 10000 100 963524 2001897340 1945648 1093148 309
0b000c01 0b001f01 10000 100 600756 2002659868 1194286 1062733 430
0b000501 0b001d01 10001 100 139672 2002853471 1093250 1024076 458
0b000101 0b001001 10000 100 8649 2002962327 1013315 1013091 467
0b000f01 0b001401 10001 100 4475 2001701510 2321479 1012742 275
0b000601 0b001d01 10001 100 372197 2002267561 1757623 1043573 373
0b000d01 0b001b01 10000 100 1815182 2001045738 3001250 1164553 159
0b000501 0b001801 10002 100 59568 2003035375 1033440 1017360 478
0b000101 0b001e01 10000 100 1346518 2001476632 2597523 1125258 238
0b000801 0b001701 10001 100 39856 2003077025 1020625 1015707 482
0b000c01 0b001801 10000 100 581 2003117667 1012269 1012415 484
0b000501 0b001b01 10000 100 69437 2003015350 1170212 1018188 474
0b000b01 0b001f01 10001 100 23091 2001977795 2210513 1014304 324
0b000801 0b001f01 10000 100 48290 2003167840 1046521 1016416 488
0b000e01 0b001001 10002 100 33590 2003199947 1016711 1015182 493
0b000a01 0b001501 10000 100 35301 2003193217 1041270 1015327 491
0b000701 0b001501 10000 100 20980 2003247964 1030850 1014124 503
0b000f01 0b001901 10001 100 64460 2003271704 1025162 1017771 504
0b000b01 0b001401 10002 100 7277 2003199389 1106551 1012977 492
0b000401 0b001301 10001 100 218838 2003230767 1081114 1030713 498
0b000d01 0b001001 10001 100 347 2003319863 1012389 1012396 511
0b000d01 0b001c01 10000 100 3862996 2002210117 2146874 1336238 365
0b000201 0b001601 10000 100 3809957 2000632312 3739297 1331791 100
0b000501 0b001e01 10000 100 24983 2003374899 1019589 1014459 520
0b000301 0b001601 10000 100 357560 2003343043 1072156 1042344 514
0b000601 0b001d01 10002 100 49325 2002618365 1804965 1016503 422
0b000001 0b001a01 10000 100 39192 2003418265 1016625 1015653 525
0b000e01 0b001901 10000 100 58188 2003369492 1068801 1017246 519
0b000901 0b001501 10001 100 79260 2003354793 1083955 1019013 516
0b000601 0b001b01 10000 100 8783 2003367522 1074933 1013102 517
0b000f01 0b001701 10000 100 23865 2003435515 1017805 1014366 529
0b000001 0b001801 10000 100 167372 2003459626 1043714 1026399 533
0b000f01 0b001301 10000 100 262105 2003220885 1305872 1034343 497
0b000e01 0b001701 10000 100 137 2003527757 1027256 1012379 546
0b000d01 0b001901 10000 100 8098 2003543560 1018253 1013047 550
0b000001 0b001201 10001 100 23604 2003530023 1044390 1014345 547
0b000e01 0b001301 10001 100 27146 2003573209 1016858 1014644 558
0b000801 0b001b01 10001 100 4962564 2002064470 2531778 1428428 334
0b000e01 0b001401 10000 100 163314 2003564440 1034572 1026059 556
0b000c01 0b001401 10000 100 39165 2003584601 1022605 1015651 562
0b000301 0b001901 10000 100 4744 2003571653 1042217 1012763 557
0b000701 0b001901 10000 100 719965 2003031050 1589697 1072727 475
0b000401 0b001f01 10000 100 29365 2003547525 1085587 1014829 551
0b000c01 0b001d01 10001 100 69284 2003580803 1059237 1018176 561
0b000701 0b001901 10001 100 37057 2003170443 1475082 1015475 489
0b000601 0b001001 10000 100 571 2003548084 1102009 1012414 552
0b000501 0b001501 10000 100 23694 2003658414 1023081 1014352 578
0b000e01 0b001b01 10001 100 13415 2003678332 1014651 1013491 582
0b000d01 0b001e01 10000 100 275169 2003671402 1064824 1035438 580
0b000501 0b001e01 10001 100 438127 2003575832 1163760 1049100 560
0b000d01 0b001301 10001 100 7403 2003727134 1013286 1012987 588
0b000001 0b001e01 10002 100 1940280 2001872907 2873417 1175040 304
0b000c01 0b001801 10001 100 156513 2003737838 1032783 1025488 589
0b000501 0b001a01 10001 100 130632 2003686829 1117375 1023318 585
0b000801 0b001301 10001 100 36283 2002553219 2274211 1015409 413
0b000701 0b001f01 10001 100 21233 2003801396 1040852 1014148 596
0b000001 0b001b01 10000 100 1226608 2001437133 3440339 1115205 228
0b000c01 0b001d01 10002 100 42953 2003837856 1044487 1015966 600
0b000d01 0b001701 10000 100 1685641 2002597338 2318897 1153690 418
0b000c01 0b001c01 10001 100 832186 2001805685 3144051 1082138 293
0b000301 0b001901 10001 100 66311 2003976202 1032385 1017927 626
0b000201 0b001a01 10001 100 8245 2003516749 1500996 1013059 542
0b000a01 0b001d01 10000 100 22672 2004002095 1073261 1014267 629
0b000001 0b001601 10001 100 20158 2004076610 1021526 1014058 640
0b000301 0b001e01 10000 100 44243 2004105519 1027176 1016077 647
0b000a01 0b001601 10000 100 675104 2003149465 1987435 1068969 487
0b000f01 0b001d01 10000 100 5087493 2000968866 4169880 1438902 142
0b000101 0b001501 10000 100 54924 2004140888 1019957 1016970 652
0b000801 0b001e01 10000 100 70114 2004142063 1023603 1018246 653
0b000201 0b001d01 10001 100 40356 2004088247 1117746 1015750 644
0b000501 0b001901 10001 100 560163 2003032751 2184136 1059332 476
0b000d01 0b001e01 10001 100 53596 2004241045 1039180 1016860 671
0b000401 0b001901 10001 100 63569 2004280749 1021342 1017696 675
0b000e01 0b001101 10001 100 1099161 2003210177 2100304 1104521 494
0b000301 0b001e01 10001 100 11933 2004272579 1062343 1013365 673
0b000601 0b001101 10001 100 40268 2004366180 1019641 1015743 693
0b000c01 0b001101 10000 100 6387 2004461256 1012852 1012902 704
0b000001 0b001101 10001 100 1853 2004475627 1012480 1012520 707
0b000101 0b001c01 10001 100 30051 2004474597 1078148 1014888 706
0b000201 0b001801 10000 100 1916982 2003307874 2268673 1173084 510
0b000a01 0b001401 10000 100 522696 2004352617 1307553 1056189 691
0b000f01 0b001001 10000 100 18122 2004624967 1093161 1013887 731
0b000d01 0b001d01 10003 100 887968 2002759656 2998940 1086812 445
0b000401 0b001501 10001 100 882721 2002173643 3607077 1086373 360
0b000d01 0b001901 10001 100 1558104 2004538197 1259538 1142999 714
0b000101 0b001501 10001 100 55226 2004780202 1030583 1016998 750
0b000c01 0b001801 10002 100 3144 2004763270 1057568 1012631 746
0b000f01 0b001201 10002 100 22693 2003709676 2136133 1014268 587
0b000701 0b001a01 10001 100 77415 2004839888 1039907 1018857 764
0b000c01 0b001701 10000 100 682 2004866449 1030185 1012423 769
0b000901 0b001a01 10001 100 74138 2004866767 1039177 1018584 770
0b000301 0b001801 10000 100 138717 2004874661 1053026 1023996 772
0b000101 0b001001 10001 100 123000 2004769773 1201894 1022677 747
0b000501 0b001001 10001 100 289577 2003618540 2385471 1036644 572
0b000501 0b001201 10000 100 25089 2004981525 1058646 1014471 794
0b000901 0b001301 10000 100 1847371 2001968896 4083480 1167251 323
0b000a01 0b001801 10001 100 105550 2005044304 1026551 1021216 806
0b000501 0b001901 10002 100 271646 2003816109 2263908 1035141 599
0b000c01 0b001801 10003 100 42768 2005099543 1020678 1015951 814
0b000201 0b001b01 10000 100 6768 2005108325 1047321 1012933 815
0b000501 0b001401 10000 100 5202954 2000191658 5989304 1448580 27
0b000b01 0b001301 10001 100 6373 2005022186 1188265 1012901 802
0b000401 0b001901 10002 100 7056 2005213343 1014231 1012960 825
0b000f01 0b001a01 10000 100 298213 2005207100 1040354 1037370 824
0b000a01 0b001901 10000 100 1092633 2003411459 2870710 1103972 524
0b000501 0b001301 10000 100 643001 2002434222 3973648 1066278 395
0b000001 0b001401 10002 100 1119 2005437007 1014656 1012462 863
0b000f01 0b001a01 10001 100 37742 2005444547 1019367 1015530 866
0b000b01 0b001001 10000 100 32999 2005461415 1019938 1015131 868
0b000f01 0b001e01 10000 100 74710 2005444867 1055663 1018629 867
0b000501 0b001201 10001 100 42991 2005486045 1051300 1015969 875
0b000b01 0b001101 10001 100 37875 2003244279 3297552 1015540 500
0b000d01 0b001801 10002 100 2563 2005543449 1012814 1012581 881
0b000601 0b001e01 10001 100 1468854 2004325773 2270872 1135514 680
0b000301 0b001901 10002 100 72824 2005553862 1050427 1018471 882
0b000d01 0b001301 10002 100 21789 2005608683 1015149 1014192 893
0b000d01 0b001401 10001 100 1894776 2003033111 3611256 1171223 477
0b000601 0b001101 10002 100 350126 2005559331 1147118 1041722 883
0b000601 0b001801 10002 100 58112 2005655700 1056852 1017240 902
0b000a01 0b001901 10001 100 1405175 2003845434 2870743 1130178 603
0b000f01 0b001f01 10001 100 7255 2004974858 1754138 1012976 790
0b000901 0b001a01 10002 100 265316 2005635555 1093710 1034611 899
0b000301 0b001601 10001 100 1538546 2005045057 1687811 1141358 807
0b000601 0b001601 10001 100 26999 2005704488 1050782 1014628 909
0b000a01 0b001701 10001 100 6569 2005751746 1014326 1012917 919
0b000301 0b001e01 10002 100 54383 2005746380 1038335 1016926 916
0b000201 0b001601 10002 100 32912 2002099748 4691765 1015124 343
0b000101 0b001401 10001 100 79058 2003004638 3810756 1018996 472
0b000801 0b001e01 10001 100 26098 2005808258 1019812 1014556 934
0b000301 0b001401 10002 100 8590 2005837312 1013608 1013086 940
0b000601 0b001501 10000 100 133828 2005895650 1083343 1023585 947
0b000201 0b001301 10002 100 1982492 2005275785 1752114 1178579 834
0b000501 0b001f01 10000 100 664001 2005891697 1163528 1068038 946
0b000301 0b001801 10001 100 99361 2006110893 1063273 1020697 978
0b000c01 0b001e01 10002 100 19658 2002804903 4396570 1014014 450
0b000201 0b001b01 10001 100 1680418 2005747294 1489327 1153253 917
0b000a01 0b001c01 10001 100 30892 2006173670 1070969 1014955 985
0b000601 0b001701 10000 100 15618 2006227588 1058801 1013675 993
0b000001 0b001101 10002 100 5817 2006255299 1041932 1012853 997
0b000c01 0b001001 10000 100 199397 2006292961 1062108 1029084 999
0b000b01 0b001c01 10001 100 27636 2006373383 1015687 1014683 1010
0b000201 0b001b01 10002 100 169768 2006388417 1033664 1026599 1013
0b000501 0b001701 10002 100 40339 2002013845 5462632 1015749 329
0b000c01 0b001c01 10002 100 847524 2002693382 4810248 1083423 434
0b000301 0b001d01 10001 100 618371 2002829100 4718024 1064211 455
0b000901 0b001601 10003 100 36684 2006487545 1085965 1015441 1033
0b000401 0b001c01 10001 100 4211 2006559558 1014333 1012721 1048
0b000a01 0b001c01 10002 100 25912 2006577014 1015614 1014537 1050
0b000801 0b001601 10001 100 29668 2006588269 1018511 1014853 1052
0b000301 0b001c01 10000 100 95846 2006637484 1026030 1020401 1060
0b000901 0b001801 10000 100 102240 2006638322 1044826 1020939 1061
0b000a01 0b001a01 10000 100 25684 2006700587 1026237 1014519 1075
0b000101 0b001901 10001 100 2799 2005695809 2032152 1012600 907
0b000501 0b001c01 10002 100 4103 2006739505 1013157 1012712 1083
0b000a01 0b001001 10000 100 25154 2006753445 1018055 1014477 1090
0b000e01 0b001901 10001 100 1424204 2004869731 2940986 1131773 771
0b000c01 0b001201 10000 100 4437 2006785767 1027937 1012739 1095
0b000001 0b001a01 10002 100 36745 2006790894 1037148 1015446 1097
0b000401 0b001201 10001 100 4355 2002716187 5240186 1012732 436
0b000801 0b001501 10001 100 29008 2006937116 1023948 1014800 1124
0b000701 0b001301 10000 100 3515779 2001293562 6683212 1307128 204
0b000e01 0b001401 10001 100 822794 2003881232 4107161 1081348 610
0b000c01 0b001f01 10001 100 156495 2007008492 1086193 1025487 1137
0b000001 0b001a01 10001 100 3004905 2006611272 1501639 1264296 1057
0b000f01 0b001f01 10002 100 66873 2005994802 2140681 1017972 962
0b000a01 0b001b01 10003 100 188246 2007162738 1057596 1028150 1154
0b000a01 0b001f01 10000 100 471058 2006031586 2217464 1051862 967
0b000801 0b001901 10001 100 281 2003474707 4782669 1012391 537
0b000501 0b001601 10002 100 24655 2007242316 1042496 1014433 1163
0b000401 0b001401 10000 100 39775 2007269307 1016722 1015700 1167
0b000c01 0b001b01 10000 100 26530 2007377374 1016274 1014591 1184
0b000701 0b001d01 10000 100 85407 2007368791 1033588 1019527 1182
0b000301 0b001e01 10003 100 4984 2007403378 1028531 1012782 1188
0b000601 0b001301 10001 100 4774785 2000926692 7533607 1412683 136
0b000301 0b001401 10003 100 13506 2007454128 1014242 1013499 1199
0b000b01 0b001901 10001 100 41581 2007476833 1079783 1015852 1202
0b000201 0b001101 10001 100 2585 2007499816 1086094 1012583 1206
0b000401 0b001301 10002 100 1256227 2005918476 2682371 1117690 950
0b000101 0b001901 10002 100 36428 2006378477 2223641 1015421 1011
0b000c01 0b001001 10001 100 8885 2007533580 1078372 1013110 1212
0b000601 0b001101 10003 100 48743 2007650030 1085536 1016452 1230
0b000e01 0b001201 10000 100 72527 2007723781 1022324 1018447 1243
0b000a01 0b001901 10002 100 70502 2006484367 2274165 1018277 1031
0b000701 0b001b01 10001 100 71909 2007733775 1039869 1018394 1249
0b000101 0b001101 10000 100 77933 2007645640 1134230 1018899 1228
0b000401 0b001301 10003 100 32206 2006478725 2312899 1015068 1030
0b000d01 0b001201 10000 100 39246 2007789949 1019551 1015658 1257
0b000901 0b001d01 10001 100 491287 2007646480 1227199 1053557 1229
0b000201 0b001801 10001 100 4368 2006585847 2339105 1012733 1051
0b000501 0b001e01 10002 100 962042 2004723291 4225361 1093026 743
0b000301 0b001c01 10001 100 876638 2007828064 1123883 1085863 1262
0b000401 0b001901 10003 100 9691 2007937888 1029844 1013178 1288
0b000301 0b001201 10000 100 9233 2007955592 1014281 1013142 1292
0b000301 0b001b01 10000 100 47627 2007900084 1105705 1016359 1281
0b000701 0b001e01 10001 100 31813 2007870019 1151482 1015032 1272
0b000501 0b001701 10003 100 36803 2002342501 6682682 1015451 382
0b000901 0b001e01 10000 100 2344157 2003211481 5816902 1208902 495
0b000301 0b001e01 10004 100 2524 2008052465 1035444 1012578 1306
0b000e01 0b001901 10002 100 8781 2005795276 3318798 1013102 933
0b000f01 0b001701 10001 100 43986 2008077853 1048031 1016052 1311
0b000f01 0b001a01 10002 100 350 2008140286 1012472 1012396 1327
0b000a01 0b001a01 10001 100 9063 2008125210 1032369 1013128 1321
0b000001 0b001701 10001 100 46497 2008118017 1049464 1016265 1319
0b000301 0b001601 10002 100 18211 2008133021 1063205 1013894 1325
0b000501 0b001601 10003 100 6219 2008145288 1053036 1012889 1328
0b000e01 0b001701 10001 100 365988 2008028245 1172310 1043049 1305
0b000c01 0b001d01 10003 100 498923 2008025327 1182279 1054195 1303
0b000601 0b001601 10002 100 112212 2008151800 1068006 1021775 1329
0b000901 0b001701 10000 100 2512611 2000500119 8804479 1223023 75
0b000401 0b001d01 10000 100 6343058 2002348081 6993069 1544170 385
0b000901 0b001d01 10002 100 6100 2008191640 1151950 1012879 1335
0b000701 0b001f01 10002 100 5339004 2005471632 3922541 1459990 869
0b000201 0b001801 10002 100 202248 2006957562 2483240 1029324 1130
0b000f01 0b001601 10002 100 1217592 2006858826 2603402 1114449 1110
0b000b01 0b001b01 10001 100 6453478 2005480298 4023252 1553426 873
0b000f01 0b001d01 10001 100 173249 2003482361 6027920 1026893 538
0b000101 0b001901 10003 100 11174 2007115497 2427263 1013305 1147
0b000d01 0b001e01 10002 100 809868 2008430305 1151063 1080264 1372
0b000c01 0b001b01 10001 100 291359 2008594176 1052157 1036795 1405
0b000e01 0b001101 10002 100 450 2008629829 1016514 1012404 1413
0b000401 0b001601 10001 100 418645 2004564343 5089112 1047465 716
0b000e01 0b001001 10003 100 14089 2008596853 1072247 1013549 1406
0b000e01 0b001001 10004 100 92619 2008617348 1065558 1020131 1409
0b000701 0b001101 10000 100 95534 2008667882 1024067 1020376 1423
0b000501 0b001b01 10001 100 47869 2003543237 6170853 1016378 549
0b000501 0b001601 10004 100 74899 2008721552 1022944 1018644 1438
0b000e01 0b001301 10002 100 2757 2008734789 1030208 1012597 1444
0b000a01 0b001e01 10001 100 56852 2008732554 1049431 1017132 1443
0b000501 0b001c01 10003 100 20121 2008664303 1130870 1014055 1420
0b000b01 0b001601 10000 100 9191 2008777389 1020591 1013138 1450
0b000201 0b001b01 10003 100 603070 2008651256 1166432 1062929 1417
0b000a01 0b001e01 10002 100 13408 2008807822 1015618 1013491 1457
0b000a01 0b001c01 10003 100 59027 2008687380 1138076 1017317 1430
0b000501 0b001101 10002 100 92720 2006198699 3628986 1020139 987
0b000501 0b001a01 10002 100 4541 2008828927 1019160 1012747 1460
0b000701 0b001501 10001 100 7469 2008830550 1065475 1012993 1463
0b000501 0b001701 10004 100 133275 2002476472 7439040 1023541 406
0b000801 0b001c01 10001 100 42428 2008790191 1136645 1015924 1454
0b000b01 0b001501 10001 100 4942 2005408614 4587727 1012779 858
0b000701 0b001b01 10002 100 4588 2008939609 1070822 1012751 1478
0b000c01 0b001701 10001 100 22849 2009014060 1020659 1014281 1488
0b000a01 0b001701 10002 100 24372 2009053360 1016609 1014410 1498
0b000301 0b001401 10005 100 16752 2009080008 1016434 1013770 1503
0b000701 0b001f01 10003 100 117994 2007379782 2718103 1022257 1185
0b000b01 0b001b01 10002 100 127148 2007532149 2568554 1023028 1209
0b000101 0b001301 10002 100 167 2007552156 2646272 1012382 1215
0b000301 0b001401 10004 100 1951966 2008997143 1211159 1176017 1486
0b000b01 0b001b01 10003 100 68477 2007657121 2584337 1018108 1233
0b000c01 0b001301 10001 100 53402 2005572756 4766842 1016844 886
0b000601 0b001a01 10001 100 22322 2009334712 1015519 1014239 1546
0b000801 0b001601 10002 100 7802 2009242001 1163515 1013019 1528
0b000401 0b001f01 10002 100 185420 2005584756 4857568 1027912 889
0b000f01 0b001601 10003 100 22330 2007807447 2651176 1014239 1259
0b000301 0b001201 10001 100 27087 2009395489 1092315 1014639 1554
0b000801 0b001a01 10000 100 734 2009504553 1012569 1012427 1578
0b000401 0b001b01 10000 100 1158258 2003688417 6837034 1109476 586
0b000801 0b001801 10000 100 2952 2009510870 1060824 1012612 1580
0b000b01 0b001e01 10001 100 77101 2005701235 4887965 1018832 908
0b000f01 0b001201 10003 100 189704 2006649969 3949677 1028270 1063
0b000701 0b001101 10002 100 119804 2009546820 1093974 1022410 1585
0b000d01 0b001101 10001 100 141377 2009568122 1090763 1024220 1589
0b000b01 0b001601 10002 100 3279 2009662012 1091751 1012642 1607
0b000201 0b001801 10003 100 25119 2008105576 2679495 1014474 1318
0b000201 0b001101 10002 100 70055 2008134070 2715703 1018242 1326
0b000f01 0b001201 10004 100 21780 2006791076 4162046 1014191 1098
0b000b01 0b001f01 10002 100 1209160 2003336124 7620656 1113744 513
0b000301 0b001b01 10001 100 61995 2008206303 2808486 1017562 1337
0b000701 0b001d01 10001 100 3826 2010011042 1013162 1012686 1664
0b000701 0b001601 10001 100 2133 2010122308 1051938 1012547 1679
0b000501 0b001101 10001 100 3517076 2005621710 5563563 1307240 896
0b000301 0b001f01 10000 100 363855 2010029959 1181403 1042871 1667
0b000d01 0b001a01 10000 100 493909 2010242542 1076054 1053774 1697
0b000201 0b001101 10003 100 33055 2008529492 2849889 1015139 1392
0b000001 0b001c01 10000 100 1874 2010029546 1373891 1012522 1666
0b000301 0b001c01 10002 100 8135 2010436635 1117081 1013050 1726
0b000b01 0b001001 10001 100 48967 2010546730 1036024 1016470 1749
0b000e01 0b001d01 10002 100 28721 2010563083 1033239 1014774 1752
0b000601 0b001a01 10002 100 908848 2009460707 2149946 1088563 1571
0b000c01 0b001001 10002 100 16264 2008711313 2931513 1013731 1436
0b000d01 0b001a01 10001 100 21420 2010638024 1018880 1014163 1764
0b000f01 0b001001 10001 100 771293 2006111242 5547676 1077032 979
0b000c01 0b001401 10001 100 158085 2010662863 1039713 1025622 1771
0b000601 0b001601 10003 100 122441 2010466392 1237856 1022632 1736
0b000501 0b001801 10003 100 159293 2004059745 7703479 1025722 639
0b000001 0b001501 10000 100 529962 2007379792 4429680 1056797 1186
0b000a01 0b001701 10003 100 982743 2010437502 1382633 1094759 1727
0b000f01 0b001701 10002 100 180154 2010813795 1042000 1027472 1795
0b000801 0b001901 10002 100 363262 2004705060 7208226 1042823 740
0b000b01 0b001301 10002 100 38680 2010895698 1040858 1015609 1802
0b000a01 0b001801 10002 100 34859 2010904923 1035669 1015288 1804
0b000e01 0b001c01 10000 100 59812 2010951303 1040908 1017380 1812
0b000e01 0b001301 10003 100 43186 2010983441 1026784 1015988 1816
0b000301 0b001801 10002 100 28059 2007605985 4477721 1014721 1223
0b000f01 0b001801 10000 100 673256 2007521604 4606804 1068813 1208
0b000301 0b001801 10003 100 8275 2007635796 4493475 1013061 1226
0b000501 0b001c01 10004 100 64379 2009173683 3047608 1017764 1516
0b000a01 0b001801 10003 100 73126 2011223381 1027367 1018499 1856
0b000301 0b001801 10004 100 2199 2007732750 4623583 1012552 1247
0b000701 0b001901 10002 100 6584 2009351384 3055992 1012918 1549
0b000501 0b001601 10005 100 17152 2011474640 1017463 1013806 1905
0b000b01 0b001401 10003 100 623588 2011349431 1160008 1064648 1881
0b000001 0b001d01 10001 100 7165 2011639193 1014465 1012968 1925
0b000a01 0b001501 10002 100 1446586 2004821075 7924496 1133648 759
0b000f01 0b001a01 10003 100 54373 2011642053 1123500 1016926 1926
0b000701 0b001801 10001 100 1764975 2011260125 1570751 1160340 1863
0b000801 0b001e01 10002 100 61245 2011813429 1023125 1017502 1957
0b000501 0b001401 10001 100 28474 2003379113 9477878 1014754 521
0b000001 0b001201 10003 100 4889543 2004787144 8091291 1422306 752
0b000301 0b001401 10006 100 3396 2011868723 1018256 1012652 1970
0b000301 0b001c01 10003 100 55327 2011855852 1052717 1017006 1967
0b000001 0b001401 10003 100 34398 2011902295 1021617 1015251 1975
0b000d01 0b001a01 10002 100 26848 2011910320 1018605 1014616 1976
0b000e01 0b001001 10005 100 26684 2009746912 3295484 1014603 1618
0b000101 0b001601 10001 100 1811834 2004410667 8644267 1164269 700
0b000601 0b001701 10001 100 28978 2009812607 3258729 1014794 1632
0b000901 0b001601 10004 100 3650 2012099437 1013160 1012672 2008
0b000b01 0b001601 10003 100 25692 2009855892 3260791 1014520 1643
0b000201 0b001101 10004 100 500036 2009780473 3415085 1054291 1621
0b000701 0b001901 10003 100 50304 2009869895 3396138 1016585 1647
0b000201 0b001001 10002 100 33533 2012294441 1019620 1015178 2033
0b000a01 0b001601 10001 100 25601 2006949174 6421596 1014512 1127
0b000c01 0b001601 10001 100 9390 2012487967 1013404 1013154 2065
0b000601 0b001801 10003 100 2112017 2007129116 6433595 1189440 1151
0b000d01 0b001a01 10003 100 47639 2012717403 1019639 1016360 2102
0b000101 0b001701 10000 100 3861 2012734490 1013340 1012689 2107
0b000801 0b001e01 10003 100 21954 2012646029 1110969 1014205 2092
0b000001 0b001e01 10003 100 9381 2003526244 10256771 1013153 545
0b000c01 0b001301 10002 100 25784 2007112302 6677797 1014527 1146
0b000801 0b001301 10002 100 263 2005225658 8638644 1012389 828
0b000301 0b001c01 10004 100 7910 2012797610 1087949 1013028 2116
0b000f01 0b001701 10003 100 8434 2012874100 1014505 1013074 2135
0b000101 0b001501 10002 100 8794 2012880863 1014750 1013103 2136
0b000701 0b001701 10001 100 5623294 2002991011 11003999 1483824 471
0b000601 0b001401 10000 100 13949 2012991476 1023236 1013534 2155
0b000601 0b001801 10004 100 43581 2008665546 5364902 1016020 1422
0b000801 0b001101 10002 100 23299 2006131347 7947557 1014321 981
0b000e01 0b001701 10002 100 27683 2008640429 5482324 1014687 1415
0b000001 0b001d01 10002 100 56582 2013030015 1122372 1017110 2159
0b000201 0b001a01 10003 100 126666 2004673970 9632650 1022985 734
0b000801 0b001a01 10001 100 69309 2013302762 1070745 1018178 2198
0b000801 0b001001 10000 100 1093450 2004000732 10410958 1104041 628
0b000901 0b001501 10003 100 8919 2005382838 9104168 1013113 854
Average intra_dc ratio: 1.7803933525744289
