0b001001 0b001201 10000 100 20974 2000031975 5832 5918 3
0b001501 0b001a01 10000 100 26249 2000035301 10446 10523 4
0b001f01 0b001001 10000 100 29451 2000053405 10711 10791 8
0b001401 0b001b01 10000 100 159422 2000050168 36764 21688 7
0b001001 0b001a01 10000 100 69195 2000072451 16123 14124 11
0b001401 0b001301 10000 100 982624 2000005413 103112 90704 0
0b001e01 0b001c01 10000 100 690324 2000048551 61390 62039 6
0b001301 0b001d01 10000 100 62491 2000103204 13518 13561 15
0b001501 0b001d01 10000 100 4708 2000112951 8670 8715 18
0b001601 0b001001 10000 100 54653 2000112906 13069 12903 17
0b001101 0b001401 10000 100 489323 2000127737 48881 49347 20
0b001701 0b001c01 10000 100 60138 2000224286 13259 13365 30
0b001f01 0b001501 10000 100 2356 2000239101 8810 8520 34
0b001701 0b001f01 10000 100 62956 2000236361 13606 13598 32
0b001501 0b001a01 10001 100 32631 2000242586 11286 11057 36
0b001d01 0b001601 10000 100 6880 2000252165 9847 8897 37
0b001a01 0b001501 10000 100 1925358 2000096270 168622 169744 14
0b001401 0b001701 10000 100 19822 2000262871 5838 5822 38
0b001c01 0b001401 10000 100 1165397 2000237296 106097 106029 33
0b001101 0b001001 10000 100 1078 2000343630 4279 4253 49
0b001101 0b001801 10000 100 1002 2000349726 8400 8407 50
0b001c01 0b001a01 10000 100 713178 2000337355 67462 68116 47
0b001e01 0b001201 10000 100 6343 2000453987 9138 8854 68
0b001b01 0b001101 10000 100 71668 2000415700 55559 14329 59
0b001d01 0b001a01 10000 100 319799 2000450364 35074 35132 66
0b001301 0b001201 10000 100 70584 2000474955 13230 10079 70
0b001b01 0b001901 10000 100 3259852 2000212131 280609 277466 29
0b001c01 0b001601 10000 100 5018 2000498020 8701 8744 74
0b001601 0b001101 10000 100 70581 2000467011 52440 14239 69
0b001701 0b001e01 10000 100 77794 2000495036 31595 14843 73
0b001c01 0b001201 10000 100 75496 2000504830 23473 14651 77
0b001301 0b001f01 10000 100 4201 2000529144 9255 8675 82
0b001b01 0b001201 10000 100 188725 2000503628 34867 24143 76
0b001c01 0b001701 10000 100 44899 2000564058 12226 12084 89
0b001901 0b001201 10000 100 40241 2000568965 13557 11696 90
0b001601 0b001201 10000 100 4735 2000575738 8909 8718 92
0b001c01 0b001301 10000 100 142942 2000521994 79475 20304 80
0b001b01 0b001e01 10000 100 20566 2000626025 10214 10045 98
0b001a01 0b001e01 10000 100 9032 2000630097 9083 9080 99
0b001c01 0b001501 10000 100 14943 2000651267 9686 9573 103
0b001b01 0b001801 10000 100 900 2000684902 4183 4235 109
0b001301 0b001201 10001 100 1316788 2000563509 230558 114560 88
0b001701 0b001e01 10001 100 662343 2000659793 170460 63853 105
0b001d01 0b001901 10000 100 483607 2000684838 169688 48867 108
0b001e01 0b001a01 10000 100 30172 2000850272 11117 10852 125
0b001801 0b001201 10000 100 647719 2000695998 177876 62625 111
0b001a01 0b001201 10000 100 32307 2000791840 86838 11031 116
0b001e01 0b001b01 10000 100 12975 2000834726 74301 9407 124
0b001e01 0b001901 10000 100 37148 2000894633 52144 11437 133
0b001801 0b001301 10000 100 894819 2000788838 184264 83342 115
0b001a01 0b001801 10000 100 88812 2000959276 17773 11606 140
0b001001 0b001101 10000 100 3495699 2000226381 751895 297240 31
0b001901 0b001501 10000 100 129176 2000964087 31784 19153 141
0b001701 0b001d01 10000 100 80046 2000949191 48349 15034 137
0b001701 0b001001 10000 100 27102 2001001891 12488 10595 146
0b001101 0b001e01 10000 100 23355 2001025198 11553 10280 149
0b001901 0b001001 10000 100 23001 2001035712 11815 10252 154
0b001901 0b001f01 10000 100 42013 2001054233 13506 11846 161
0b001201 0b001701 10001 100 122228 2001034715 33867 18570 153
0b001101 0b001001 10001 100 50659 2001070991 11703 8408 163
0b001801 0b001a01 10001 100 6703 2001039319 50105 4723 155
0b001801 0b001301 10001 100 54815 2001079534 22245 12916 167
0b001901 0b001401 10000 100 3002 2001105808 8807 8575 170
0b001801 0b001901 10000 100 663639 2001081141 71375 59800 168
0b001e01 0b001701 10000 100 8058 2001150718 9779 8999 174
0b001b01 0b001401 10000 100 24500 2001158891 12648 10376 178
0b001c01 0b001801 10000 100 56792 2001157583 18925 13082 177
0b001c01 0b001f01 10000 100 46508 2001156599 28442 8061 176
0b001401 0b001c01 10000 100 8681 2001176259 11472 9049 181
0b001b01 0b001701 10000 100 8706 2001176420 13503 9051 182
0b001701 0b001101 10000 100 7671 2001198677 9476 8964 184
0b001201 0b001b01 10000 100 6603 2001201156 8850 8875 185
0b001f01 0b001a01 10000 100 4991 2001220094 9324 8738 190
0b001201 0b001801 10000 100 196409 2001241129 30025 24789 196
0b001301 0b001901 10000 100 12460 2001286893 16598 9366 201
0b001401 0b001901 10000 100 10026 2001293893 19894 9164 205
0b001101 0b001401 10001 100 38670 2001302096 11830 11563 206
0b001801 0b001e01 10000 100 25279 2001256018 58440 10442 197
0b001d01 0b001f01 10000 100 70 2001321873 4173 4169 211
0b001301 0b001c01 10000 100 13468 2001318955 10569 9451 209
0b001701 0b001001 10001 100 193273 2001320309 40935 24526 210
0b001e01 0b001b01 10001 100 37458 2001351168 11633 11462 214
0b001f01 0b001e01 10001 100 66652 2001322658 43617 9749 212
0b001101 0b001001 10002 100 6989 2001362437 4910 4746 217
0b001901 0b001301 10001 100 3958 2001369126 8986 8652 218
0b001701 0b001a01 10000 100 25580 2001387967 12609 10466 219
0b001a01 0b001501 10001 100 9657 2001431108 9833 9130 226
0b001501 0b001801 10001 100 1443 2001426379 23599 8443 225
0b001601 0b001101 10001 100 26942 2001439551 13581 10579 230
0b001701 0b001f01 10001 100 182785 2001404072 54488 23645 221
0b001801 0b001a01 10000 100 849153 2000646241 815985 75356 102
0b001e01 0b001501 10000 100 5015 2001477684 9101 8744 239
0b001f01 0b001301 10000 100 41258 2001476398 15916 11781 237
0b001101 0b001901 10000 100 12318 2001488199 26643 9355 240
0b001d01 0b001101 10000 100 52537 2001467230 49263 12726 234
0b001f01 0b001d01 10000 100 127947 2001499224 35268 14887 241
0b001b01 0b001701 10001 100 592 2001545133 11549 8371 251
0b001d01 0b001c01 10000 100 1121450 2001311015 251517 98184 208
0b001e01 0b001801 10001 100 24415 2001537810 48576 10369 249
0b001801 0b001b01 10000 100 175283 2001566680 32834 18858 253
0b001401 0b001901 10001 100 69468 2001578024 21757 14146 258
0b001601 0b001901 10000 100 11278 2001611947 12227 9268 261
0b001801 0b001101 10000 100 1153120 2000477212 1163195 105000 71
0b001b01 0b001401 10001 100 61274 2001632298 14868 13460 265
0b001d01 0b001901 10001 100 25577 2001639830 11148 10466 266
0b001c01 0b001601 10001 100 56657 2001660462 21985 13071 268
0b001d01 0b001901 10002 100 40221 2001689430 14447 11695 274
0b001901 0b001401 10001 100 22631 2001707869 14317 10218 277
0b001f01 0b001b01 10000 100 73289 2001666826 64779 14467 269
0b001701 0b001b01 10000 100 2528 2001671278 67416 8533 270
0b001c01 0b001901 10000 100 12075 2001723407 23835 9335 281
0b001901 0b001201 10001 100 28863 2001732189 17429 10740 282
0b001f01 0b001301 10001 100 16566 2001713114 47786 9710 278
0b001801 0b001301 10002 100 29797 2001738637 26055 10818 285
0b001701 0b001e01 10004 100 60370 2001733178 42389 13383 283
0b001d01 0b001801 10001 100 22214 2001764306 12373 10185 289
0b001b01 0b001601 10001 100 62386 2001795819 19082 13552 292
0b001401 0b001201 10000 100 8617 2001806537 9938 9043 294
0b001901 0b001c01 10000 100 185975 2001779873 40222 23912 290
0b001a01 0b001f01 10000 100 27597 2001834070 23039 10635 298
0b001701 0b001e01 10005 100 49653 2001829310 34593 12484 297
0b001b01 0b001e01 10001 100 14017 2001872838 11924 9498 303
0b001801 0b001b01 10001 100 40900 2001887175 9681 7589 305
0b001d01 0b001801 10000 100 3225616 2000813742 1088253 278757 121
0b001b01 0b001801 10001 100 46964 2001904618 10091 8097 311
0b001e01 0b001b01 10002 100 15241 2001924709 11778 9600 314
0b001a01 0b001201 10001 100 67836 2001895193 48757 14008 308
0b001101 0b001b01 10000 100 68861 2001931395 23679 14093 317
0b001901 0b001001 10001 100 22839 2001934993 36999 10235 319
0b001401 0b001501 10000 100 2994342 2000855942 1134805 255208 126
0b001001 0b001401 10000 100 88041 2001918164 96816 15705 313
0b001201 0b001c01 10000 100 1181005 2001845744 186268 107339 300
0b001b01 0b001001 10000 100 63708 2002047493 17202 13662 330
0b001301 0b001101 10000 100 172202 2002064262 29896 18600 333
0b001d01 0b001901 10003 100 95875 2002075619 23379 16358 337
0b001701 0b001b01 10001 100 24682 2002004826 98060 10390 328
0b001201 0b001f01 10001 100 25006 2002094034 13789 10420 340
0b001a01 0b001901 10000 100 20583 2002104623 6546 5887 345
0b001401 0b001701 10001 100 58387 2002111950 10928 9057 347
0b001401 0b001001 10000 100 607531 2001925303 201548 59257 315
0b001701 0b001a01 10001 100 25046 2002101634 36792 10423 344
0b001701 0b001201 10000 100 2458013 2000350613 1794087 214403 51
0b001101 0b001501 10000 100 46576 2002069173 83224 12226 335
0b001401 0b001d01 10000 100 50408 2002143622 17856 12548 354
0b001601 0b001101 10002 100 31964 2002121783 50685 11000 350
0b001901 0b001b01 10000 100 23648 2002171881 13467 6144 358
0b001901 0b001e01 10000 100 448959 2002058928 135200 45960 331
0b001601 0b001101 10003 100 41849 2002156366 49345 11829 355
0b001301 0b001a01 10000 100 3267012 2000528930 1695042 282230 81
0b001a01 0b001701 10000 100 497436 2002119280 112178 50027 348
0b001c01 0b001d01 10000 100 76677 2002218264 19194 10589 367
0b001f01 0b001b01 10001 100 1441406 2001746021 494575 129169 286
0b001101 0b001a01 10000 100 23199 2002221565 25822 10268 368
0b001701 0b001e01 10003 100 1037576 2001714851 536299 95312 280
0b001901 0b001f01 10001 100 417581 2002137362 120915 43331 353
0b001c01 0b001d01 10001 100 22172 2002254944 8442 6022 371
0b001d01 0b001601 10001 100 255245 2002228820 35095 29722 369
0b001701 0b001201 10001 100 367123 2001893336 392366 39102 306
0b001d01 0b001a01 10001 100 2396960 2000616516 1723490 209281 97
0b001501 0b001a01 10002 100 30361 2002332784 13264 10867 380
0b001f01 0b001b01 10002 100 35806 2002343467 19594 11322 384
0b001501 0b001901 10000 100 2765740 2000543046 1821313 240200 85
0b001301 0b001a01 10001 100 53788 2002358539 18552 12830 388
0b001701 0b001801 10000 100 3016795 2001646669 755226 261248 267
0b001d01 0b001201 10000 100 3822 2002329020 92489 8641 379
0b001901 0b001301 10002 100 366753 2002365382 57297 39069 389
0b001c01 0b001401 10002 100 708287 2002194983 253447 67705 363
0b001c01 0b001701 10001 100 19879 2002372486 81561 9987 390
0b001201 0b001001 10000 100 173299 2002447969 44159 18692 399
0b001401 0b001e01 10000 100 7764 2002467699 24469 8971 404
0b001601 0b001701 10000 100 1710537 2002316334 184366 147573 375
0b001c01 0b001901 10001 100 69724 2002483155 19678 14166 407
0b001801 0b001201 10001 100 25303 2002445649 59192 10444 397
0b001f01 0b001501 10001 100 4008206 2000655958 1854891 344371 104
0b001301 0b001901 10001 100 1023 2002520306 8426 8409 411
0b001501 0b001801 10000 100 1670335 2001359771 1175391 148363 215
0b001e01 0b001c01 10002 100 34954 2002547548 10230 7090 412
0b001001 0b001801 10000 100 21320 2002553911 11843 10110 414
0b001e01 0b001801 10000 100 1049562 2001423115 1163923 96316 224
0b001801 0b001901 10001 100 4380637 2001224870 1433808 371434 192
0b001d01 0b001201 10001 100 45559 2002650671 13082 12141 428
0b001f01 0b001801 10000 100 34438 2002658155 18912 11209 429
0b001b01 0b001601 10000 100 1281784 2001461248 1230002 115785 232
0b001c01 0b001301 10001 100 2943607 2000731812 1973366 255113 113
0b001a01 0b001601 10000 100 60282 2002683718 22027 13376 433
0b001201 0b001f01 10000 100 6613760 2000281472 2448124 562818 42
0b001401 0b001901 10002 100 6418 2002721401 9079 8860 437
0b001601 0b001201 10001 100 3140758 2000880774 1870941 271642 130
0b001601 0b001b01 10000 100 23851 2002737767 13952 10320 440
0b001601 0b001e01 10000 100 1465 2002736536 17969 8444 439
0b001901 0b001601 10000 100 107901 2002729012 35261 17366 438
0b001001 0b001101 10001 100 539299 2002607600 157921 49377 420
0b001c01 0b001601 10002 100 7447 2002757995 9716 8946 444
0b001d01 0b001001 10000 100 6323114 2000799197 1985591 538453 117
0b001501 0b001201 10000 100 21649 2002756638 46679 10136 443
0b001001 0b001201 10003 100 78011 2002813350 22888 10704 452
0b001301 0b001901 10002 100 5958 2002840995 9353 8819 456
0b001901 0b001801 10000 100 1742971 2002645377 213052 150290 427
0b001101 0b001801 10001 100 8085 2002858269 9613 9001 459
0b001c01 0b001f01 10001 100 699600 2002803129 68318 62816 449
0b001501 0b001201 10001 100 30308 2002826762 49472 10863 454
0b001c01 0b001001 10000 100 19021 2002859905 19258 9918 460
0b001a01 0b001f01 10001 100 4499 2002851612 34712 8699 457
0b001101 0b001301 10000 100 1471489 2002740127 159419 127531 441
0b001e01 0b001f01 10000 100 45382 2002899842 8391 7967 462
0b001501 0b001b01 10000 100 4397883 2001619817 1299538 377038 262
0b001e01 0b001001 10000 100 113948 2002876994 50429 17873 461
0b001901 0b001701 10000 100 1344312 2001568242 1375059 121029 254
0b001301 0b001701 10000 100 2090829 2001516388 1445013 183615 245
0b001601 0b001101 10005 100 107 2002953741 8134 8332 466
0b001a01 0b001001 10000 100 1557380 2002769956 219073 138893 446
0b001601 0b001701 10001 100 19670 2002946441 44644 5810 465
0b001e01 0b001001 10001 100 60378 2002922756 74711 13384 464
0b001201 0b001a01 10000 100 63808 2002968153 30648 13670 468
0b001a01 0b001c01 10000 100 22247 2003004917 11911 10188 473
0b001701 0b001601 10000 100 9879886 2001028505 2019465 832490 150
0b001a01 0b001501 10002 100 32264 2003051448 12091 11027 480
0b001001 0b001c01 10000 100 6290443 2000810664 2265717 535712 120
0b001901 0b001a01 10000 100 3365487 2001507761 1631200 286324 244
0b001401 0b001d01 10001 100 19109 2003100528 39969 9925 483
0b001201 0b001401 10000 100 6245301 2001032566 2118883 531928 152
0b001d01 0b001c01 10001 100 57367 2003220316 12349 8972 496
0b001901 0b001501 10001 100 598288 2003145049 109128 58483 486
0b001701 0b001e01 10002 100 4333149 2001499601 1760540 371614 242
0b001301 0b001f01 10001 100 59477 2003246740 26851 13308 502
0b001e01 0b001701 10001 100 14220 2003295420 11825 9515 506
0b001401 0b001601 10000 100 63185 2003301651 10570 9460 508
0b001501 0b001c01 10000 100 6414 2003302527 10071 8860 509
0b001a01 0b001201 10002 100 78000 2003284487 52160 14859 505
0b001801 0b001401 10000 100 542555 2003243262 100734 53809 499
0b001701 0b001201 10002 100 29865 2003329848 37809 10824 512
0b001401 0b001101 10000 100 5592204 2000364992 3038691 477173 54
0b001e01 0b001701 10002 100 48306 2003401558 20464 12372 523
0b001501 0b001e01 10000 100 11611 2003434437 9499 9294 528
0b001d01 0b001701 10000 100 69600 2003432572 16193 14156 527
0b001101 0b001001 10003 100 23965 2003468252 7304 6169 535
0b001e01 0b001c01 10001 100 2843690 2002078259 1401200 242576 338
0b001a01 0b001501 10003 100 72252 2003459552 20597 14380 532
0b001001 0b001201 10002 100 1242144 2002127112 1353924 108304 351
0b001501 0b001701 10000 100 61440 2003500119 13399 9313 540
0b001001 0b001201 10001 100 3738966 2000949836 2565024 317635 138
0b001c01 0b001401 10001 100 2072401 2002092864 1427182 182072 339
0b001601 0b001001 10001 100 21998 2003512334 11563 10164 541
0b001501 0b001e01 10001 100 6151 2003520803 9449 8838 543
0b001501 0b001b01 10001 100 1256 2003444190 98148 8428 530
0b001801 0b001901 10002 100 3160 2003549720 11951 4428 553
0b001b01 0b001e01 10002 100 9293 2003563882 11066 9101 555
0b001b01 0b001801 10002 100 67174 2003558572 17919 9795 554
0b001b01 0b001d01 10001 100 273891 2003468867 111231 31283 536
0b001701 0b001601 10001 100 466 2003592063 4126 4201 567
0b001501 0b001101 10001 100 762 2003592129 8639 8384 568
0b001f01 0b001e01 10000 100 4958195 2001175452 2430285 419858 180
0b001c01 0b001101 10000 100 431437 2003585569 60041 44493 565
0b001c01 0b001001 10001 100 24230 2003644072 11515 10354 576
0b001d01 0b001801 10002 100 190714 2003574948 82071 24310 559
0b001f01 0b001601 10000 100 71790 2003626109 32594 14339 574
0b001b01 0b001201 10001 100 6431 2003619973 45118 8861 573
0b001401 0b001901 10003 100 63450 2003677907 45476 13641 581
0b001e01 0b001001 10002 100 1146517 2003432210 326553 104445 526
0b001c01 0b001e01 10000 100 970 2003786070 4313 4241 594
0b001601 0b001901 10001 100 19500 2003798213 17274 9956 595
0b001201 0b001101 10000 100 29988 2003805916 14724 6674 598
0b001501 0b001101 10002 100 2787 2003746164 80490 8554 592
0b001601 0b001a01 10000 100 1236571 2003663298 183202 111995 579
0b001301 0b001401 10000 100 32675 2003893914 16743 11060 613
0b001901 0b001b01 10001 100 8594 2003839575 74856 4882 601
0b001401 0b001d01 10002 100 134098 2003880032 64676 19566 609
0b001b01 0b001901 10001 100 959581 2003540709 413779 84612 548
0b001b01 0b001c01 10000 100 93884 2003930711 31324 16191 622
0b001d01 0b001f01 10001 100 259609 2003904760 63020 25927 616
0b001401 0b001001 10001 100 7667 2003924671 55545 8964 621
0b001001 0b001301 10000 100 5335 2003920572 65469 4609 620
0b001001 0b001201 10004 100 953276 2003851113 136209 84085 604
0b001201 0b001901 10000 100 24213 2004013629 39320 10353 630
0b001101 0b001301 10001 100 74650 2004055154 18081 10420 638
0b001c01 0b001601 10003 100 866854 2003900401 173045 80997 615
0b001e01 0b001201 10001 100 10001 2004031297 53453 9162 633
0b001e01 0b001101 10000 100 5169526 2001940057 2156590 441734 321
0b001801 0b001b01 10003 100 9375 2004111135 5118 4948 650
0b001e01 0b001601 10000 100 53504 2004096392 30327 12807 646
0b001c01 0b001701 10002 100 4226 2004106890 40663 8677 649
0b001801 0b001101 10001 100 7958 2003953002 200897 8987 625
0b001e01 0b001601 10001 100 3905 2004151874 12109 8647 655
0b001601 0b001201 10003 100 74175 2004163640 19717 14542 657
0b001c01 0b001f01 10002 100 70092 2004130448 56244 10040 651
0b001301 0b001601 10001 100 52045 2004106310 83478 12687 648
0b001701 0b001101 10001 100 3801 2004077828 114802 8639 642
0b001401 0b001501 10001 100 20989 2004201694 6913 5919 663
0b001301 0b001601 10002 100 39843 2004221768 12721 11661 666
0b001101 0b001d01 10000 100 6404 2004185013 50681 8859 659
0b001801 0b001901 10003 100 60278 2004172349 65342 9216 658
0b001901 0b001001 10002 100 1689261 2003804389 450731 149950 597
0b001e01 0b001901 10002 100 1285 2004229753 37220 8430 669
0b001d01 0b001001 10001 100 446106 2004195332 104688 45724 661
0b001c01 0b001e01 10001 100 71676 2004296534 10422 10170 678
0b001201 0b001001 10001 100 7610 2004331917 4836 4799 683
0b001201 0b001a01 10001 100 33916 2004328353 11894 11163 681
0b001d01 0b001801 10003 100 69976 2004333533 14658 14186 685
0b001b01 0b001701 10002 100 3988473 2002636662 1739998 342715 424
0b001f01 0b001c01 10000 100 63683 2004370672 13837 9500 695
0b001601 0b001101 10004 100 4642077 2002465717 1919977 397515 403
0b001801 0b001501 10000 100 9161 2004351771 37360 9091 690
0b001a01 0b001101 10000 100 18857 2004332153 57700 9901 684
0b001401 0b001601 10001 100 62911 2004378231 17130 9434 696
0b001a01 0b001901 10001 100 10091 2004386413 13135 5009 697
0b001201 0b001701 10000 100 5203924 2000604711 3808040 444617 96
0b001201 0b001401 10001 100 281239 2004368678 82028 31902 694
0b001801 0b001c01 10000 100 42566 2004446519 18618 11890 702
0b001a01 0b001f01 10002 100 816725 2004348562 119073 76795 688
0b001001 0b001901 10000 100 675739 2004351254 136004 64974 689
0b001601 0b001401 10000 100 1023513 2003369002 1139394 89973 518
0b001e01 0b001f01 10001 100 2271187 2003486722 1031401 194579 539
0b001801 0b001501 10001 100 8633 2004461821 72373 9045 705
0b001401 0b001801 10000 100 69299 2004519269 24679 14132 712
0b001101 0b001501 10001 100 53654 2004499055 58060 12819 709
0b001901 0b001701 10001 100 9276 2004573907 10174 9100 718
0b001c01 0b001101 10001 100 34353 2004575398 11830 11202 720
0b001d01 0b001f01 10002 100 58167 2004576697 16136 9039 722
0b001d01 0b001801 10004 100 54771 2004590777 18013 12912 726
0b001801 0b001b01 10002 100 1783131 2002464010 2154301 153661 402
0b001901 0b001601 10001 100 3080866 2004278423 371002 266620 674
0b001501 0b001401 10000 100 45698 2004581642 136333 7992 723
0b001b01 0b001c01 10001 100 185265 2004691606 30665 23855 736
0b001701 0b001b01 10002 100 35986 2004686267 61735 11337 735
0b001701 0b001901 10000 100 2714679 2003244671 1508114 235919 501
0b001e01 0b001401 10000 100 669156 2004433577 333255 64425 701
0b001b01 0b001101 10002 100 8301 2004778391 31017 9018 749
0b001001 0b001d01 10000 100 10958 2004692771 117646 9238 737
0b001a01 0b001201 10003 100 57290 2004795909 18603 13125 753
0b001d01 0b001901 10004 100 53836 2004823095 16740 12834 762
0b001d01 0b001301 10000 100 1341580 2004630205 214399 120799 732
0b001e01 0b001401 10001 100 5290 2004591494 257301 8766 727
0b001901 0b001201 10002 100 5670 2004822257 31351 8796 761
0b001701 0b001201 10003 100 4315 2004844869 9300 8684 767
0b001801 0b001b01 10004 100 27125 2004884791 6772 6437 774
0b001301 0b001f01 10002 100 17075 2004881809 15534 9755 773
0b001f01 0b001701 10000 100 28359 2004801714 96814 10700 755
0b001f01 0b001501 10002 100 5945344 2002213958 2695154 506780 366
0b001301 0b001401 10001 100 29073 2004806314 110326 10761 757
0b001701 0b001401 10000 100 37621 2004812904 107090 7315 758
0b001301 0b001101 10001 100 831465 2004801120 135826 73872 754
0b001101 0b001f01 10000 100 875897 2003889177 1062563 81755 612
0b001b01 0b001c01 10002 100 50488 2004910176 42328 12554 777
0b001b01 0b001e01 10003 100 1873 2004919221 38302 8477 780
0b001a01 0b001e01 10001 100 63953 2004917201 45714 13682 779
0b001801 0b001501 10002 100 39253 2004937909 26387 11613 782
0b001601 0b001301 10000 100 931891 2003739090 1228596 86450 590
0b001101 0b001201 10000 100 5918120 2001858813 3120453 500338 302
0b001801 0b001301 10003 100 808791 2003657929 1325144 76129 577
0b001001 0b001501 10000 100 157890 2004934949 51147 21557 781
0b001101 0b001301 10002 100 26820 2004978432 18868 6409 793
0b001501 0b001d01 10001 100 2005 2004974986 28552 8491 791
0b001301 0b001e01 10000 100 21098 2005000583 15104 10092 798
0b001401 0b001101 10001 100 56101 2005003199 18796 13026 800
0b001301 0b001201 10002 100 77216 2005002922 25383 10636 799
0b001e01 0b001f01 10004 100 1693529 2004222624 810521 146147 667
0b001e01 0b001a01 10001 100 247755 2004949954 92540 29092 785
0b001301 0b001d01 10002 100 25484 2004990922 68033 10458 796
0b001301 0b001601 10000 100 1612171 2003919382 1153440 143487 619
0b001f01 0b001301 10002 100 61521 2005049473 42190 13479 810
0b001d01 0b001c01 10002 100 20627 2005048573 89757 5890 809
0b001301 0b001f01 10003 100 112479 2005093683 57239 17752 813
0b001b01 0b001001 10001 100 44901 2005043580 120032 12084 805
0b001801 0b001601 10000 100 1006291 2005053166 141599 92690 811
0b001201 0b001b01 10001 100 3911695 2003180572 2034416 336277 490
0b001201 0b001c01 10001 100 67411 2005153539 76559 13974 820
0b001201 0b001001 10003 100 30000 2005140531 91349 6675 819
0b001301 0b001101 10002 100 642573 2005091907 187177 58034 812
0b001e01 0b001f01 10003 100 1680427 2004036215 1264393 145049 634
0b001901 0b001e01 10001 100 416440 2005122501 183211 43236 817
0b001401 0b001d01 10004 100 4586 2005287634 52769 8706 839
0b001001 0b001901 10001 100 34546 2005328337 13725 11218 844
0b001201 0b001301 10000 100 6225 2005308979 33604 4684 842
0b001401 0b001c01 10001 100 70933 2005331245 24402 14267 846
0b001d01 0b001c01 10003 100 68759 2005334990 21345 9925 847
0b001701 0b001901 10002 100 418184 2005312866 73016 43383 843
0b001401 0b001f01 10000 100 72214 2005389269 34608 14377 855
0b001801 0b001c01 10001 100 60946 2005286509 152782 13429 838
0b001101 0b001e01 10001 100 1076547 2004020397 1420829 98579 631
0b001701 0b001101 10002 100 8804 2005438886 9794 9058 865
0b001301 0b001701 10001 100 540301 2005337230 122334 53621 848
0b001101 0b001b01 10001 100 2604252 2004996153 471480 226663 797
0b001101 0b001401 10002 100 180657 2005161168 310224 23467 821
0b001e01 0b001001 10003 100 185681 2005246493 237440 23888 832
0b001301 0b001701 10002 100 299 2005438531 48796 8347 864
0b001701 0b001001 10002 100 22372 2005350806 142048 10198 850
0b001501 0b001101 10003 100 1931497 2004291279 1228177 170258 677
0b001201 0b001601 10000 100 25093 2005541118 11901 10427 879
0b001d01 0b001301 10001 100 1752368 2004717283 836785 155240 742
0b001e01 0b001f01 10002 100 4123591 2003585021 1971428 349883 564
0b001001 0b001201 10005 100 20237 2005561612 6185 5859 884
0b001401 0b001f01 10001 100 451950 2005417043 151009 46211 861
0b001901 0b001b01 10002 100 1671593 2005290743 280448 144307 840
0b001301 0b001f01 10004 100 5086 2005523655 54246 8749 877
0b001e01 0b001701 10003 100 1824570 2003951854 1651125 161293 624
0b001c01 0b001901 10002 100 13184 2005585488 20578 9428 890
0b001601 0b001801 10000 100 186544 2005583807 29403 23961 888
0b001b01 0b001001 10002 100 737368 2005398507 224203 70143 857
0b001001 0b001901 10002 100 170708 2005602602 32727 22633 891
0b001f01 0b001101 10000 100 56577 2005477767 167153 13065 871
0b001501 0b001401 10001 100 10271 2005477942 183796 5023 872
0b001a01 0b001501 10004 100 1990581 2004235281 1438061 175211 670
0b001301 0b001d01 10001 100 4477558 2003637941 2039069 383720 575
0b001501 0b001201 10002 100 190801 2005607949 76722 24317 892
0b001a01 0b001001 10002 100 986174 2005329982 359647 91004 845
0b001c01 0b001401 10003 100 3437 2005651052 66955 8610 900
0b001401 0b001601 10003 100 23715 2005708332 12230 6149 910
0b001101 0b001001 10004 100 376902 2005653312 69885 35759 901
0b001501 0b001701 10001 100 18487 2005720247 6054 5711 912
0b001201 0b001e01 10000 100 168656 2005625091 108902 22461 898
0b001201 0b001401 10002 100 137747 2005659303 77035 19869 904
0b001a01 0b001e01 10002 100 4992 2005676298 69939 8738 906
0b001e01 0b001f01 10005 100 30695 2005758297 10745 6734 920
0b001501 0b001401 10002 100 47762 2005734574 34738 8165 913
0b001101 0b001201 10001 100 1050782 2005624580 168328 92258 897
0b001201 0b001801 10001 100 67197 2005776469 25656 13956 924
0b001e01 0b001d01 10000 100 81020 2005760147 50263 10956 921
0b001d01 0b001701 10002 100 29253 2005742530 144034 10775 914
0b001f01 0b001501 10003 100 1213364 2004408805 1483949 110050 699
0b001d01 0b001b01 10000 100 65044 2005787842 113944 13776 928
0b001a01 0b001901 10002 100 164033 2005899936 35711 17916 949
0b001b01 0b001801 10003 100 4077 2005946359 4847 4505 957
0b001701 0b001e01 10006 100 1218030 2004695133 1258506 110443 739
0b001301 0b001801 10001 100 81848 2005945012 23707 15182 954
0b001c01 0b001301 10002 100 196456 2005821325 149057 24792 936
0b001601 0b001a01 10001 100 33095 2005960648 22648 11098 959
0b001d01 0b001801 10005 100 34227 2005851205 136312 11192 941
0b001601 0b001701 10002 100 22856 2005945166 46906 6076 956
0b001801 0b001d01 10002 100 68316 2005983660 25494 14050 961
0b001b01 0b001101 10001 100 4221877 2004199547 1830466 362282 662
0b001901 0b001c01 10001 100 3707501 2003680727 2384321 319158 583
0b001901 0b001301 10003 100 1090320 2005875833 207778 99735 944
0b001f01 0b001901 10000 100 170205 2006000137 97890 22593 963
0b001101 0b001501 10002 100 95682 2006086845 33310 16343 973
0b001101 0b001201 10003 100 852242 2005873810 249015 75614 943
0b001701 0b001901 10001 100 1780212 2004762579 1373112 157576 745
0b001e01 0b001c01 10003 100 1895121 2004839989 1301615 163050 765
0b001401 0b001701 10002 100 232644 2006039821 104396 23666 969
0b001801 0b001d01 10000 100 1047827 2003681858 2498917 96170 584
0b001101 0b001601 10000 100 1501832 2005887460 308217 134234 945
0b001e01 0b001901 10003 100 370336 2006108835 102997 39371 977
0b001801 0b001e01 10001 100 16537 2006204063 11423 9708 988
0b001601 0b001d01 10000 100 815765 2004977160 1256328 76714 792
0b001c01 0b001901 10003 100 8535 2006234214 9669 9037 994
0b001601 0b001b01 10002 100 61585 2006211124 39501 13484 989
0b001201 0b001701 10002 100 8549582 2001702626 4610511 725118 276
0b001001 0b001101 10002 100 30941 2006322138 8934 6754 1006
0b001601 0b001001 10002 100 1212536 2005837307 500337 109980 939
0b001c01 0b001701 10003 100 2087360 2004968617 1385552 183326 789
0b001501 0b001c01 10001 100 78087 2006307155 54417 14870 1002
0b001d01 0b001701 10003 100 45902 2006317471 44441 12168 1004
0b001901 0b001f01 10002 100 6062 2006358840 16552 8831 1007
0b001801 0b001b01 10005 100 27497 2006383954 7966 6467 1012
0b001601 0b001201 10002 100 2528579 2003906254 2494495 220317 617
0b001f01 0b001401 10000 100 2994 2006406564 9010 8571 1017
0b001601 0b001d01 10001 100 6477 2006411362 21975 8865 1019
0b001b01 0b001501 10000 100 2949417 2004916382 1535057 255601 778
0b001301 0b001201 10003 100 709 2006462624 4276 4220 1027
0b001b01 0b001f01 10000 100 20230 2006433059 37002 10019 1023
0b001d01 0b001e01 10001 100 81785 2006425715 52286 11017 1021
0b001301 0b001801 10000 100 1291841 2005217496 1261900 116628 826
0b001101 0b001f01 10001 100 49347 2006395996 89664 12459 1014
0b001701 0b001901 10003 100 1541111 2005930005 561809 137530 952
0b001e01 0b001601 10002 100 34661 2006503280 13477 11227 1036
0b001301 0b001d01 10003 100 2995 2006501173 27319 8571 1035
0b001c01 0b001101 10002 100 41455 2006518944 15425 11797 1039
0b001301 0b001401 10002 100 17021 2006521500 13104 9750 1042
0b001f01 0b001401 10001 100 5009 2006523156 11712 8743 1043
0b001901 0b001c01 10002 100 1031569 2005125559 1415279 94808 818
0b001a01 0b001f01 10003 100 7670 2006521107 31611 8964 1040
0b001901 0b001c01 10004 100 55484 2006512585 51916 12973 1038
0b001701 0b001101 10004 100 55236 2006521162 47777 12953 1041
0b001701 0b001501 10000 100 5829 2006572094 6508 4649 1049
0b001801 0b001401 10001 100 1700096 2004396084 2195251 150859 698
0b001101 0b001201 10002 100 2439743 2005823260 793272 208709 937
0b001e01 0b001801 10003 100 25351 2006589579 36628 10447 1054
0b001e01 0b001801 10004 100 22588 2006595855 39080 10215 1056
0b001a01 0b001001 10001 100 2049510 2003896255 2748761 180152 614
0b001f01 0b001101 10002 100 1110 2006652015 9953 8416 1064
0b001d01 0b001501 10000 100 368400 2006496434 187044 39208 1034
0b001601 0b001501 10000 100 71005 2006665148 24520 10116 1066
0b001701 0b001301 10000 100 2016780 2005942773 774725 177407 953
0b001f01 0b001c01 10001 100 11335 2006728169 6594 5112 1079
0b001001 0b001401 10001 100 1852850 2005783623 965236 163663 926
0b001101 0b001601 10001 100 31944 2006669891 80624 10998 1068
0b001101 0b001301 10003 100 14751 2006728788 65407 5397 1080
0b001401 0b001201 10001 100 25149 2006773114 26812 10431 1091
0b001501 0b001001 10001 100 1119836 2004892219 1911960 102207 775
0b001601 0b001a01 10002 100 12822 2006740367 65424 9395 1084
0b001d01 0b001601 10003 100 4736 2006795957 34511 8718 1099
0b001301 0b001c01 10001 100 31868 2006834346 11917 10992 1107
0b001e01 0b001b01 10003 100 2256722 2005295734 1554235 197524 841
0b001b01 0b001801 10004 100 297658 2006716621 139535 29116 1077
0b001a01 0b001801 10002 100 63689 2006777152 96627 9500 1092
0b001c01 0b001001 10002 100 44660 2006878244 13897 12065 1116
0b001201 0b001601 10001 100 830622 2006589387 331587 77960 1053
0b001201 0b001601 10002 100 43594 2006909788 14646 11976 1121
0b001101 0b001601 10002 100 79431 2006900075 25807 14981 1118
0b001901 0b001701 10002 100 71198 2006905274 24071 14292 1119
0b001b01 0b001501 10001 100 59448 2006844104 87000 13306 1109
0b001101 0b001801 10003 100 143206 2006911436 28146 20329 1122
0b001e01 0b001501 10001 100 22078 2006860329 80694 10174 1111
0b001c01 0b001301 10003 100 1702 2006790764 157380 8463 1096
0b001701 0b001501 10001 100 231517 2006826205 127673 23572 1106
0b001001 0b001501 10001 100 45688 2006908813 61761 12151 1120
0b001501 0b001b01 10002 100 1881925 2005793118 1181955 166100 932
0b001201 0b001b01 10002 100 4256 2006968474 9007 8679 1133
0b001901 0b001701 10003 100 7394 2006973809 31327 8942 1135
0b001101 0b001f01 10002 100 24678 2006963310 44439 10390 1132
0b001701 0b001201 10004 100 2705401 2006300892 712046 235143 1001
0b001701 0b001a01 10002 100 6184174 2004842662 2190091 526804 766
0b001a01 0b001401 10000 100 4018846 2005038546 2022066 345260 803
0b001401 0b001a01 10000 100 20206 2007032548 41580 10017 1139
0b001a01 0b001401 10001 100 1522698 2006696954 379974 135984 1074
0b001b01 0b001301 10001 100 4101303 2003587050 3495269 352175 566
0b001401 0b001b01 10001 100 33215 2007122054 35334 11107 1149
0b001501 0b001801 10002 100 983 2007125972 37047 8402 1150
0b001201 0b001101 10002 100 22288 2007201926 7321 6031 1158
0b001801 0b001e01 10002 100 28026 2007157836 53726 10673 1153
0b001001 0b001201 10006 100 35396 2007204483 11210 7129 1159
0b001e01 0b001801 10002 100 1164313 2005234632 1987772 105938 830
0b001501 0b001901 10001 100 1362695 2006977694 249068 122569 1136
0b001e01 0b001c01 10004 100 175743 2007172025 69201 18895 1155
0b001401 0b001201 10003 100 35028 2007212162 36728 11260 1160
0b001801 0b001b01 10006 100 1126130 2007119277 134098 98578 1148
0b001401 0b001701 10003 100 691502 2006957203 319033 62137 1128
0b001501 0b001d01 10002 100 48146 2007266959 22487 12359 1165
0b001a01 0b001101 10001 100 23710 2007341854 14028 10308 1176
0b001801 0b001d01 10001 100 2918698 2003842000 3526198 253024 602
0b001a01 0b001601 10001 100 3042786 2006959262 413532 263428 1131
0b001601 0b001301 10001 100 27360 2007356145 21267 10616 1178
0b001f01 0b001401 10002 100 75947 2007301093 77524 14687 1170
0b001c01 0b001801 10001 100 59681 2007359311 21688 13324 1181
0b001f01 0b001801 10001 100 9530749 2004193943 3198504 807378 660
0b001f01 0b001701 10001 100 65258 2007337039 58331 13794 1174
0b001e01 0b001501 10002 100 21862 2007375096 20805 10153 1183
0b001d01 0b001901 10007 100 53482 2007357466 43324 12805 1179
0b001901 0b001801 10001 100 484 2007426537 4129 4202 1191
0b001f01 0b001201 10001 100 4705 2007427534 11208 8715 1192
0b001b01 0b001401 10002 100 24758 2007442111 11591 10396 1196
0b001601 0b001701 10003 100 15344 2007446197 8517 5448 1197
0b001101 0b001701 10001 100 6373 2007428850 42026 8856 1193
0b001101 0b001301 10004 100 1675619 2007317893 189813 144645 1172
0b001601 0b001801 10001 100 3216036 2005771494 1737355 277956 923
0b001f01 0b001001 10002 100 67480 2007509499 56002 13979 1207
0b001b01 0b001a01 10000 100 50265 2007555085 19495 8377 1216
0b001201 0b001501 10000 100 1770604 2006222683 1379508 156768 992
0b001e01 0b001801 10005 100 52371 2007592311 17718 12713 1218
0b001d01 0b001701 10001 100 3671593 2004501674 3113344 316147 710
0b001901 0b001c01 10005 100 34683 2007577613 82203 11229 1217
0b001301 0b001601 10003 100 126768 2007641131 30253 18949 1227
0b001401 0b001201 10002 100 1896206 2006948878 733714 167300 1126
0b001f01 0b001e01 10005 100 79308 2007630244 62558 10811 1225
0b001101 0b001001 10005 100 40785 2007680915 17469 7580 1238
0b001701 0b001401 10001 100 2180 2007702158 4476 4345 1242
0b001701 0b001801 10001 100 19805 2007689068 28963 9981 1241
0b001b01 0b001301 10002 100 48911 2007740108 15586 12421 1250
0b001201 0b001701 10003 100 71248 2007748791 24004 14296 1252
0b001701 0b001101 10003 100 2371078 2005945075 1828635 207114 955
0b001901 0b001d01 10000 100 28128 2007662997 118995 10681 1235
0b001101 0b001001 10006 100 463522 2007682610 104734 43023 1239
0b001c01 0b001501 10002 100 102438 2007726732 62261 16910 1245
0b001001 0b001201 10007 100 169896 2007770392 22775 18404 1254
0b001d01 0b001601 10002 100 2559487 2006248199 1545666 222909 996
0b001601 0b001b01 10004 100 46634 2007788109 19461 12231 1256
0b001201 0b001001 10002 100 3357197 2004773994 3080604 285630 748
0b001401 0b001601 10004 100 1193764 2007431705 437578 104246 1194
0b001a01 0b001701 10001 100 4849 2007875061 9197 8727 1274
0b001201 0b001101 10003 100 22566 2007860217 35705 6053 1268
0b001501 0b001f01 10000 100 26038 2007861509 39094 10506 1269
0b001601 0b001801 10002 100 685139 2006503878 1402623 65765 1037
0b001e01 0b001801 10006 100 507355 2007684348 241064 50859 1240
0b001d01 0b001601 10004 100 4046 2007938800 13288 8662 1289
0b001401 0b001e01 10001 100 7345721 2004515286 3438522 624186 711
0b001401 0b001c01 10002 100 24370 2007747842 211044 10365 1251
0b001e01 0b001201 10002 100 64376 2007901686 62097 13719 1282
0b001101 0b001d01 10001 100 167255 2007913970 64383 22345 1284
0b001901 0b001201 10003 100 397621 2007888342 99901 41658 1277
0b001501 0b001401 10003 100 93226 2007956969 31685 11979 1293
0b001501 0b001d01 10003 100 53916 2007911132 83178 12840 1283
0b001601 0b001901 10002 100 142969 2007987278 32519 20306 1297
0b001301 0b001d01 10004 100 685906 2007836552 201617 65826 1263
0b001801 0b001b01 10007 100 1805112 2007410865 633754 155504 1189
0b001601 0b001501 10001 100 960731 2006745835 1337368 84708 1088
0b001501 0b001e01 10002 100 138724 2007965152 130133 19951 1295
0b001301 0b001701 10003 100 7047664 2005778848 2321745 599197 925
0b001101 0b001201 10004 100 1344627 2007890505 246219 116894 1279
0b001f01 0b001901 10001 100 45797 2008125419 44639 12160 1323
0b001d01 0b001b01 10001 100 131843 2008081885 89093 19374 1313
0b001901 0b001a01 10001 100 51778 2008184815 9619 8501 1332
0b001801 0b001101 10002 100 49574 2008102979 92655 12477 1316
0b001f01 0b001d01 10002 100 311523 2007978200 225486 30279 1296
0b001901 0b001401 10002 100 38639 2008190716 13047 11560 1333
0b001101 0b001401 10003 100 8656 2008267088 9868 9047 1341
0b001f01 0b001d01 10003 100 28530 2008304061 15136 6553 1345
0b001e01 0b001c01 10005 100 12359 2008312463 8741 5198 1349
0b001301 0b001401 10004 100 74072 2008310954 24861 14533 1348
0b001801 0b001b01 10008 100 204327 2008284837 70499 21293 1344
0b001301 0b001401 10003 100 310079 2008310653 51347 34320 1347
0b001601 0b001801 10003 100 5253 2008354176 27607 8763 1353
0b001501 0b001201 10003 100 34550 2008362611 39059 11218 1357
0b001e01 0b001901 10004 100 1626058 2006971764 1435988 144652 1134
0b001201 0b001c01 10002 100 23660 2008409964 12966 10304 1366
0b001d01 0b001201 10002 100 60896 2008360530 64015 13425 1355
0b001101 0b001201 10005 100 47821 2008422396 17234 8170 1367
0b001001 0b001a01 10002 100 28593 2008433199 11456 10718 1374
0b001001 0b001101 10003 100 130547 2008347778 100376 15106 1352
0b001101 0b001001 10007 100 65995 2008439043 16198 9693 1377
0b001c01 0b001501 10001 100 4672875 2006158779 2302806 400094 982
0b001d01 0b001301 10003 100 18400 2008437998 42411 9864 1375
0b001d01 0b001101 10001 100 4161508 2005619122 2863307 357222 894
0b001501 0b001d01 10004 100 7870 2008480700 10579 8980 1383
0b001901 0b001301 10004 100 46107 2008438273 62582 12189 1376
0b001b01 0b001501 10002 100 297975 2008462159 51044 33302 1379
0b001001 0b001501 10002 100 4424 2008524847 9014 8693 1390
0b001801 0b001f01 10001 100 39199 2008526731 14798 11609 1391
0b001501 0b001701 10002 100 5367767 2006451214 2123219 454194 1025
0b001c01 0b001e01 10002 100 400739 2008425050 151207 37758 1368
0b001d01 0b001e01 10002 100 881 2008556833 27429 4234 1399
0b001201 0b001801 10002 100 10823 2008538911 53620 9228 1394
0b001101 0b001301 10005 100 50930 2008569561 40296 8430 1402
0b001401 0b001301 10001 100 7770 2008549234 66691 8972 1398
0b001801 0b001701 10000 100 11375 2008603805 17126 9276 1407
0b001101 0b001a01 10001 100 33200 2008672906 24988 11106 1425
0b001501 0b001601 10000 100 76483 2008669598 47648 10574 1424
0b001c01 0b001601 10004 100 507 2008626056 96355 8364 1411
0b001201 0b001e01 10001 100 1013917 2008541494 182735 93327 1396
0b001401 0b001101 10002 100 18856 2008685314 48840 9901 1428
0b001f01 0b001701 10002 100 189744 2008591548 154642 24229 1404
0b001601 0b001b01 10005 100 51021 2008717202 33675 12601 1437
0b001e01 0b001501 10003 100 296483 2008687292 83902 33179 1429
0b001401 0b001001 10002 100 199314 2008675665 115424 25033 1426
0b001501 0b001301 10000 100 36034 2008785854 29449 11344 1452
0b001601 0b001801 10004 100 309 2008794470 31503 8348 1456
0b001801 0b001701 10001 100 106823 2008708602 126901 17276 1435
0b001b01 0b001801 10005 100 43140 2008873443 21377 7780 1468
0b001301 0b001b01 10000 100 69393 2008851543 45375 14140 1466
0b001401 0b001201 10005 100 187283 2008660572 236527 24024 1418
0b001401 0b001c01 10003 100 975127 2008642792 264330 90078 1416
0b001101 0b001c01 10000 100 147927 2008830124 82389 20722 1461
0b001801 0b001701 10002 100 64411 2008897381 20195 13722 1472
0b001c01 0b001d01 10003 100 1671434 2007414145 1516947 144295 1190
0b001201 0b001101 10004 100 346213 2008877240 65401 33189 1469
0b001001 0b001d01 10001 100 198175 2008791369 164196 24938 1455
0b001801 0b001d01 10003 100 77522 2008825829 145296 14821 1459
0b001401 0b001901 10004 100 45791 2008952638 32298 12159 1481
0b001501 0b001e01 10003 100 166192 2008935260 53178 22256 1475
0b001f01 0b001b01 10003 100 27496 2008939160 56477 10627 1477
0b001101 0b001f01 10003 100 53969 2008975146 26454 12844 1483
0b001b01 0b001301 10000 100 4904425 2002824840 6177465 419509 453
0b001101 0b001701 10000 100 9078584 2005117709 3896719 769470 816
0b001001 0b001a01 10001 100 1540519 2007672835 1347779 137478 1237
0b001501 0b001101 10004 100 49499 2009035288 14301 12471 1492
0b001e01 0b001701 10004 100 9599 2009049042 9926 9126 1495
0b001b01 0b001e01 10004 100 1401641 2008730347 351592 125834 1442
0b001001 0b001601 10000 100 23432 2009018880 66817 10286 1491
0b001f01 0b001a01 10001 100 4284887 2006957530 2128243 367565 1129
0b001f01 0b001401 10003 100 29596 2009015683 74586 10802 1490
0b001a01 0b001c01 10002 100 4259758 2004957550 4159854 365459 788
0b001a01 0b001501 10006 100 13506 2009060739 59061 9454 1501
0b001f01 0b001901 10002 100 54546 2009059072 62386 12894 1500
0b001d01 0b001301 10004 100 1412 2009109696 12627 8440 1506
0b001201 0b001701 10005 100 37740 2009105390 17804 11485 1504
0b001e01 0b001901 10001 100 7051998 2004047304 5078780 599559 636
0b001201 0b001701 10006 100 63251 2009108574 22003 13625 1505
0b001a01 0b001501 10005 100 22737 2009050058 104761 10227 1496
0b001a01 0b001701 10003 100 51256 2009143759 15440 12620 1511
0b001c01 0b001401 10004 100 638562 2009047889 129188 61858 1494
0b001301 0b001701 10004 100 22456 2009169400 23375 10204 1515
0b001501 0b001101 10000 100 5439854 2002618581 6597233 464397 423
0b001d01 0b001001 10002 100 32561 2009156025 61283 11051 1512
0b001201 0b001b01 10003 100 37765 2009195806 28099 11487 1521
0b001801 0b001201 10002 100 66515 2008878991 407339 13898 1470
0b001d01 0b001901 10006 100 3885290 2006368410 2920014 334065 1009
0b001c01 0b001601 10005 100 27553 2009272675 15874 10631 1534
0b001a01 0b001301 10000 100 47955 2009258838 63443 12340 1533
0b001e01 0b001f01 10008 100 947090 2007848400 1481172 83567 1267
0b001201 0b001301 10002 100 4295232 2006741883 2591988 364275 1086
0b001001 0b001901 10004 100 40343 2009277888 63940 11704 1535
0b001801 0b001101 10004 100 46329 2009337122 19106 12206 1547
0b001401 0b001c01 10004 100 820 2009245031 117119 8389 1530
0b001b01 0b001001 10003 100 1897002 2007894180 1470468 167368 1280
0b001e01 0b001201 10003 100 75602 2009113349 266565 14660 1508
0b001401 0b001d01 10005 100 6248 2009389139 9047 8846 1552
0b001101 0b001401 10004 100 79083 2009383578 19940 14953 1551
0b001001 0b001601 10001 100 63078 2009396751 15085 13612 1555
0b001201 0b001a01 10002 100 20696 2009402172 20333 10056 1557
0b001101 0b001801 10002 100 4199448 2006732226 2697826 360403 1081
0b001501 0b001c01 10003 100 9487 2009322156 116124 9117 1543
0b001001 0b001401 10003 100 2551 2009430647 8818 8535 1564
0b001e01 0b001501 10005 100 27014 2009434761 11670 10588 1565
0b001801 0b001a01 10002 100 4403419 2007655259 1800992 373344 1232
0b001601 0b001401 10001 100 13936 2009454717 6066 5328 1569
0b001101 0b001f01 10004 100 79772 2009252920 231825 15008 1532
0b001201 0b001e01 10002 100 754242 2009280528 207662 71558 1537
0b001d01 0b001a01 10002 100 123922 2009471323 28416 18709 1573
0b001401 0b001f01 10003 100 32204 2009293416 206578 11023 1539
0b001e01 0b001c01 10007 100 190121 2009497833 22658 20103 1576
0b001a01 0b001e01 10003 100 1442193 2009240179 295411 129236 1526
0b001c01 0b001f01 10003 100 796448 2008065411 1470179 70936 1307
0b001d01 0b001401 10000 100 62035 2009511362 30051 13524 1581
0b001f01 0b001401 10004 100 312149 2009392191 152886 34493 1553
0b001901 0b001501 10003 100 73055 2009526489 25026 14448 1583
0b001c01 0b001301 10004 100 1929504 2007964800 1615878 170091 1294
0b001601 0b001b01 10003 100 3581870 2007351594 2255589 308624 1177
0b001f01 0b001e01 10002 100 1648056 2005392296 4229378 142336 856
0b001a01 0b001d01 10000 100 19379 2009643231 11576 9947 1600
0b001e01 0b001d01 10002 100 576758 2009574610 85767 52516 1591
0b001d01 0b001601 10005 100 315440 2008458028 1206638 34768 1378
0b001e01 0b001801 10007 100 24949 2009643420 27038 10411 1601
0b001301 0b001d01 10005 100 17810 2009657240 13532 9813 1605
0b001e01 0b001d01 10003 100 74109 2009668508 20350 10376 1609
0b001701 0b001001 10003 100 2232 2009528609 166082 8510 1584
0b001201 0b001d01 10000 100 189308 2009665075 36285 24194 1608
0b001301 0b001b01 10001 100 1262 2009693098 22117 8428 1612
0b001601 0b001201 10004 100 833054 2009498610 231370 78166 1577
0b001b01 0b001501 10004 100 24918 2009708375 26984 10409 1615
0b001a01 0b001001 10003 100 69389 2009577639 160935 14139 1592
0b001f01 0b001401 10005 100 159327 2009713869 32711 21680 1616
0b001c01 0b001001 10003 100 36926 2009604986 145154 11416 1597
0b001501 0b001301 10001 100 181249 2009649892 145698 23518 1602
0b001a01 0b001b01 10001 100 5625 2009790611 5195 4633 1624
0b001e01 0b001101 10001 100 10951 2009698304 104871 9238 1613
0b001d01 0b001a01 10003 100 36977 2009790757 14832 11420 1625
0b001101 0b001b01 10003 100 23375 2009799114 11793 10282 1627
0b001d01 0b001801 10006 100 1334100 2008191200 1631503 120174 1334
0b001101 0b001801 10004 100 4059440 2007489155 2345983 348665 1204
0b001a01 0b001701 10002 100 1288952 2008611232 1238441 116385 1408
0b001e01 0b001301 10000 100 4545 2009812649 67839 8702 1633
0b001e01 0b001501 10006 100 338199 2009815825 72566 36677 1634
0b001c01 0b001801 10003 100 1202001 2008569266 1320354 109099 1401
0b001a01 0b001c01 10003 100 29865 2009861579 28315 10824 1644
0b001d01 0b001601 10006 100 21001 2009804232 101817 10084 1629
0b001701 0b001401 10002 100 46376 2009901138 9553 8050 1651
0b001c01 0b001e01 10003 100 25895 2009764366 150903 6331 1620
0b001701 0b001301 10001 100 1757797 2008432324 1494503 155694 1373
0b001c01 0b001a01 10001 100 3542 2009923146 8661 8618 1655
0b001501 0b001801 10003 100 59734 2009823025 117081 13329 1637
0b001801 0b001401 10002 100 106718 2009905744 38212 17268 1654
0b001501 0b001601 10001 100 562828 2009836458 116233 51348 1640
0b001301 0b001701 10005 100 99500 2009904294 60144 16664 1652
0b001e01 0b001c01 10008 100 3000801 2009606328 368634 255747 1598
0b001101 0b001c01 10001 100 2577 2009976990 8817 8537 1663
0b001201 0b001f01 10002 100 400695 2009863704 132354 41915 1645
0b001501 0b001801 10004 100 30888 2009924342 130447 10910 1656
0b001301 0b001c01 10002 100 33938 2010073589 14821 11165 1670
0b001301 0b001b01 10002 100 60180 2010086067 20744 13368 1672
0b001a01 0b001801 10003 100 49144 2010101478 11746 8283 1676
0b001301 0b001801 10002 100 1891146 2008682804 1437279 166876 1427
0b001e01 0b001001 10004 100 3672 2010084913 50654 8629 1671
0b001c01 0b001301 10005 100 31187 2010125820 13302 10937 1681
0b001f01 0b001901 10004 100 71430 2010127667 73633 14310 1682
0b001001 0b001401 10002 100 1865793 2008930557 1278132 164748 1474
0b001801 0b001501 10003 100 900316 2008786597 1459462 83805 1453
0b001201 0b001701 10004 100 1610117 2008928210 1333446 143315 1473
0b001901 0b001c01 10007 100 3571 2010285312 9211 8621 1703
0b001c01 0b001f01 10005 100 66856 2010299280 15608 9765 1705
0b001201 0b001b01 10004 100 22439 2010272241 46732 10203 1701
0b001e01 0b001301 10001 100 135676 2010262376 98130 19696 1699
0b001601 0b001401 10002 100 35721 2010367785 8362 7155 1717
0b001501 0b001c01 10005 100 30558 2010360146 40494 10883 1715
0b001901 0b001e01 10003 100 714995 2010174458 228377 68265 1688
0b001001 0b001301 10001 100 853650 2010179355 225579 75731 1689
0b001c01 0b001401 10005 100 770287 2010184151 248721 72903 1691
0b001a01 0b001401 10002 100 27355 2010436051 14313 10615 1725
0b001001 0b001201 10008 100 34709 2010399962 64065 7071 1720
0b001f01 0b001901 10005 100 6782 2010454517 31417 8889 1732
0b001d01 0b001301 10005 100 79069 2010456197 51085 14952 1733
0b001d01 0b001701 10004 100 263677 2010297882 220735 30427 1704
0b001001 0b001401 10004 100 463010 2010280241 242163 47142 1702
0b001c01 0b001201 10001 100 3717967 2007188431 3346721 320034 1156
0b001901 0b001b01 10003 100 3132990 2008742794 1823140 266829 1447
0b001401 0b001201 10004 100 1933452 2008490800 2077615 170422 1384
0b001101 0b001a01 10002 100 26703 2010515425 53524 10559 1745
0b001f01 0b001301 10003 100 1009971 2009188136 1383182 92996 1519
0b001101 0b001201 10006 100 1495303 2008951507 1623025 129528 1480
0b001a01 0b001b01 10000 100 1327471 2009284601 1294905 115457 1538
0b001f01 0b001501 10004 100 3299235 2008373934 2214504 284930 1360
0b001301 0b001d01 10006 100 124473 2010441506 152323 18757 1728
0b001501 0b001101 10005 100 3003 2010426734 167886 8575 1723
0b001e01 0b001501 10007 100 21770 2010418061 203453 10146 1722
0b001401 0b001701 10004 100 58843 2010615517 10448 9094 1759
0b001c01 0b001e01 10004 100 1251980 2010494685 133778 109126 1741
0b001901 0b001001 10004 100 1292473 2008497095 2144517 116682 1386
0b001101 0b001b01 10002 100 1010724 2009242593 1405490 93060 1529
0b001e01 0b001201 10004 100 3371 2010553520 119646 8605 1750
0b001701 0b001d01 10001 100 21516 2010652223 56539 10125 1768
0b001a01 0b001301 10001 100 57673 2010710635 17493 13156 1777
0b001a01 0b001f01 10004 100 74252 2010599613 139323 14548 1756
0b001201 0b001b01 10005 100 746401 2010529817 231779 70900 1746
0b001e01 0b001101 10002 100 9337 2010761200 9726 9105 1785
0b001501 0b001701 10003 100 165911 2010745216 39865 18070 1780
0b001901 0b001e01 10004 100 24685 2010773888 12763 10390 1788
0b001b01 0b001001 10004 100 1967241 2008127883 2667524 173256 1324
0b001201 0b001a01 10003 100 29084 2010793259 14090 10761 1791
0b001c01 0b001b01 10000 100 13346 2010748481 62239 9441 1782
0b001e01 0b001b01 10004 100 70901 2010621867 193283 14264 1761
0b001701 0b001a01 10003 100 44084 2010812581 13980 12019 1794
0b001c01 0b001001 10004 100 32624 2010752515 99337 11056 1784
0b001301 0b001c01 10003 100 88890 2010537169 427176 15772 1747
0b001101 0b001401 10005 100 63311 2010950224 17302 13630 1810
0b001801 0b001001 10000 100 28167 2010938047 56888 10684 1808
0b001001 0b001c01 10002 100 63419 2010681132 321735 13639 1773
0b001401 0b001301 10002 100 63902 2010988706 34469 13677 1817
0b001401 0b001c01 10005 100 782532 2010620177 415993 73929 1760
0b001101 0b001601 10004 100 106411 2010910289 127532 17243 1806
0b001e01 0b001c01 10009 100 55997 2010779161 262330 8854 1789
0b001901 0b001b01 10004 100 21637 2011070295 6890 5975 1835
0b001d01 0b001001 10003 100 21302 2011054312 25404 10108 1831
0b001b01 0b001f01 10002 100 588308 2010942881 146089 57646 1809
0b001401 0b001701 10005 100 37719 2011096864 22299 7323 1838
0b001f01 0b001901 10003 100 1098451 2010031302 1090555 100416 1668
0b001601 0b001401 10003 100 959088 2011023092 101707 84573 1824
0b001901 0b001b01 10005 100 296 2011121499 4251 4187 1841
0b001901 0b001f01 10003 100 75069 2011133436 26686 14617 1845
0b001101 0b001201 10007 100 37843 2011183962 8898 7333 1851
0b001401 0b001a01 10001 100 871101 2010907018 287555 81356 1805
0b001c01 0b001b01 10001 100 280108 2011126570 104293 31807 1843
0b001c01 0b001f01 10006 100 527930 2011176317 64274 48421 1850
0b001201 0b001101 10001 100 6214613 2006694763 4553196 525194 1072
0b001601 0b001101 10006 100 1168490 2011095029 154645 106288 1837
0b001501 0b001601 10003 100 77306 2011053781 196948 10644 1830
0b001201 0b001001 10004 100 5444097 2005227152 6028413 460596 829
0b001701 0b001b01 10003 100 4945527 2008093516 3171034 422954 1314
0b001901 0b001601 10002 100 813866 2010968343 297459 76555 1814
0b001a01 0b001601 10003 100 72131 2011064649 209637 14370 1832
0b001a01 0b001601 10004 100 10752 2011083611 192321 9222 1836
0b001801 0b001a01 10003 100 93051 2011233115 43385 11965 1858
0b001901 0b001801 10002 100 44694 2011237641 42563 7908 1860
0b001601 0b001d01 10002 100 1673759 2009835073 1450529 148648 1639
0b001b01 0b001d01 10000 100 6506767 2002594638 8752790 553848 416
0b001201 0b001501 10001 100 99788 2011319493 34829 16687 1873
0b001901 0b001101 10001 100 34115 2011324678 39565 11183 1874
0b001701 0b001301 10002 100 174614 2011303724 60868 22961 1868
0b001c01 0b001701 10004 100 74665 2011333473 33373 14581 1876
0b001201 0b001301 10001 100 6872335 2005354855 6018431 580339 851
0b001601 0b001b01 10006 100 38524 2011359892 16192 11551 1883
0b001e01 0b001b01 10005 100 29256 2011366592 14220 10775 1884
0b001301 0b001601 10005 100 3667 2011406372 9214 8628 1891
0b001401 0b001301 10003 100 80900 2011424096 99375 15103 1898
0b001f01 0b001301 10005 100 144782 2011406738 124637 20459 1892
0b001301 0b001901 10004 100 27370 2011496698 40868 10617 1908
0b001601 0b001301 10002 100 1701605 2010130714 1415272 150984 1684
0b001601 0b001001 10003 100 44033 2011471085 88871 12015 1904
0b001101 0b001b01 10004 100 1038517 2011336889 231253 95391 1879
0b001201 0b001101 10005 100 440113 2011485566 87674 41062 1906
0b001f01 0b001b01 10006 100 2973 2011567102 9241 8569 1914
0b001c01 0b001001 10006 100 87459 2011539838 57260 15654 1911
0b001301 0b001e01 10002 100 120634 2011565646 55685 18435 1913
0b001d01 0b001801 10007 100 8820 2011611402 12352 9060 1919
0b001f01 0b001a01 10002 100 25651 2011612909 15597 10471 1920
0b001501 0b001f01 10002 100 120701 2011572251 68897 18440 1915
0b001901 0b001a01 10002 100 50464 2011625023 23695 8392 1923
0b001e01 0b001301 10002 100 15953 2011643600 10699 9657 1927
0b001e01 0b001501 10004 100 1576463 2009195093 2459213 140492 1520
0b001801 0b001901 10006 100 1262 2011651474 13069 4268 1930
0b001e01 0b001301 10003 100 27275 2011706613 13884 10609 1935
0b001101 0b001c01 10002 100 2209594 2011461435 270200 193573 1903
0b001001 0b001501 10003 100 2047269 2009160673 2578124 179965 1513
0b001901 0b001001 10005 100 34873 2011725965 14873 11244 1938
0b001601 0b001701 10004 100 1129284 2011644031 120073 98841 1928
0b001901 0b001801 10003 100 19708 2011771774 7999 5813 1948
0b001f01 0b001401 10006 100 1292 2011792448 8430 8431 1953
0b001f01 0b001b01 10004 100 3252762 2009232588 2610176 281032 1525
0b001d01 0b001501 10001 100 48119 2011808852 34989 12357 1956
0b001101 0b001f01 10005 100 1210758 2009904842 1963262 109830 1653
0b001c01 0b001b01 10002 100 2193 2011832651 38465 8506 1960
0b001301 0b001501 10000 100 4584390 2007544112 4328246 392677 1214
0b001801 0b001401 10004 100 78947 2011874317 24259 14939 1971
0b001901 0b001701 10005 100 166405 2011877888 38365 22273 1972
0b001e01 0b001a01 10002 100 2923 2011911143 9500 8565 1977
0b001001 0b001301 10002 100 10691 2011921710 12118 5057 1979
0b001701 0b001501 10002 100 1592 2011958610 4479 4295 1982
0b001201 0b001101 10006 100 23959 2011781834 192392 6168 1949
0b001801 0b001c01 10004 100 62308 2011929691 70411 13546 1980
0b001f01 0b001b01 10007 100 155148 2011965481 67345 21330 1983
0b001b01 0b001a01 10001 100 7946 2012033057 5325 4826 1996
0b001a01 0b001301 10002 100 70674 2011975474 70277 14246 1984
0b001601 0b001401 10004 100 676 2012018499 42220 4217 1994
0b001501 0b001701 10005 100 77715 2012034737 46271 10676 1998
0b001901 0b001a01 10003 100 43598 2012069410 11743 7816 2003
0b001001 0b001a01 10003 100 12327 2012079155 12870 9356 2006
0b001d01 0b001401 10001 100 2638582 2011256626 854034 229540 1861
0b001501 0b001a01 10003 100 25713 2012054871 62506 10476 2001
0b001901 0b001e01 10005 100 7660 2012112940 9692 8963 2014
0b001e01 0b001101 10003 100 25866 2012126676 12566 10489 2015
0b001001 0b001301 10003 100 4854 2012149646 5056 4567 2017
0b001701 0b001f01 10002 100 1030822 2010830965 1333434 94744 1798
0b001c01 0b001801 10002 100 1961110 2008079035 4111957 172742 1312
0b001801 0b001901 10007 100 22143 2012174278 42582 6019 2021
0b001b01 0b001a01 10002 100 38356 2012228019 14384 7378 2025
0b001d01 0b001901 10009 100 2338764 2011287303 995866 204402 1865
0b001e01 0b001701 10005 100 5132 2012288284 9144 8753 2032
0b001901 0b001501 10002 100 4436153 2006671192 5626947 380250 1069
0b001601 0b001b01 10001 100 7109457 2006105384 6213467 604378 976
0b001301 0b001401 10005 100 1366 2012184733 164836 8436 2022
0b001701 0b001801 10002 100 1124765 2011237389 1139973 102621 1859
0b001901 0b001701 10006 100 48114 2012371517 14920 12357 2041
0b001f01 0b001601 10002 100 711651 2010821303 1567647 67986 1797
0b001301 0b001001 10002 100 18643 2012392048 7522 5724 2043
0b001b01 0b001f01 10001 100 3294369 2009598748 2802510 284522 1596
0b001d01 0b001101 10003 100 33502 2012394369 18047 11130 2044
0b001901 0b001a01 10004 100 94063 2012396606 18738 12049 2045
0b001d01 0b001901 10008 100 1954022 2009056991 3365210 172148 1499
0b001d01 0b001201 10003 100 162510 2012346727 97277 21946 2039
0b001301 0b001a01 10003 100 4988109 2010331094 2118599 426526 1709
0b001301 0b001801 10004 100 19564 2012438796 14859 9961 2052
0b001301 0b001601 10006 100 50069 2012306707 164397 12521 2036
0b001b01 0b001301 10003 100 34896 2012466603 20029 11246 2060
0b001201 0b001d01 10001 100 1119583 2012350529 145142 102187 2040
0b001e01 0b001d01 10004 100 53319 2012460326 38172 8632 2058
0b001701 0b001d01 10002 100 19514 2012468079 36565 9957 2061
0b001901 0b001301 10005 100 672 2012499265 8822 8377 2068
0b001201 0b001701 10007 100 42548 2012487095 31973 11888 2063
0b001c01 0b001b01 10003 100 3417 2012510683 9267 8608 2070
0b001201 0b001101 10007 100 818467 2012456160 108327 72782 2056
0b001201 0b001601 10003 100 26663 2012582008 11321 10556 2080
0b001801 0b001401 10003 100 1877167 2011103675 1497439 165704 1839
0b001901 0b001001 10007 100 4540 2012585558 17970 8702 2081
0b001901 0b001e01 10002 100 1408161 2008735370 3869194 126383 1445
0b001c01 0b001f01 10007 100 795016 2012485048 136185 70817 2062
0b001b01 0b001f01 10003 100 1914307 2012305495 319023 168818 2035
0b001501 0b001f01 10003 100 9887 2012568910 57342 9149 2079
0b001301 0b001601 10004 100 3156304 2007935192 4695738 272947 1287
0b001a01 0b001f01 10005 100 28311 2012567908 63640 10696 2077
0b001501 0b001301 10002 100 141729 2012594635 42565 20203 2083
0b001c01 0b001701 10005 100 35318 2012603542 41809 11283 2085
0b001c01 0b001101 10004 100 4017 2012692620 27239 8660 2097
0b001401 0b001601 10002 100 9968555 2005524140 7250136 839925 878
0b001401 0b001001 10003 100 924196 2012487097 303143 85807 2064
0b001401 0b001d01 10003 100 5611049 2004482533 8311268 478754 708
0b001701 0b001001 10006 100 28938 2012707672 87874 10746 2101
0b001701 0b001901 10006 100 76105 2012734444 98778 14704 2106
0b001601 0b001b01 10007 100 1042200 2012718754 115032 95701 2103
0b001b01 0b001101 10005 100 1954612 2011419864 1424654 172196 1896
0b001c01 0b001701 10006 100 340486 2012693212 151520 36868 2099
0b001301 0b001901 10005 100 5278 2012396674 455951 8765 2046
0b001b01 0b001901 10002 100 31008 2012837497 16084 6763 2122
0b001101 0b001f01 10006 100 8344 2012846593 9549 9022 2126
0b001101 0b001c01 10003 100 1298840 2012691224 167386 117215 2096
0b001101 0b001801 10005 100 2419583 2011052531 1813181 211179 1829
0b001401 0b001a01 10002 100 43107 2012858948 13299 11937 2129
0b001c01 0b001401 10006 100 1151247 2011929725 968867 104843 1981
0b001b01 0b001101 10004 100 1394550 2010466860 2438771 125240 1737
0b001301 0b001a01 10004 100 1812139 2012492686 431465 160253 2067
0b001001 0b001b01 10000 100 40700 2012919747 12434 11733 2140
0b001f01 0b001e01 10006 100 147284 2012686475 247010 16511 2094
0b001301 0b001501 10001 100 170724 2012922308 33516 22634 2141
0b001f01 0b001401 10007 100 1497 2012949073 9119 8447 2145
0b001301 0b001e01 10003 100 161708 2012756674 222399 21878 2112
0b001701 0b001501 10003 100 70229 2012964324 15990 10050 2150
0b001001 0b001801 10001 100 1077984 2012641389 364877 98698 2091
0b001501 0b001e01 10004 100 1461000 2012617822 393010 130810 2089
0b001a01 0b001f01 10006 100 24151 2012962304 52066 10348 2149
0b001501 0b001101 10006 100 366119 2012867099 157785 39018 2132
0b001601 0b001901 10003 100 44565 2012981953 77699 12058 2152
0b001501 0b001801 10006 100 8389 2012997824 87273 9025 2156
0b001501 0b001a01 10004 100 29276 2013086013 18794 10777 2166
0b001501 0b001401 10004 100 1371012 2012862011 243160 119109 2131
0b001f01 0b001d01 10004 100 1267002 2011384355 1721300 110389 1888
0b001401 0b001a01 10003 100 20805 2013045378 61896 10065 2161
0b001f01 0b001301 10004 100 3570786 2009786859 3361508 307695 1623
0b001801 0b001b01 10009 100 12672 2013190982 5326 5223 2184
0b001f01 0b001701 10003 100 296086 2013105298 92555 33147 2170
0b001301 0b001f01 10006 100 22399 2013137650 65345 10200 2173
0b001201 0b001f01 10003 100 2530 2013145150 67578 8533 2174
0b001501 0b001f01 10001 100 1923954 2009136170 4078191 169624 1509
0b001a01 0b001e01 10005 100 46341 2013137568 78261 12207 2172
0b001a01 0b001501 10007 100 1693100 2011859505 1359663 150272 1968
0b001401 0b001101 10005 100 10733 2013101035 153042 9220 2169
0b001301 0b001f01 10005 100 1404801 2010407471 2893284 126099 1721
0b001301 0b001401 10006 100 14740 2013288810 17574 9556 2193
0b001901 0b001501 10004 100 29911 2013299281 25017 10828 2197
0b001e01 0b001601 10004 100 46640 2013296758 31643 12231 2196
0b001101 0b001301 10006 100 24041 2013322646 23967 6179 2204
0b001201 0b001b01 10007 100 39032 2013355085 13171 11596 2211
0b001901 0b001c01 10006 100 3044304 2007606695 5773985 263557 1224
0b001a01 0b001401 10003 100 5122 2013376393 9254 8752 2214
0b001101 0b001201 10008 100 20676 2013400637 7595 5894 2220
0b001a01 0b001901 10003 100 3083 2013423770 4976 4422 2222
0b001e01 0b001401 10002 100 21859 2013425562 17250 10153 2223
0b001001 0b001901 10006 100 448260 2013346041 105957 45904 2208
0b001b01 0b001201 10003 100 248595 2013331441 129293 29163 2205
0b001401 0b001901 10006 100 566275 2013212108 271683 55799 2186
0b001a01 0b001801 10001 100 18577508 2006464867 7024094 1561700 1028
0b001701 0b001f01 10003 100 70395 2013437999 71139 14224 2224
0b001901 0b001201 10006 100 791 2013451818 59903 8387 2227
0b001e01 0b001d01 10005 100 179470 2013503910 43101 19208 2234
0b001601 0b001701 10005 100 992773 2013366153 182016 87394 2212
0b001e01 0b001f01 10006 100 4196616 2007156367 6400499 356005 1152
0b001501 0b001701 10006 100 15826 2013553496 17609 5487 2243
0b001101 0b001601 10003 100 2194034 2008513869 5068598 192271 1388
0b001a01 0b001201 10005 100 1931208 2012298744 1300570 170235 2034
0b001d01 0b001901 10005 100 8029139 2005789864 7818097 681486 930
0b001001 0b001701 10001 100 45671 2013577213 36712 12150 2245
0b001601 0b001501 10002 100 6574 2013610628 5218 4712 2252
0b001b01 0b001a01 10003 100 65410 2013603269 15795 9646 2250
0b001c01 0b001001 10005 100 2209853 2011435831 2187534 193594 1900
0b001101 0b001501 10003 100 3983 2013622268 8936 8654 2255
0b001901 0b001a01 10005 100 1632918 2013395673 260626 141064 2219
0b001701 0b001c01 10001 100 720512 2013354651 320285 68729 2210
0b001301 0b001c01 10004 100 58431 2013413052 267246 13221 2221
0b001801 0b001701 10003 100 365 2013688691 8250 8353 2266
0b001f01 0b001001 10004 100 1249 2013348960 351004 8427 2209
0b001001 0b001f01 10000 100 3370775 2006642393 7058818 290926 1062
0b001d01 0b001c01 10007 100 145976 2013506236 201998 16398 2236
0b001601 0b001001 10004 100 62889 2013384240 363621 13593 2217
0b001001 0b001c01 10003 100 411914 2013571096 214868 42855 2244
0b001801 0b001601 10001 100 36727 2013763437 24108 11400 2278
0b001901 0b001101 10002 100 1768458 2013283078 511083 156589 2191
0b001b01 0b001501 10003 100 7350386 2008664029 5140694 624578 1419
0b001501 0b001601 10004 100 189774 2013741641 78224 20071 2273
0b001401 0b001c01 10006 100 3664 2013816936 9922 8628 2286
0b001901 0b001a01 10006 100 4142 2013836828 6327 4510 2290
0b001f01 0b001101 10004 100 288790 2013807154 77762 32532 2283
0b001001 0b001c01 10004 100 537337 2013631230 293480 53372 2257
0b001301 0b001001 10003 100 18850 2013845469 92344 5740 2292
0b001301 0b001a01 10005 100 47585 2013922387 32053 12311 2300
0b001701 0b001001 10005 100 1835812 2012529287 1456836 162235 2073
0b001401 0b001c01 10007 100 25176 2013981986 17062 10433 2305
0b001201 0b001901 10001 100 2664670 2012077232 1924371 231727 2004
0b001401 0b001001 10004 100 55468 2013934694 69036 12972 2302
0b001601 0b001301 10005 100 21981 2014030308 14754 10162 2310
0b001f01 0b001101 10005 100 41536 2014039630 16921 11804 2313
0b001f01 0b001801 10002 100 77734 2014066810 28435 14838 2318
0b001d01 0b001c01 10008 100 652088 2013984220 120971 58834 2306
0b001c01 0b001f01 10008 100 6629 2014051380 59203 4717 2314
0b001301 0b001d01 10007 100 1164245 2011381543 2742874 105933 1887
0b001701 0b001901 10008 100 4351 2013905573 221609 8687 2296
0b001901 0b001d01 10001 100 1530805 2011622427 2507529 136663 1922
0b001501 0b001801 10005 100 1243643 2012948444 1183724 112588 2144
0b001001 0b001401 10005 100 4629293 2011842789 2293002 396442 1962
0b001801 0b001001 10001 100 573673 2014058852 89685 56418 2316
0b001d01 0b001c01 10009 100 62131 2014142128 12079 9372 2332
0b001b01 0b001001 10006 100 51085 2014140751 17251 12606 2331
0b001101 0b001001 10008 100 79136 2014157378 11623 10798 2334
0b001701 0b001801 10003 100 583069 2014112730 72884 57208 2326
0b001401 0b001e01 10003 100 4562851 2007049976 7164566 390870 1141
0b001101 0b001b01 10005 100 48493 2014091446 123600 12387 2322
0b001201 0b001c01 10003 100 48979 2014191199 28071 12426 2338
0b001301 0b001c01 10005 100 866196 2013985932 266900 80944 2307
0b001001 0b001501 10004 100 48952 2014250321 14324 12424 2348
0b001601 0b001901 10004 100 1165951 2013913392 374949 106073 2298
0b001201 0b001901 10002 100 143176 2014105725 189318 20327 2325
0b001001 0b001d01 10002 100 1734773 2011991472 2309146 153764 1986
0b001401 0b001a01 10004 100 105087 2014254821 55224 17134 2349
0b001c01 0b001701 10007 100 13337 2014123786 196560 9440 2328
0b001501 0b001601 10002 100 5389296 2010692893 3637200 456001 1776
0b001b01 0b001901 10003 100 119612 2014239986 104580 14189 2346
0b001201 0b001e01 10004 100 399550 2014179872 172630 41820 2336
0b001001 0b001301 10004 100 4446 2014347804 5117 4534 2364
0b001701 0b001301 10003 100 78925 2014292183 74039 14937 2354
0b001e01 0b001601 10003 100 8060658 2006628174 7752699 684126 1059
0b001601 0b001d01 10003 100 182509 2014348079 82764 23623 2365
0b001001 0b001a01 10004 100 1110 2014432679 8494 8416 2371
0b001701 0b001001 10007 100 43552 2014451155 15366 11973 2373
0b001201 0b001d01 10002 100 13734 2014430138 42863 9472 2370
0b001d01 0b001601 10007 100 641168 2014339156 134976 62078 2362
0b001701 0b001b01 10004 100 801528 2014352242 132317 75521 2367
0b001d01 0b001301 10002 100 6818484 2005285940 9198632 579983 837
0b001d01 0b001101 10004 100 21057 2014399560 91820 10089 2369
0b001a01 0b001901 10004 100 55556 2014507458 9283 8819 2380
Average intra_dc ratio: 5.186033630833417
